tissue,table,gene,genename,y0,A,x0,w,sumsquarevalue,rti_sigma_dist,rti,lti_sigma_dist,lti,min,max,mean,std,skew,kurt,left,right,maxheight,rightheight,leftheight,n_obs,fit_success
adipose_subcutaneous,excluded_at_or_below_-1,ENSG00000295295.1,ENSG00000295295,1.3291937555081381,41.10768425005111,-0.913275451122573,0.198114005580777,965.5635171286469,5.531134271603977,0.0,0.5134797644080454,0.8764899141838536,-0.9852076794777088,-0.1384312584860675,-0.8192074275077182,0.13151740709640647,1.496965447088387,2.993254802352647,-0.9852076794777088,-0.1384312584860675,41.10764675899975,0.0,36.03043778009586,528,True
adipose_subcutaneous,raw,ENSG00000295295.1,ENSG00000295295,10.822482520075589,939494344992.3557,-2.088443290282348,0.23198321810673173,8571.126802791114,11.887642065936971,0.0,-6.635356107022749,1.0,-1.0,-0.1384312584860675,-0.8663046522746152,0.13816701257225955,1.4321866547556443,2.6431317648521375,-1.0,-0.1384312584860675,258.43192243479956,0.0,258.4319224347977,714,True
adipose_visceral_omentum,excluded_at_or_below_-1,ENSG00000295295.1,ENSG00000295295,1.0285388970647051,206.57186111810876,-1.3633229873981405,0.42995849082310733,740.42469028003,6.192199479854077,0.0,-1.2713927501775075,1.0,-0.976785817444494,0.5192701470971308,-0.791994674951416,0.2039328058834545,2.665364236010995,10.176584372414077,-0.976785817444494,0.5192701470971308,92.05889860202556,0.0,92.05889860202556,469,True
adipose_visceral_omentum,raw,ENSG00000295295.1,ENSG00000295295,1.3974328361987913,1905392923989.9114,-7.2144323140757765,1.2892139774015061,509.01505937847327,8.483546641336726,0.0,-6.816971127422493,1.0,-1.0,0.5192701470971308,-0.833808351877707,0.20043711634476236,2.6517322148963145,10.457090984871355,-1.0,0.5192701470971308,154.49454424723436,0.0,154.4945442472344,587,True
adrenal_gland,excluded_at_or_below_-1,ENSG00000295295.1,ENSG00000295295,0.06120983773644722,98.17354984461029,-1.0832727638369946,0.13911772938354564,2.7301377068526573,23.48398303018174,0.0,-1.0047404580206374,1.0,-0.9844353499848292,1.226872240400136,-0.8947359196548633,0.26287497989117975,7.678941004175483,59.39701763607606,-0.9844353499848292,1.226872240400136,59.262998222406964,0.0,59.26299822240696,70,True
adrenal_gland,raw,ENSG00000295295.1,ENSG00000295295,0.21681349076614378,113966447037.05531,-1.9966583729186411,0.2295719781207429,27.141378633049197,19.85765313954217,0.0,-6.139633415071794,1.0,-1.0,1.226872240400136,-0.9750220826299676,0.13501967652452357,14.862305987431403,238.55264607221235,-1.0,1.226872240400136,743.687323250953,0.0,743.6873232509582,295,True
artery_aorta,excluded_at_or_below_-1,ENSG00000295295.1,ENSG00000295295,0.557541968087818,29.539263175073664,-0.8873516533060767,0.4160497339051057,156.5697409926957,4.383813003311468,0.0,0.26833305425593845,0.964642544619274,-0.9662929806921556,0.4023292563133609,-0.6787914528606813,0.22504330378191398,1.3145970759909837,2.3145825771408415,-0.9662929806921556,0.4023292563133609,29.537099831855883,0.0,28.49274314247499,408,True
artery_aorta,raw,ENSG00000295295.1,ENSG00000295295,-2.01859580126681,143107.15761887748,-7.4191420683613005,2.279627935296577,865.5267632615514,4.852208842417133,0.0,-3.982245361761277,1.0,-1.0,0.4023292563133609,-0.7223451541677075,0.2363925352389908,1.1982550414271265,1.913689328020375,-1.0,0.4023292563133609,50.42786808316019,0.0,50.427868083160334,472,True
artery_coronary,excluded_at_or_below_-1,ENSG00000295295.1,ENSG00000295295,0.7357999801040792,15.423473657141669,-0.9670906367349502,0.17113331127342993,166.89181893786025,5.443179892571729,0.0,0.04056634982396498,0.9991853068146848,-0.9719995514536028,-0.3084140240530223,-0.83753384756862,0.12679306426319492,1.8168160266552047,3.64483709418755,-0.9719995514536028,-0.3084140240530223,15.423347835400751,0.0,15.410782539024503,175,True
artery_coronary,raw,ENSG00000295295.1,ENSG00000295295,4.487179484799916,385.26315112006483,-0.9973615600612639,0.004952670194876113,1289.743589835989,196.7259903949153,0.0,0.7533951177947701,0.7562516146191486,-1.0,-0.3084140240530223,-0.8939120273302555,0.1283754480241365,1.8374159775747751,4.044148274321657,-1.0,-0.3084140240530223,383.56367481628155,0.0,290.07064838906774,268,True
artery_tibial,excluded_at_or_below_-1,ENSG00000295295.1,ENSG00000295295,2.8105828284865573,51.79853528555033,-0.895082828528281,0.5682990489441196,870.6858887457606,5.409756001687904,0.0,0.18221847524930465,0.9835451788934494,-0.968306978642115,1.2788174030747217,-0.5089708011743838,0.39272288780277803,1.3715179718893136,1.7217120793142984,-0.968306978642115,1.2788174030747217,51.79798984693848,0.0,50.94566319032818,644,True
artery_tibial,raw,ENSG00000295295.1,ENSG00000295295,2.354855658874993,61.10504724887353,-1.0527569783704016,0.6873048692756095,536.2172117889506,4.797498547328227,0.0,-0.10855391494589789,1.0,-1.0,1.2788174030747217,-0.5423693139743896,0.39878815667690637,1.345367547654627,1.7036346701652754,-1.0,1.2788174030747217,60.74546225584405,0.0,60.74546225584405,691,True
bladder,excluded_at_or_below_-1,ENSG00000295295.1,ENSG00000295295,0.2643258149106841,4.251656601148391,-0.4050633753216481,1.0282764368532316,68.2261392276622,4.240264341724416,0.0,0.7788241755322378,0.7383571505451942,-0.971347400209374,2.6780380915513624,0.0027990267263047603,0.6945282190195823,1.132019554718765,1.5811023650473635,-0.971347400209374,2.6780380915513624,4.251126190669657,0.0,3.138849420750894,77,True
bladder,raw,ENSG00000295295.1,ENSG00000295295,0.2643258149106841,4.251656601148391,-0.4050633753216481,1.0282764368532316,68.2261392276622,4.240264341724416,0.0,0.7788241755322378,0.7383571505451942,-0.971347400209374,2.6780380915513624,0.0027990267263047603,0.6945282190195823,1.132019554718765,1.5811023650473635,-0.971347400209374,2.6780380915513624,4.251126190669657,0.0,3.138849420750894,77,True
brain_amygdala,excluded_at_or_below_-1,ENSG00000295295.1,ENSG00000295295,0.43204586778979065,7.253549357038848,0.565360258779114,0.8684472490432154,163.97220177949734,2.4787427527873205,0.0,1.760770025316277,0.1739487062426852,-0.5159020946364019,2.0875188506764566,0.619341197231517,0.5757141086375599,0.22750960072502593,-0.4523008330078353,-0.5159020946364019,2.0875188506764566,6.917522928747035,0.0,1.2032941638596575,181,True
brain_amygdala,raw,ENSG00000295295.1,ENSG00000295295,0.43204586778979065,7.253549357038848,0.565360258779114,0.8684472490432154,163.97220177949734,2.4787427527873205,0.0,1.760770025316277,0.1739487062426852,-0.5159020946364019,2.0875188506764566,0.619341197231517,0.5757141086375599,0.22750960072502593,-0.4523008330078353,-0.5159020946364019,2.0875188506764566,6.917522928747035,0.0,1.2032941638596575,181,True
brain_anterior_cingulate_cortex_ba24,excluded_at_or_below_-1,ENSG00000295295.1,ENSG00000295295,2.81007091114668,8.584737346407708,1.275546125384944,0.6188029686137152,252.20077911937403,2.963621364110903,0.012211433226974348,4.162953134777359,0.0,-0.5459947129572591,2.572307623614049,1.025594807410265,0.6834771708600992,-0.38472346080252334,-0.6786348922397818,-0.5459947129572591,2.572307623614049,8.58325071266885,0.10481379294813564,0.0,233,True
brain_anterior_cingulate_cortex_ba24,raw,ENSG00000295295.1,ENSG00000295295,2.81007091114668,8.584737346407708,1.275546125384944,0.6188029686137152,252.20077911937403,2.963621364110903,0.012211433226974348,4.162953134777359,0.0,-0.5459947129572591,2.572307623614049,1.025594807410265,0.6834771708600992,-0.38472346080252334,-0.6786348922397818,-0.5459947129572591,2.572307623614049,8.58325071266885,0.10481379294813564,0.0,233,True
brain_caudate_basal_ganglia,excluded_at_or_below_-1,ENSG00000295295.1,ENSG00000295295,0.445044434992346,28.364022567836756,-0.3927528837108425,0.3885675469250857,160.53203773624307,7.775365592400702,0.0,2.1426373901701012,0.10071857858744886,-0.9814612491229964,1.7435968268767827,-0.3400608450699379,0.33560901134072774,1.5668050219009937,5.829534173457381,-0.9814612491229964,1.7435968268767827,28.36338463929169,0.0,2.8567197847985404,300,True
brain_caudate_basal_ganglia,raw,ENSG00000295295.1,ENSG00000295295,0.445044434992346,28.364022567836756,-0.3927528837108425,0.3885675469250857,160.53203773624307,7.775365592400702,0.0,2.1426373901701012,0.10071857858744886,-0.9814612491229964,1.7435968268767827,-0.3400608450699379,0.33560901134072774,1.5668050219009937,5.829534173457381,-0.9814612491229964,1.7435968268767827,28.36338463929169,0.0,2.8567197847985404,300,True
brain_cerebellar_hemisphere,excluded_at_or_below_-1,ENSG00000295295.1,ENSG00000295295,0.18987359430334225,24.457148727527244,-0.8101092741189753,0.28806529928166374,52.07967644733633,6.679885988921168,0.0,0.7822140155666798,0.7364411396679437,-0.9694407361355174,0.5505362519619847,-0.7212437742520319,0.18034666095096794,1.8793295275195634,8.778746645708353,-0.9694407361355174,0.5505362519619847,24.45706513082309,0.0,18.01118891787648,265,True
brain_cerebellar_hemisphere,raw,ENSG00000295295.1,ENSG00000295295,0.2084968387034526,25.00084101867343,-0.8029832899604141,0.27943794026882585,67.83496618324256,6.850056550238681,0.0,0.9970861619008049,0.6082986310427076,-1.0,0.5505362519619847,-0.7333198562338933,0.18531840389539672,1.7045306651122822,7.746613474732209,-1.0,0.5505362519619847,25.000814540014623,0.0,15.207961259643517,277,True
brain_cerebellum,excluded_at_or_below_-1,ENSG00000295295.1,ENSG00000295295,0.204152753733289,15.604604137392236,-0.7870519047099502,0.2089651608061069,227.10594323021127,4.695519934965338,0.0,1.194001493155853,0.49025603748652485,-0.963478379931534,-0.0932386756585843,-0.7462187203215199,0.13527644659476606,0.9545824081559962,1.8181857408757747,-0.963478379931534,-0.0932386756585843,15.60420551941112,0.0,7.650055966071856,243,True
brain_cerebellum,raw,ENSG00000295295.1,ENSG00000295295,-0.04631398439777989,15.948967692086855,-0.8103209740410703,0.25027249058751166,470.13742114267905,4.052013504678748,0.0,1.0718183623742707,0.5629270539222173,-1.0,-0.0932386756585843,-0.7681622144290577,0.14770906619382382,0.6782949572047159,1.123836277081618,-1.0,-0.0932386756585843,15.944575539202042,0.0,8.975632934323256,266,True
brain_cortex,excluded_at_or_below_-1,ENSG00000295295.1,ENSG00000295295,1.7132072481219773,13.47566381053833,1.0975733135550927,0.580570372567505,154.44889344471133,2.1251822723349183,0.10449732539082847,4.469240567163055,0.0,-0.7371627759628574,1.9700142916722556,0.9521058782299776,0.5309963625213925,-0.6390030264353086,0.1426979727545934,-0.7371627759628574,1.9700142916722556,13.475042770531,1.4081059290475086,0.0,270,True
brain_cortex,raw,ENSG00000295295.1,ENSG00000295295,1.7132072481219773,13.47566381053833,1.0975733135550927,0.580570372567505,154.44889344471133,2.1251822723349183,0.10449732539082847,4.469240567163055,0.0,-0.7371627759628574,1.9700142916722556,0.9521058782299776,0.5309963625213925,-0.6390030264353086,0.1426979727545934,-0.7371627759628574,1.9700142916722556,13.475042770531,1.4081059290475086,0.0,270,True
brain_frontal_cortex_ba9,excluded_at_or_below_-1,ENSG00000295295.1,ENSG00000295295,2.6390331231308704,15.361631809047372,1.4362416929650035,0.4805124531780614,292.83536716422196,3.1083552282598577,0.00797910614577246,6.306931454727837,0.0,-0.7066872012055334,2.4923787827364263,1.1862487400963027,0.5984953129740582,-0.6672859744148779,0.042993096589020396,-0.7066872012055334,2.4923787827364263,15.36151635670725,0.12257116957018699,0.0,269,True
brain_frontal_cortex_ba9,raw,ENSG00000295295.1,ENSG00000295295,2.6390331231308704,15.361631809047372,1.4362416929650035,0.4805124531780614,292.83536716422196,3.1083552282598577,0.00797910614577246,6.306931454727837,0.0,-0.7066872012055334,2.4923787827364263,1.1862487400963027,0.5984953129740582,-0.6672859744148779,0.042993096589020396,-0.7066872012055334,2.4923787827364263,15.36151635670725,0.12257116957018699,0.0,269,True
brain_hippocampus,excluded_at_or_below_-1,ENSG00000295295.1,ENSG00000295295,0.6088834723115373,10.929593071148807,0.12506825860505705,0.827837069141025,209.99035546030387,2.734124416701283,0.0,1.849884126839277,0.16069648000948897,-0.9577969426332829,1.7255404956205411,0.23035333682341463,0.5602746299562661,0.3775790482450593,-0.5165434120634376,-0.9577969426332829,1.7255404956205411,10.669353519095948,0.0,1.714527554495573,255,True
brain_hippocampus,raw,ENSG00000295295.1,ENSG00000295295,0.6088834723115373,10.929593071148807,0.12506825860505705,0.827837069141025,209.99035546030387,2.734124416701283,0.0,1.849884126839277,0.16069648000948897,-0.9577969426332829,1.7255404956205411,0.23035333682341463,0.5602746299562661,0.3775790482450593,-0.5165434120634376,-0.9577969426332829,1.7255404956205411,10.669353519095948,0.0,1.714527554495573,255,True
brain_hypothalamus,excluded_at_or_below_-1,ENSG00000295295.1,ENSG00000295295,1.2738576559238335,11.876640706557655,0.5181205483850806,0.8526356797410083,264.13684492160314,3.6327465550846245,0.0,2.0213622057210197,0.12845798770653782,-0.700567763008046,2.708319688551601,0.6377607420894784,0.6880253511490169,0.4484072384728994,-0.05665418270418909,-0.700567763008046,2.708319688551601,11.860447578727996,0.0,1.5235692292622773,257,True
brain_hypothalamus,raw,ENSG00000295295.1,ENSG00000295295,1.2738576559238335,11.876640706557655,0.5181205483850806,0.8526356797410083,264.13684492160314,3.6327465550846245,0.0,2.0213622057210197,0.12845798770653782,-0.700567763008046,2.708319688551601,0.6377607420894784,0.6880253511490169,0.4484072384728994,-0.05665418270418909,-0.700567763008046,2.708319688551601,11.860447578727996,0.0,1.5235692292622773,257,True
brain_nucleus_accumbens_basal_ganglia,excluded_at_or_below_-1,ENSG00000295295.1,ENSG00000295295,0.6808724376233741,14.424201305363075,0.012408941668829793,0.5209899137324973,274.81664576560763,3.0938176742389425,0.0,2.474133208722008,0.03883360248193713,-0.8990506011259695,1.1521574535563062,-0.005323617161709505,0.3850064953403303,-0.029533981318630043,-0.22936665690989688,-0.8990506011259695,1.1521574535563062,14.303785178120163,0.0,0.5554675075941428,285,True
brain_nucleus_accumbens_basal_ganglia,raw,ENSG00000295295.1,ENSG00000295295,0.6808724376233741,14.424201305363075,0.012408941668829793,0.5209899137324973,274.81664576560763,3.0938176742389425,0.0,2.474133208722008,0.03883360248193713,-0.8990506011259695,1.1521574535563062,-0.005323617161709505,0.3850064953403303,-0.029533981318630043,-0.22936665690989688,-0.8990506011259695,1.1521574535563062,14.303785178120163,0.0,0.5554675075941428,285,True
brain_putamen_basal_ganglia,excluded_at_or_below_-1,ENSG00000295295.1,ENSG00000295295,1.0171168765024934,19.438353900974384,-0.5496744020766207,0.3201696796795342,204.6979505610413,7.078995586355745,0.0,1.6438519879322662,0.2589492337712632,-0.921832878292668,1.0529687981011024,-0.44179817318455356,0.31595924839571854,1.459006083778098,3.046403098577664,-0.921832878292668,1.0529687981011024,19.438326025127886,0.0,5.0335396300028705,253,True
brain_putamen_basal_ganglia,raw,ENSG00000295295.1,ENSG00000295295,1.0136820788031775,20.355039148716063,-0.546056106463679,0.30947070826217793,192.04323092602718,7.307194659250505,0.0,2.074424472676249,0.116298654583248,-1.0,1.0529687981011024,-0.443995818172016,0.3172733681517486,1.4344985408924131,3.0008066692360362,-1.0,1.0529687981011024,20.35453723190644,0.0,2.3672052947353484,254,True
brain_spinal_cord_cervical_c-1,excluded_at_or_below_-1,ENSG00000295295.1,ENSG00000295295,0.4687754180090379,10.855644490493411,-0.5281512155723241,0.5687840730710751,125.70428109075281,4.09094332501173,0.0,1.0984886562499694,0.5468780399521769,-0.9699535492140626,1.117189678485111,-0.37441198746824667,0.3934873723896251,1.0827397471814442,1.5598466192528004,-0.9699535492140626,1.117189678485111,10.853106703856309,0.0,5.9353257215967705,200,True
brain_spinal_cord_cervical_c-1,raw,ENSG00000295295.1,ENSG00000295295,0.4353724945960001,10.871369299412125,-0.5389968061496319,0.5929698349940454,165.64496778748696,3.949950318152345,0.0,1.099477461694237,0.5462061379631559,-1.0,1.117189678485111,-0.38667841908651635,0.39917634811256514,1.0330289529018686,1.4612025605306007,-1.0,1.117189678485111,10.86684883797452,0.0,5.935539535619469,204,True
brain_substantia_nigra,excluded_at_or_below_-1,ENSG00000295295.1,ENSG00000295295,-0.1378700773737639,10.16926461513631,0.13319398018535986,1.1636787277663714,169.81232687112853,3.6106737169382424,0.0,1.3064335725028282,0.42512271289803616,-0.941798508933686,3.104219226369284,0.28786859082050226,0.6971434081455297,0.7430758361164567,0.9361926914702638,-0.941798508933686,3.104219226369284,10.154248095493687,0.0,4.316801497795993,182,True
brain_substantia_nigra,raw,ENSG00000295295.1,ENSG00000295295,-0.06741171870372854,10.313342284389675,0.14137921310717397,1.1283399185266274,163.22732651484338,3.713498442356204,0.0,1.4305564630688943,0.3587792739402614,-1.0,3.104219226369284,0.2808310575373301,0.7017135960264675,0.7207470187155992,0.9045313995784996,-1.0,3.104219226369284,10.302830247002076,0.0,3.696441955549169,183,True
breast_mammary_tissue,excluded_at_or_below_-1,ENSG00000295295.1,ENSG00000295295,0.7547801370230424,131.61428514140138,-1.7451935226953026,0.8231531391575889,539.0712450677171,4.40089426533058,0.0,-1.3167023780011566,1.0,-0.9787974672302542,0.8163785241238808,-0.6688836237661222,0.2892220812872142,1.5387220972307452,2.574724723435879,-0.9787974672302542,0.8163785241238808,55.305634640900934,0.0,55.305634640900934,432,True
breast_mammary_tissue,raw,ENSG00000295295.1,ENSG00000295295,2.191559224898367,6035884097513.093,-11.135454908054795,2.033033483285493,1047.4502465090115,8.313903865319517,0.0,-7.050399272631756,1.0,-1.0,0.8163785241238808,-0.7217076370952623,0.29156084536335525,1.5773412070882538,2.7456950111148,-1.0,0.8163785241238808,96.99094374461292,0.0,96.99094374461222,514,True
cells_cultured_fibroblasts,excluded_at_or_below_-1,ENSG00000295295.1,ENSG00000295295,-3.5191520648405663,32.182539703591154,-0.011161043963293498,1.083201775085909,492.3210525486794,2.412821504094024,0.0,1.2543930815333724,0.42396889347468725,-0.971950028543804,1.8369138195067207,0.06258069662393276,0.5478018332525932,0.2160996482705317,-0.668483259414034,-0.971950028543804,1.8369138195067207,30.43086150156413,0.0,12.901738678299605,640,True
cells_cultured_fibroblasts,raw,ENSG00000295295.1,ENSG00000295295,-3.7351566771839333,32.54325075199382,-0.03155108371085503,1.1191537251281538,528.5804248067893,2.361077256518846,0.0,1.2237761096893134,0.43833928260422056,-1.0,1.8369138195067207,0.04302399668606896,0.5612350082923845,0.1767097379810413,-0.668321083426556,-1.0,1.8369138195067207,30.53895059057517,0.0,13.386421693358457,652,True
cells_ebv-transformed_lymphocytes,excluded_at_or_below_-1,ENSG00000295295.1,ENSG00000295295,0.07154769333124758,275846796509.3719,-2.2192113374080034,0.24539367027830025,20.56087241952416,7.686801906884124,0.0,-7.148530296739059,1.0,-0.9788017321792052,-0.885401096281993,-0.9541893971525494,0.022755799510078115,1.299415379442109,1.5206220652677827,-0.9788017321792052,-0.885401096281993,2.167874007059391,0.0,2.167874007059329,25,True
cells_ebv-transformed_lymphocytes,raw,ENSG00000295295.1,ENSG00000295295,0.6409945403588577,335.5103964337613,-0.99876321481758,0.0005972954918201768,38.97435907494158,268.40692368834976,0.0,2.928330119135125,0.014046043702559751,-1.0,-0.885401096281993,-0.9964976603327638,0.013665819830561334,4.595679447608588,23.685237617832826,-1.0,-0.885401096281993,328.16246647050184,0.0,4.609384345584441,327,True
cervix_ectocervix,excluded_at_or_below_-1,ENSG00000295295.1,ENSG00000295295,0.24068674709313126,48.64377548040164,-1.293087067028459,0.19419771549977372,18.58826258885865,5.239697327231683,0.0,-2.6106442018511067,1.0,-0.9345972650133486,-0.5735795768363814,-0.8037103914158668,0.12955282854814393,0.7321436771035135,-1.0867560538634888,-0.9345972650133486,-0.5735795768363814,1.6108456611766961,0.0,1.6108456611766941,18,True
cervix_ectocervix,raw,ENSG00000295295.1,ENSG00000295295,0.46153846153845773,6.922662919253451,-0.9956498165726115,0.002075027963071622,21.692307692307832,287.65754868453195,0.0,2.9648219259255373,0.012355670308341258,-1.0,-0.5735795768363814,-0.8527827935619001,0.1412229425432996,0.8087725106631553,-0.6205637917417524,-1.0,-0.5735795768363814,6.91267146292074,0.0,0.08541068954572806,24,True
cervix_endocervix,excluded_at_or_below_-1,ENSG00000295295.1,ENSG00000295295,0.16054278776538652,0.7933796700607221,-0.9245362624593176,0.20307238739207104,12.174412863461532,4.37888188736642,0.0,0.3170574361220366,0.950981931027158,-0.9700637642502564,-0.2957557001493079,-0.7580129771222531,0.18387568896243425,1.0887154749853412,0.4623132741333258,-0.9700637642502564,-0.2957557001493079,0.7933204663850624,0.0,0.7544334290462321,17,True
cervix_endocervix,raw,ENSG00000295295.1,ENSG00000295295,0.4210528967629176,7.9803261838528305,-0.9864475261140541,0.007937475117107243,15.263160663791302,123.06000753241594,0.0,2.414633380318193,0.05445820035505713,-1.0,-0.2957557001493079,-0.821140026568622,0.19077057362640776,1.187911139864828,0.7843079751748672,-1.0,-0.2957557001493079,7.941275801702362,0.0,0.432467588683875,23,True
colon_sigmoid,excluded_at_or_below_-1,ENSG00000295295.1,ENSG00000295295,0.9277067262887014,33.1377445214084,-0.9460209339424905,0.15349142920496853,406.14600335231887,8.582943554895353,0.0,0.2802781892772888,0.9614838000674317,-0.97644087969309,-0.0144726104942214,-0.8424021459806965,0.1272857915602,2.2781736000226434,7.966740158590257,-0.97644087969309,-0.0144726104942214,33.137732293807574,0.0,31.861392771467358,266,True
colon_sigmoid,raw,ENSG00000295295.1,ENSG00000295295,4.881488465152726,1081404462654.5383,-2.126605156552191,0.23876528865830493,3870.5315648800342,12.510220848891805,0.0,-6.672914227979238,1.0,-1.0,-0.0144726104942214,-0.8999498110521845,0.12666027179269665,2.217655816005199,7.711406863386079,-1.0,-0.0144726104942214,231.68752611791322,0.0,231.6875261179116,419,True
colon_transverse,excluded_at_or_below_-1,ENSG00000295295.1,ENSG00000295295,0.03120567013498015,20.56534486966312,-0.8262660598402279,0.327697383813158,232.65981346778116,2.8533219093062105,0.0,0.6525074551418051,0.804925001948893,-0.9774631574057088,-0.1651027463676809,-0.7269211899522109,0.16619255132850402,0.665803057546772,-0.026777933025039946,-0.9774631574057088,-0.1651027463676809,20.214312997293142,0.0,16.271005928741715,437,True
colon_transverse,raw,ENSG00000295295.1,ENSG00000295295,-5.731489712567189,31.400743474079377,-1.0952645338561406,0.6717152042737738,789.7520364530859,1.9583409854323293,0.0,-0.20056773307396328,1.0,-1.0,-0.1651027463676809,-0.7508654697476329,0.1765529157209699,0.5908077490031153,-0.15729615148200704,-1.0,-0.1651027463676809,26.16060595814726,0.0,26.16060595814726,479,True
esophagus_gastroesophageal_junction,excluded_at_or_below_-1,ENSG00000295295.1,ENSG00000295295,0.5915605337188131,58.063105624676695,-0.9573644560906246,0.17549098499930937,348.02464930410036,12.738453155215463,0.0,0.12774895482017734,0.9918739347345855,-0.9732169344648284,0.6233612214549291,-0.8404475603040497,0.14260636404688393,4.721211656671826,40.278861025767355,-0.9732169344648284,0.6233612214549291,58.06306869451017,0.0,57.591244408788334,273,True
esophagus_gastroesophageal_junction,raw,ENSG00000295295.1,ENSG00000295295,0.7812075157949038,1884519998434.8906,-5.3330918381242505,0.9005157084377433,723.7705922535321,9.354302897291392,0.0,-6.8048976681533695,1.0,-1.0,0.6233612214549291,-0.8919160892382272,0.1390569260749504,4.116883630690118,35.17274427190011,-1.0,0.6233612214549291,165.89882647934687,0.0,165.89882647934684,403,True
esophagus_mucosa,excluded_at_or_below_-1,ENSG00000295295.1,ENSG00000295295,2.695115143772558,38.67397503714957,-0.9258951941600722,0.04581922709677039,623.6776870751448,16.402222662069068,0.0,1.7300870431745952,0.22389237418957877,-0.9819484333861032,-0.3944781684429427,-0.8772860316151763,0.0903927740180339,2.0129250556899545,5.333386223240867,-0.9819484333861032,-0.3944781684429427,38.673558384495394,0.0,8.658714805063964,313,True
esophagus_mucosa,raw,ENSG00000295295.1,ENSG00000295295,7.973661228452678,413.1920902454451,-0.9975912874129294,0.008802716107228952,5384.972698857457,96.89404294113845,0.0,0.3869753343171764,0.9296540250314622,-1.0,-0.3944781684429427,-0.9374438565074107,0.08903998239148692,2.122353781269919,6.060493380078695,-1.0,-0.3944781684429427,412.39450097203934,0.0,383.38420772949763,614,True
esophagus_muscularis,excluded_at_or_below_-1,ENSG00000295295.1,ENSG00000295295,2.231494942410028,22.989704879469205,-0.9254518780673107,0.07065522348779459,555.3240734211007,7.851432992507668,0.0,1.0410420207565323,0.5816522463617423,-0.9774631574057088,-0.5331881015453306,-0.8771558968659076,0.0819950226497899,1.4240043147393198,1.9523240593876228,-0.9774631574057088,-0.5331881015453306,22.98966534148019,0.0,13.371990488976643,310,True
esophagus_muscularis,raw,ENSG00000295295.1,ENSG00000295295,7.948718015633839,451.3790529119111,-0.9957593034421064,0.00202653235489605,3425.897435957014,322.8048472580143,0.0,2.959365820927057,0.012905633661615722,-1.0,-0.5331881015453306,-0.9321182317797349,0.0862980858134404,1.5508938306634574,2.418711483576785,-1.0,-0.5331881015453306,438.550851731847,0.0,5.659776634440762,561,True
fallopian_tube,excluded_at_or_below_-1,ENSG00000295295.1,ENSG00000295295,0.42348372602209644,2.685026362903331,-0.9048447866972947,0.009135356693720266,18.94528521392309,48.17121622946237,0.0,5.026111794710163,3.2715413747205907e-06,-0.9373118236772996,-0.5936744978987425,-0.8165573664240706,0.10283782125296867,0.6490025080159102,-0.7306957538508869,-0.9373118236772996,-0.5936744978987425,2.6832801313313754,0.0,8.778461969616291e-06,22,True
fallopian_tube,raw,ENSG00000295295.1,ENSG00000295295,0.5641025641569071,7.628063134962266,-0.9959826825758881,0.0025755489983661805,35.589743639142746,220.9042388186118,0.0,2.205877189345333,0.08781455003035349,-1.0,-0.5936744978987425,-0.8608366228044673,0.11964044973402764,0.573637310329757,-0.6574649456375377,-1.0,-0.5936744978987425,7.624867546491768,0.0,0.6695743126362212,29,True
heart_atrial_appendage,excluded_at_or_below_-1,ENSG00000295295.1,ENSG00000295295,1.9585651453406718,41.953367686331944,-0.9403650583418841,0.04942825275876829,536.9907877925971,16.69768201167214,0.0,1.3818395907455538,0.38492039292092567,-0.988661806711933,-0.3567634942517144,-0.8995527294399269,0.07872418530767684,2.3812175362844785,9.143831558656894,-0.988661806711933,-0.3567634942517144,41.95246194104972,0.0,16.14835813434904,292,True
heart_atrial_appendage,raw,ENSG00000295295.1,ENSG00000295295,6.308345473372533,251560723592.36014,-1.4576559623966385,0.10123228520889391,5862.596524027409,15.379451880911988,0.0,-6.393447185220457,1.0,-1.0,-0.3567634942517144,-0.9363761323133594,0.07917405619838243,2.226602129283911,8.252728963348186,-1.0,-0.3567634942517144,334.5769131903067,0.0,334.57691319031267,461,True
heart_left_ventricle,excluded_at_or_below_-1,ENSG00000295295.1,ENSG00000295295,1.3700511568969724,24.137440300678854,-0.9570194952668765,0.0452491384406032,289.9295343925281,7.667995680053037,0.0,0.9795976496286832,0.6189049485863272,-0.9883626748569218,-0.7116745153287403,-0.9325160086864863,0.047382062096598676,1.8606220446061752,4.219490590775672,-0.9883626748569218,-0.7116745153287403,24.13738712384648,0.0,14.93874833689248,289,True
heart_left_ventricle,raw,ENSG00000295295.1,ENSG00000295295,7.410256369445644,275.896497096215,-0.996387422408324,1.124287924101591e-05,3519.4358974358975,35813.322009695,,454.4170684174025,,-1.0,-0.7116745153287403,-0.9568520498017579,0.04986011376329576,1.7044816634837645,3.812505395456528,-1.0,-0.7116745153287403,0.0,0.0,0.0,452,True
kidney_cortex,excluded_at_or_below_-1,ENSG00000295295.1,ENSG00000295295,0.26919446342829223,17.270068881346624,-1.133616751191283,0.23581347659937968,47.40198187822452,5.164136361076594,0.0,-0.9051449864274933,1.0,-0.982688071283987,-0.27252124105116,-0.8603161544833234,0.13287053406753893,2.2800386377322313,6.3157063756358855,-0.982688071283987,-0.27252124105116,11.465341702637396,0.0,11.465341702637394,85,True
kidney_cortex,raw,ENSG00000295295.1,ENSG00000295295,0.2544421730614983,1131744666295.6821,-5.722345063877915,0.9473932005623958,103.17116278828155,8.135180575721245,0.0,-7.049242523143847,1.0,-1.0,-0.27252124105116,-0.885835318568101,0.1316798446782511,2.278608880596953,6.640496397026508,-1.0,-0.27252124105116,18.331277364099318,0.0,18.331277364099314,104,True
kidney_medulla,excluded_at_or_below_-1,ENSG00000295295.1,ENSG00000295295,,,,,,,,,,-0.9789908242536548,-0.5178755687776533,,,,,,,,,,11,False
kidney_medulla,raw,ENSG00000295295.1,ENSG00000295295,,,,,,,,,,,,,,,,,,,,,11,False
liver,excluded_at_or_below_-1,ENSG00000295295.1,ENSG00000295295,0.4369459182215721,20.922641954627164,-0.9067814487991868,0.2159346718940347,202.99191515699033,5.937165236621059,0.0,0.5141205580669402,0.8762043549686842,-0.9852819362601284,-0.0002423931284621,-0.8101539047175224,0.1395124184965243,1.779882530997764,5.400007101311338,-0.9852819362601284,-0.0002423931284621,20.922556881647278,0.0,18.332435456779358,244,True
liver,raw,ENSG00000295295.1,ENSG00000295295,0.3870179808088432,22.42547514476165,-0.9308386530863857,0.2341300886733125,196.1269836932884,5.621071001098486,0.0,0.41775457119353554,0.9164482134709308,-1.0,-0.0002423931284621,-0.8231967662254789,0.1429553957236973,1.6532094098690546,4.861663800418237,-1.0,-0.0002423931284621,22.425253735560005,0.0,20.551583722586283,262,True
lung,excluded_at_or_below_-1,ENSG00000295295.1,ENSG00000295295,1.8905219536530127,35.41806479064913,-0.698053875088336,0.45317567298643563,456.67434214398236,4.758783347060436,0.0,0.8530233195564685,0.6950096257600733,-0.971399731186937,0.8268677515166099,-0.527345587025431,0.3169942512397913,1.1002763930711426,1.1514355254036204,-0.971399731186937,0.8268677515166099,35.41763248081191,0.0,24.615595495796903,584,True
lung,raw,ENSG00000295295.1,ENSG00000295295,1.914398997002797,36.23222677287977,-0.7064587004131007,0.45890558216409694,653.5326326298666,4.725266259866529,0.0,0.9046089285616347,0.6642058783733256,-1.0,0.8268677515166099,-0.5429963954020723,0.3229811837271273,1.0472612024850634,1.0655119095649237,-1.0,0.8268677515166099,36.23161526502484,0.0,24.06525184199021,604,True
minor_salivary_gland,excluded_at_or_below_-1,ENSG00000295295.1,ENSG00000295295,0.9967671995391394,10.518506856269466,-0.9131206020852908,0.10492670619482224,113.89895155648945,7.165011191171612,0.0,0.8291387441845581,0.7091174659825338,-0.9746380416860044,-0.381516999813841,-0.8391877744763251,0.11801913122628992,1.5800130181426584,2.5289545866992817,-0.9746380416860044,-0.381516999813841,10.518491701357455,0.0,7.458846181224908,145,True
minor_salivary_gland,raw,ENSG00000295295.1,ENSG00000295295,0.23212878710804236,717038502891.1029,-7.3456598290415025,1.2883158409713786,673.2794779867761,7.6446977722257925,0.0,-6.965774934250769,1.0,-1.0,-0.381516999813841,-0.8711725265141832,0.12363744906902552,1.4530447950981527,2.3423224694845146,-1.0,-0.381516999813841,20.704381567060214,0.0,20.704381567060214,181,True
muscle_skeletal,excluded_at_or_below_-1,ENSG00000295295.1,ENSG00000295295,1.1966902360741314,72.25138882829364,-0.9497584991239222,0.06737007680377455,415.1647944061884,16.234691200946767,0.0,0.7828925585442947,0.7361059911237474,-0.9870538081221808,-0.1763729071642263,-0.9080388729371395,0.0919905186380688,4.211441917535004,23.764680607273256,-0.9870538081221808,-0.1763729071642263,72.24566543223833,0.0,53.18046715739245,382,True
muscle_skeletal,raw,ENSG00000295295.1,ENSG00000295295,6.205052874535381,618680613928.5555,-1.614688148413641,0.1361220990197515,10359.201432652662,14.943091061560136,0.0,-6.3861806596917114,1.0,-1.0,-0.1763729071642263,-0.9570548281931385,0.0778065912054603,4.503371444455892,31.209290787732137,-1.0,-0.1763729071642263,861.9551992848685,0.0,861.9551992848685,818,True
nerve_tibial,excluded_at_or_below_-1,ENSG00000295295.1,ENSG00000295295,1.9607259105673231,39.391602169539546,-0.8053952890313253,0.4026939827012842,492.670270310822,4.625325500059536,0.0,0.5596763032030796,0.8550304415829533,-0.9647617988406272,0.5116552586831922,-0.618282896543776,0.2682209606779477,1.2912425441583382,1.8857340655920813,-0.9647617988406272,0.5116552586831922,39.390537527217255,0.0,33.680108696086464,621,True
nerve_tibial,raw,ENSG00000295295.1,ENSG00000295295,1.4257740283434948,42.510439365556294,-0.875474784241027,0.4774412837160287,473.07597694857645,4.1087735526561175,0.0,0.36885216044391955,0.9342251085447992,-1.0,0.5116552586831922,-0.646199520527888,0.27670351009076255,1.2013825164667657,1.6867888011823942,-1.0,0.5116552586831922,42.501123980181994,0.0,39.705617163661486,670,True
ovary,excluded_at_or_below_-1,ENSG00000295295.1,ENSG00000295295,0.29318636650715435,17.87633415168141,-0.9889942392429464,0.30029573857647446,209.74209207368366,6.039255052591264,0.0,-0.12675253532651629,1.0,-0.962079459732244,0.2933881425427176,-0.7710039554061141,0.18971959204700223,2.7044607882778178,11.035559674105723,-0.962079459732244,0.2933881425427176,17.73330675541454,0.0,17.73330675541454,148,True
ovary,raw,ENSG00000295295.1,ENSG00000295295,0.37768933017265105,4977762666059.341,-9.119977937179485,1.6041133845375057,471.5618063086128,8.29898316780408,0.0,-7.158710248054192,1.0,-1.0,0.2933881425427176,-0.8243968155445849,0.19230790645282875,2.44644203169066,9.889673976565215,-1.0,0.2933881425427176,37.05067744810893,0.0,37.05067744810854,193,True
pancreas,excluded_at_or_below_-1,ENSG00000295295.1,ENSG00000295295,0.9048462834536788,20.98196284515922,-0.9063870895582906,0.1728513333666358,350.45926498704523,4.431644366092481,0.0,0.5913798156289679,0.8395683254363141,-0.9786681031034108,-0.3647322376557065,-0.831719002331144,0.11122088724767375,1.263426261382497,1.9949152734827527,-0.9786681031034108,-0.3647322376557065,20.9806539345877,0.0,17.61469249042061,339,True
pancreas,raw,ENSG00000295295.1,ENSG00000295295,0.8466582831886917,21.433497179606935,-0.9057266041561408,0.1771674627547717,371.09895540647085,4.318409025992269,0.0,0.7525237021534432,0.753388125969052,-1.0,-0.3647322376557065,-0.8424108889233642,0.11520224059683437,1.1451344360707096,1.7268567668748283,-1.0,-0.3647322376557065,21.43157565720255,0.0,16.14629462094378,362,True
pituitary,excluded_at_or_below_-1,ENSG00000295295.1,ENSG00000295295,0.7782365662359708,15.163596265408207,-0.8847556191515212,0.8645523399250173,302.80593670116025,3.034095659079523,0.0,0.14261659440000632,0.9897795132250302,-0.971941539072811,0.9700805749038072,-0.404234315976848,0.42943698244313677,0.9636812672028491,0.507479719752677,-0.971941539072811,0.9700805749038072,15.011608343053647,0.0,14.85818239851244,297,True
pituitary,raw,ENSG00000295295.1,ENSG00000295295,0.1760396986699035,18.915459510029798,-1.1958567433333414,1.1250248717506817,272.0941043868293,2.7226935222635715,0.0,-0.24620190153948907,1.0,-1.0,0.9700805749038072,-0.4346887918374564,0.43844078473839904,0.9391930170168743,0.46973774907858745,-1.0,0.9700805749038072,17.886163001460684,0.0,17.886163001460687,313,True
prostate,excluded_at_or_below_-1,ENSG00000295295.1,ENSG00000295295,1.1192079876426022,33.474149628108506,-0.8767652945317864,0.4471691552031271,169.13933508251444,9.263551794951095,0.0,0.2846552681962065,0.9602978940697462,-0.9667722490612156,2.05233589678875,-0.5367946262478722,0.4412353151394247,2.31258281463018,7.310167704818326,-0.9667722490612156,2.05233589678875,33.47406344824212,0.0,32.145072635303976,260,True
prostate,raw,ENSG00000295295.1,ENSG00000295295,1.2047004227287692,36.25543567344249,-0.9036160479659867,0.44793690569560685,225.5241453118877,9.332446772840834,0.0,0.3043006513382632,0.9547569234082595,-1.0,2.05233589678875,-0.5729312156895278,0.44151309105614045,2.283146148889922,7.279829429352175,-1.0,2.05233589678875,36.25540152663515,0.0,34.615095618501286,282,True
skin_not_sun_exposed_suprapubic,excluded_at_or_below_-1,ENSG00000295295.1,ENSG00000295295,2.3545807903751945,39.38449342807689,-0.9106295812095403,0.15143641089203333,786.9631678488743,7.5475428833933185,0.0,0.6970331395391417,0.784337813176244,-0.9852690838511972,-0.102425759859639,-0.8154957950619208,0.15040747352935321,1.8498630559780516,4.1837718555458885,-0.9852690838511972,-0.102425759859639,39.38401563696257,0.0,30.890372698794224,457,True
skin_not_sun_exposed_suprapubic,raw,ENSG00000295295.1,ENSG00000295295,9.743099943174201,2199997567078.259,-1.8986822633987173,0.18880777010278182,7670.983463421128,13.454373765565766,0.0,-6.731336557127692,1.0,-1.0,-0.102425759859639,-0.8704786149666633,0.15166705784625684,1.8636972905759308,4.423361290504873,-1.0,-0.102425759859639,318.63028445874374,0.0,318.6302844587415,651,True
skin_sun_exposed_lower_leg,excluded_at_or_below_-1,ENSG00000295295.1,ENSG00000295295,2.094924794467308,47.865582353657196,-0.9197015993303101,0.13508906233601373,845.6898025840657,7.210046728154818,0.0,0.5868291778117041,0.8418245571235032,-0.9757569261148816,-0.2309806891228887,-0.8423733995347984,0.11660389127240352,1.9054085792478026,4.922047952907103,-0.9757569261148816,-0.2309806891228887,47.86555406225372,0.0,40.294398849927845,528,True
skin_sun_exposed_lower_leg,raw,ENSG00000295295.1,ENSG00000295295,13.198215581553248,129123233318.58171,-1.2759093565947344,0.06348968891408094,13072.125985592547,23.27546911201497,0.0,-6.1457972271678525,1.0,-1.0,-0.2309806891228887,-0.8896195689050049,0.12139892843594643,1.751297677903875,4.365568480238031,-1.0,-0.2309806891228887,811.2865359493225,0.0,811.2865359493024,754,True
small_intestine_terminal_ileum,excluded_at_or_below_-1,ENSG00000295295.1,ENSG00000295295,0.3480093926604288,7.035670514554782,-0.7811716555479931,0.41514462818856346,226.80133707505712,2.354105843686206,0.0,0.6483984861248562,0.7977533791701813,-0.9715100567641712,-0.0901201614909686,-0.6532073534568591,0.21025841172019386,0.553666547726076,-0.3484949536825295,-0.9715100567641712,-0.0901201614909686,6.595189878204348,0.0,5.261335011606495,186,True
small_intestine_terminal_ileum,raw,ENSG00000295295.1,ENSG00000295295,-26.994779290918387,5287.167207182117,-31.280134415164795,13.602459170763392,369.51509794841513,3.242747551337086,0.0,-3.1481496266827675,1.0,-1.0,-0.0901201614909686,-0.6883892161496415,0.22520693656664587,0.5050282116974499,-0.4472175640591938,-1.0,-0.0901201614909686,9.717084023845771,0.0,9.717084023845771,207,True
spleen,excluded_at_or_below_-1,ENSG00000295295.1,ENSG00000295295,0.9082796919751659,15.76437122691832,-0.9363738350770496,0.11691622727761763,254.95644235924294,8.55671882688293,0.0,0.5406555602122621,0.8640405109347375,-0.9810710505744132,-0.228970575956992,-0.850493983581504,0.12102737835953534,1.9669480259087886,5.070768492644836,-0.9810710505744132,-0.228970575956992,15.764078110505043,0.0,13.620802105015889,159,True
spleen,raw,ENSG00000295295.1,ENSG00000295295,3.933977367853276,60091370605.95398,-1.2378335345806004,0.05523436055837738,1401.200216023663,25.830799238698877,0.0,-6.089459655019078,1.0,-1.0,-0.228970575956992,-0.9141824671099609,0.11777362497506604,2.1283626033414946,6.01781720191388,-1.0,-0.228970575956992,532.9207035115504,0.0,532.9207035115219,277,True
stomach,excluded_at_or_below_-1,ENSG00000295295.1,ENSG00000295295,-22.77412750450637,36.885191845543744,-0.5176357114939514,1.2361844524371168,681.6326504672227,1.0895355037014909,0.0,0.5158136704000823,0.7217317195719457,-0.9685158732095014,0.4347429715346151,-0.4378090205687893,0.3070918041209832,-0.00044563663503582667,-0.8325016059212156,-0.9685158732095014,0.4347429715346151,16.511025145536212,0.0,11.916530570183486,377,True
stomach,raw,ENSG00000295295.1,ENSG00000295295,-17041.048949837845,17056.12110804396,-0.7963355012615853,38.93244599802096,1099.1741233605703,0.04471868715010724,0.0,0.007398073481034954,0.9726176761760713,-1.0,0.4347429715346151,-0.4792481591018023,0.3301055252228908,0.013270291025773628,-0.9620864766837771,-1.0,0.4347429715346151,17.045559498310467,0.0,16.578812468367687,407,True
testis,excluded_at_or_below_-1,ENSG00000295295.1,ENSG00000295295,1.1451579252522373,13.620447779771649,-0.9234637992517959,0.05327798541738973,194.2542380447057,5.596148946891373,0.0,1.6486374437189135,0.2569185531176592,-0.9855732882441284,-0.7126388220922559,-0.9048490803642503,0.05033386688634516,1.1678024747205977,1.4986858220698744,-0.9855732882441284,-0.7126388220922559,13.620350141671882,0.0,3.4993206513542443,225,True
testis,raw,ENSG00000295295.1,ENSG00000295295,5.768537981501831,259.82110724695815,-0.9967821569881461,0.0006331505509910956,1234.9230956413155,634.6663636929213,0.0,7.187417308298487,6.3638941861235204e-12,-1.0,-0.7126388220922559,-0.948287543676223,0.06021502584746883,1.1052829743457595,0.8401310675301441,-1.0,-0.7126388220922559,247.3712931938236,0.0,1.5742447345701294e-09,414,True
thyroid,excluded_at_or_below_-1,ENSG00000295295.1,ENSG00000295295,2.295355379914326,38.890184062182264,-0.918906462082795,0.0920028703406067,956.7566509322298,9.20540162929998,0.0,0.9299420903557609,0.6489523970878452,-0.9794046384824796,-0.3200412022188382,-0.8622512235477412,0.09765805593554004,1.745400322394524,4.351113297188285,-0.9794046384824796,-0.3200412022188382,38.89017501450711,0.0,25.23787229883021,409,True
thyroid,raw,ENSG00000295295.1,ENSG00000295295,10.473580084586295,2148.683610374715,-1.0086469592674023,0.011847194931012467,8399.472300684158,82.19967734278241,0.0,-1.0321976755220912,1.0,-1.0,-0.3200412022188382,-0.9176326760687517,0.10131842877056396,1.725332463181755,4.054459917642654,-1.0,-0.3200412022188382,1261.2954903449734,0.0,1261.2954903449654,684,True
uterus,excluded_at_or_below_-1,ENSG00000295295.1,ENSG00000295295,0.21690274581853658,11.239654445971127,-0.866728857539524,0.2553238692614647,78.0939596246756,5.96321591115536,0.0,0.5411935642265834,0.8637743470693442,-0.9644366143551668,0.209877533593388,-0.7519324801024417,0.17827149121823394,2.2613671235546096,8.239091517042448,-0.9644366143551668,0.209877533593388,11.239637111194567,0.0,9.708510207018458,131,True
uterus,raw,ENSG00000295295.1,ENSG00000295295,-0.04750373148503004,16.63316131894067,-1.1183258985461684,0.44838416686953403,182.33615936508218,4.189182950942154,0.0,-0.3732024965829457,1.0,-1.0,0.209877533593388,-0.7876023195648357,0.1865661206963913,1.9276225552032529,6.717022602972133,-1.0,0.209877533593388,15.511668542205763,0.0,15.511668542205763,153,True
vagina,excluded_at_or_below_-1,ENSG00000295295.1,ENSG00000295295,0.21169277994863123,2011407130668.2007,-12.515334081975574,2.317593569976758,93.7370954295856,8.669609800883835,0.0,-7.049284214416423,1.0,-0.9630648894389602,1.6923022067188866,-0.6724126191948243,0.3828853975041957,3.3215677355480953,14.353625257976443,-0.9630648894389602,1.6923022067188866,32.57837561805354,0.0,32.57837561805354,120,True
vagina,raw,ENSG00000295295.1,ENSG00000295295,0.9492729580496738,3902640023508.6426,-6.56380434848398,1.121899945600904,191.30415605790324,10.407254148240062,0.0,-7.0134663958843735,1.0,-1.0,1.6923022067188866,-0.7687618488434053,0.3544566731519777,3.5482162646242283,17.23089067283688,-1.0,1.6923022067188866,81.31405875793958,0.0,81.31405875793958,170,True
whole_blood,excluded_at_or_below_-1,ENSG00000295295.1,ENSG00000295295,-0.02779860465974334,17.427561851231353,-1.1740508263285374,0.1855851987099074,58.37322147948576,3.6689425877290054,0.0,-1.5867943686425425,1.0,-0.965818098223362,-0.6925808013512949,-0.9116505094502844,0.051918273516953946,1.9660628507810882,5.457329647473232,-0.965818098223362,-0.6925808013512949,4.927744947943509,0.0,4.927744947943509,46,True
whole_blood,raw,ENSG00000295295.1,ENSG00000295295,1.1795243663778867,834.3352806266967,-0.9966190256035204,0.001468838236513596,127.74358979760706,292.73133659558704,0.0,3.2552392269464367,0.005104953787893373,-1.0,-0.6925808013512949,-0.9949388834803401,0.023943724277355437,6.274515348438521,50.35840194721824,-1.0,-0.6925808013512949,817.2033841730818,0.0,4.1717855115136455,803,True
adipose_subcutaneous,excluded_at_or_below_-1,ENSG00000295296.1,ENSG00000295296,1.9958205238495308,24.63806966394275,-0.8963742762840718,0.08605647500366276,866.4938978811973,6.9536145880271425,0.0,1.2851499798369026,0.43789015930183905,-0.97457708812121,-0.4732390611362816,-0.8536152626357102,0.08812598854351421,1.4725413360749275,2.6986974052507584,-0.97457708812121,-0.4732390611362816,24.637624765911433,0.0,10.788573433563892,350,True
adipose_subcutaneous,raw,ENSG00000295296.1,ENSG00000295296,8.974313543123884,597.87302301034,-0.995749232908821,0.003232629261945825,4188.974359923038,228.58822077042885,0.0,1.8596294173295032,0.1778056173608386,-1.0,-0.4732390611362816,-0.9282427758018186,0.09572866180197573,1.5503039374698262,2.6115792586716937,-1.0,-0.4732390611362816,596.6507734275273,0.0,106.08785911810331,714,True
adipose_visceral_omentum,excluded_at_or_below_-1,ENSG00000295296.1,ENSG00000295296,1.4230969381142269,17.905826675297366,-0.9185137685640679,0.11070917998033866,687.523199497703,4.7248347839717795,0.0,0.702657114285223,0.7812507612134303,-0.9735200243373,-0.5486385259604352,-0.8647677656067121,0.08286138470084818,1.2350851927328788,1.3653015873547876,-0.9735200243373,-0.5486385259604352,17.90542223952705,0.0,13.98862475447839,308,True
adipose_visceral_omentum,raw,ENSG00000295296.1,ENSG00000295296,7.880509163571553,295.91154586857374,-0.9949933102202041,0.002147791045681437,2877.6009176484663,293.90242165294353,0.0,3.296656163745178,0.004434223513998365,-1.0,-0.5486385259604352,-0.929043393197389,0.09036372181062963,1.3979188988890463,1.689614581883018,-1.0,-0.5486385259604352,291.3404186812437,0.0,1.2918685350945154,587,True
adrenal_gland,excluded_at_or_below_-1,ENSG00000295296.1,ENSG00000295296,0.5526509094047184,18.10321968883885,-0.9400493278687249,0.13802308517901743,153.59180136219004,6.232780033494233,0.0,0.3274991940236085,0.9477852831673051,-0.9720122861908956,-0.3317483241493874,-0.862651221886115,0.09207491190225496,1.747320820578663,5.154887402797883,-0.9720122861908956,-0.3317483241493874,18.10320940653158,0.0,17.157955453606554,196,True
adrenal_gland,raw,ENSG00000295296.1,ENSG00000295296,5.039937864414428,1162.8603262684553,-1.0004779385071318,0.005567744996915087,1898.9823344677686,169.85808270839436,0.0,-0.12139692445338619,1.0,-1.0,-0.3317483241493874,-0.9087445406429778,0.09921490608679304,1.5275135679658232,3.7431921315209324,-1.0,-0.3317483241493874,1154.3231580996937,0.0,1154.3231580996935,295,True
artery_aorta,excluded_at_or_below_-1,ENSG00000295296.1,ENSG00000295296,0.8877038908417455,13.987366280024911,-0.8859714683492139,0.11628968346728259,274.97913198860374,6.623513424154901,0.0,0.9856806570904159,0.6152233936841741,-0.967023223658733,-0.3413251009054079,-0.826406317888359,0.11509561641464161,1.665973299120919,2.9377961758057687,-0.967023223658733,-0.3413251009054079,13.987179633914941,0.0,8.605240122447315,190,True
artery_aorta,raw,ENSG00000295296.1,ENSG00000295296,4.871794871794872,302.29071344504774,-0.9917558998084407,3.61731203343638e-05,1406.3589743589746,25429.049213650436,,322.30889104111594,,-1.0,-0.3413251009054079,-0.9301211872855683,0.11215406758443516,2.0693906124405466,4.864523726309159,-1.0,-0.3413251009054079,0.0,0.0,0.0,472,True
artery_coronary,excluded_at_or_below_-1,ENSG00000295296.1,ENSG00000295296,0.2306105639992612,14.162544493142025,-1.0024010990479033,0.22277462320994632,91.9951055730198,4.872010432452349,0.0,-0.3094716746551191,1.0,-0.9536514352419944,-0.234935479114779,-0.8268628326164141,0.1165832932270957,1.882532521317877,5.054207419835942,-0.9536514352419944,-0.234935479114779,13.50023450312814,0.0,13.500234503128139,127,True
artery_coronary,raw,ENSG00000295296.1,ENSG00000295296,3.25641025633274,209.98001382346516,-0.9933068673459484,0.004420265997239931,807.435897459944,242.6322540819746,0.0,2.141391260171318,0.10147365231507613,-1.0,-0.234935479114779,-0.9179536557547933,0.11796484268845922,1.9669101802462068,5.207946626985962,-1.0,-0.234935479114779,208.9698925180943,0.0,21.204938217699937,268,True
artery_tibial,excluded_at_or_below_-1,ENSG00000295296.1,ENSG00000295296,5.217184541057455,37.35357124978932,-0.9287342924430384,0.014836606479195266,1254.8002230490802,42.79320652037116,0.0,4.428215944306828,5.520501502089152e-05,-0.9751909939756782,-0.4797879790868806,-0.8515289051425061,0.08971713284791688,1.4142803630451672,2.1146466142101357,-0.9751909939756782,-0.4797879790868806,37.35015475981244,0.0,0.0020619158545480687,288,True
artery_tibial,raw,ENSG00000295296.1,ENSG00000295296,7.384615361196203,420.5967148645933,-0.9941386986553222,0.002591820571261327,3321.2307692370828,280.65282431030926,0.0,3.1981889281653046,0.0060534103540899505,-1.0,-0.4797879790868806,-0.938119138467499,0.09334896589834919,1.7547637912694083,3.157393335037475,-1.0,-0.4797879790868806,417.6324391006886,0.0,2.528100531055949,691,True
bladder,excluded_at_or_below_-1,ENSG00000295296.1,ENSG00000295296,0.9736789224301238,14.411239663629773,-0.9594076511040199,0.005009046427365093,54.97368095579684,89.34664442059739,0.0,-0.2062567670235513,1.0,-0.9586771039296276,-0.6429480286400239,-0.846436410418004,0.09017030415599156,0.5303039494769809,-0.661049148905219,-0.9586771039296276,-0.6429480286400239,14.107936443269159,0.0,14.107936443269056,45,True
bladder,raw,ENSG00000295296.1,ENSG00000295296,1.1538461538461537,35.21623048085568,-0.9951565224948975,0.0010448607109492221,75.07692307692307,476.7123728291566,0.0,6.555621725447217,4.678103477984914e-10,-1.0,-0.6429480286400239,-0.9102550450494831,0.10251828609673592,0.9093002674244893,-0.2803383879312915,-1.0,-0.6429480286400239,35.036035276128054,0.0,1.6390219848005927e-08,77,True
brain_amygdala,excluded_at_or_below_-1,ENSG00000295296.1,ENSG00000295296,0.19026249285628755,12.245268924308613,-0.9470263677767844,0.11031376815186399,86.29600036175836,6.741566705055894,0.0,0.33202138011852184,0.9463733172621844,-0.9729252351914032,-0.4211598040069318,-0.8889961835471634,0.07672365741047381,2.595486241237863,11.205052782386403,-0.9729252351914032,-0.4211598040069318,12.245257439197914,0.0,11.58858490346317,117,True
brain_amygdala,raw,ENSG00000295296.1,ENSG00000295296,3.0000000143344856,689.4036140465555,-0.9992664964194837,0.004175372475173952,858.0000000152023,195.8068004159129,0.0,0.24844028114456743,0.9726300114865628,-1.0,-0.4211598040069318,-0.92824615179568,0.08139728148893006,2.0580402676037672,7.9638084669400016,-1.0,-0.4211598040069318,687.2630628252821,0.0,668.4526806900465,181,True
brain_anterior_cingulate_cortex_ba24,excluded_at_or_below_-1,ENSG00000295296.1,ENSG00000295296,2.5953486945418347,16.904194147890756,-0.9570007690073776,0.01044906308834432,241.21332217007068,44.18751251465689,0.0,2.2618491560560763,0.07746758653068175,-0.9737126752970396,-0.630516765270434,-0.8883356610922375,0.0759981247738854,1.1994635006453724,1.0442530031251511,-0.9737126752970396,-0.630516765270434,16.902755088275686,0.0,1.309415642407918,140,True
brain_anterior_cingulate_cortex_ba24,raw,ENSG00000295296.1,ENSG00000295296,3.589743567797189,99.03734624963329,-0.9953669865335496,4.525882027196755e-05,635.4358974358979,11400.565194685565,,144.76891884363954,,-1.0,-0.630516765270434,-0.9329055474373961,0.0803973361697665,1.3679739672373723,1.5201058276023423,-1.0,-0.630516765270434,0.0,0.0,0.0,233,True
brain_caudate_basal_ganglia,excluded_at_or_below_-1,ENSG00000295296.1,ENSG00000295296,0.602991617807636,14.335297874496174,-0.9278859375964945,0.12795051598125085,369.3525889121561,4.875282717149682,0.0,0.6061275743179598,0.8321901123515608,-0.982725134410806,-0.486796306008583,-0.8705112804821513,0.088033108895721,1.4310485740940895,2.5967078752464996,-0.982725134410806,-0.486796306008583,14.335165358484357,0.0,11.929582870255299,215,True
brain_caudate_basal_ganglia,raw,ENSG00000295296.1,ENSG00000295296,5.512820519404209,743.0032170024373,-0.9998721922775365,0.004205435752004762,1525.7435952776166,172.53833364170444,0.0,0.042979473505886864,1.0,-1.0,-0.486796306008583,-0.9071997510122083,0.09467199152981495,1.3173758943606566,2.107836514496304,-1.0,-0.486796306008583,742.3172829947059,0.0,742.3172829947047,300,True
brain_cerebellar_hemisphere,excluded_at_or_below_-1,ENSG00000295296.1,ENSG00000295296,1.1620348832863814,17.649274798807156,-0.8131164518581054,0.25890222310255817,122.99379295404346,6.168421001976389,0.0,0.8534653062145621,0.6947529989589379,-0.9693616407029012,0.3161457422933564,-0.6864703749271391,0.22638369253261256,1.4788758947831406,2.7033048036418768,-0.9693616407029012,0.3161457422933564,17.649228406755196,0.0,12.261854364904451,249,True
brain_cerebellar_hemisphere,raw,ENSG00000295296.1,ENSG00000295296,0.40958543663639513,20.92248008565925,-0.9973886377600215,0.4595509671713759,224.731303223158,4.042246165531578,0.0,0.008036157379403799,0.9999685137401214,-1.0,0.3161457422933564,-0.7181629002052623,0.23455241646447197,1.3603687346595397,2.396793811599572,-1.0,0.3161457422933564,20.91654092814525,0.0,20.915882344501824,277,True
brain_cerebellum,excluded_at_or_below_-1,ENSG00000295296.1,ENSG00000295296,0.5311838445168651,9.39305153802618,-0.7986653804931585,0.3927347744579974,241.9519015149454,2.4716488058428445,0.0,0.5768890120184293,0.8391239024726286,-0.9588705871538644,-0.1122751052696633,-0.6621946587369589,0.19891676583671086,0.6087473628208865,-0.2979109976202019,-0.9588705871538644,-0.1122751052696633,8.950199577967982,0.0,7.510326397773367,241,True
brain_cerebellum,raw,ENSG00000295296.1,ENSG00000295296,-4.801614483356462,16.535880989354474,-1.0730599846566524,0.8876298196709829,503.8251956464874,1.5307676430425998,0.0,-0.11640260261480011,1.0,-1.0,-0.1122751052696633,-0.6939432810361168,0.2135148883086962,0.5216309222614034,-0.3867454463193303,-1.0,-0.1122751052696633,11.300373758709938,0.0,11.300373758709938,266,True
brain_cortex,excluded_at_or_below_-1,ENSG00000295296.1,ENSG00000295296,0.4439404185343782,11.108337228482304,-0.9836421182233516,0.1515519388850708,150.10813405821887,3.509882968251737,0.0,-0.09985972803600776,1.0,-0.9729408098756946,-0.6075111128003492,-0.880848396381,0.07545367738114647,1.209724950896842,1.3354690030093312,-0.9729408098756946,-0.6075111128003492,11.029617011184762,0.0,11.029617011184762,168,True
brain_cortex,raw,ENSG00000295296.1,ENSG00000295296,4.3076923076923075,133.08304107490008,-0.9958228075740524,0.0013109740875534577,844.3076923076924,418.89131935619577,0.0,4.506147175221454,4.0365258172429626e-05,-1.0,-0.6075111128003492,-0.9258612244148444,0.08297034224018911,1.230257379018991,1.270364166451488,-1.0,-0.6075111128003492,128.4877037609754,0.0,0.005186439334294413,270,True
brain_frontal_cortex_ba9,excluded_at_or_below_-1,ENSG00000295296.1,ENSG00000295296,0.4040062865217215,11.208475212882695,-0.9343368050931194,0.11545956127341898,89.84196467929009,4.916102808952137,0.0,0.46500642178596774,0.8975254054394389,-0.9723009703912076,-0.5329751659470721,-0.8771211562753733,0.07873089795300361,1.7258382641147214,3.988913216263634,-0.9723009703912076,-0.5329751659470721,11.208386352212115,0.0,10.059811505091053,158,True
brain_frontal_cortex_ba9,raw,ENSG00000295296.1,ENSG00000295296,4.0512773811886085,136.67195061602456,-0.9949281713745356,0.0015467783083131991,967.8974358982864,422.36188724871073,0.0,4.637153746994465,2.2786164142204933e-05,-1.0,-0.5329751659470721,-0.9278258092621153,0.08546616303767482,1.5491930643134724,3.155707768857586,-1.0,-0.5329751659470721,128.42475116557398,0.0,0.0029263074599805705,269,True
brain_hippocampus,excluded_at_or_below_-1,ENSG00000295296.1,ENSG00000295296,2.5600653288923656,20.40777576865399,-0.9580054008366471,0.011093790410618741,342.0176078861974,46.53863107182349,0.0,2.327139846135267,0.06673384258855117,-0.976260636393788,-0.5929333686878617,-0.8948834157817368,0.07671487038412668,1.710543876209182,3.067137058796612,-0.976260636393788,-0.5929333686878617,20.39253966403497,0.0,1.3608725319204948,144,True
brain_hippocampus,raw,ENSG00000295296.1,ENSG00000295296,3.692307692307692,255.01167830472858,-0.994929252190853,1.89009451279275e-05,914.3076923076923,30078.28585397424,,379.4053828807451,,-1.0,-0.5929333686878617,-0.9406400465590985,0.07771814426633666,1.81641000024175,3.7781493279042815,-1.0,-0.5929333686878617,0.0,0.0,0.0,255,True
brain_hypothalamus,excluded_at_or_below_-1,ENSG00000295296.1,ENSG00000295296,0.6152149648079402,10.20897913944045,-0.9426438485380287,0.08681664176131243,172.00130131205054,4.719160420847038,0.0,0.5176879676577936,0.8745894028653363,-0.9744240068027192,-0.6529410267213935,-0.8964126876799424,0.06589377263239124,1.510088214850633,2.289678560915857,-0.9744240068027192,-0.6529410267213935,10.208812321054234,0.0,8.92851907183511,161,True
brain_hypothalamus,raw,ENSG00000295296.1,ENSG00000295296,4.12858466023603,148.72689078821338,-0.9956743512952554,1.8137378901316907e-05,836.3589799767124,26723.713416737566,,337.28087710993753,,-1.0,-0.6529410267213935,-0.9351067809979406,0.07235009397998997,1.3708791416867907,1.98445730519762,-1.0,-0.6529410267213935,0.0,0.0,0.0,257,True
brain_nucleus_accumbens_basal_ganglia,excluded_at_or_below_-1,ENSG00000295296.1,ENSG00000295296,0.3158077840159711,21.104686484614863,-0.9644385155161531,0.17601876228883787,108.91036017509268,5.446978831159289,0.0,0.08625350438679258,0.9962919132976282,-0.9751739768984934,-0.2864854131110881,-0.8602599854253301,0.09980821494361095,1.8627869824459784,5.611695947366245,-0.9751739768984934,-0.2864854131110881,21.10457638152082,0.0,21.02631878248131,217,True
brain_nucleus_accumbens_basal_ganglia,raw,ENSG00000295296.1,ENSG00000295296,0.6881555657598525,3013382207791.836,-5.795596904456613,0.9620035432201619,1406.0855953828586,8.09878533462248,0.0,-7.049868194097557,1.0,-1.0,-0.2864854131110881,-0.8936014625870058,0.1055294479602387,1.6222278150416123,4.416418677883624,-1.0,-0.2864854131110881,48.58956980580064,0.0,48.589569805800984,285,True
brain_putamen_basal_ganglia,excluded_at_or_below_-1,ENSG00000295296.1,ENSG00000295296,0.2108301409513245,47.6849882560962,-1.1514839727100616,0.2038105312025716,36.57725470608149,4.5203423580650774,0.0,-1.222101980253816,1.0,-0.975359757523435,-0.5000311782192712,-0.8968745103374131,0.07603687020092581,1.9815015126518851,5.360948960101895,-0.975359757523435,-0.5000311782192712,22.595999465843704,0.0,22.595999465843704,169,True
brain_putamen_basal_ganglia,raw,ENSG00000295296.1,ENSG00000295296,4.333333387572562,1032.871344230274,-0.9993722536809099,0.0035207048378584735,1462.6666666817287,200.57771204625007,0.0,0.25215614459941715,0.9720607575589879,-1.0,-0.5000311782192712,-0.9313850088465465,0.07884456825120777,1.8257935878467548,4.791859369052591,-1.0,-0.5000311782192712,1029.3095572388427,0.0,1000.5514279722919,254,True
brain_spinal_cord_cervical_c-1,excluded_at_or_below_-1,ENSG00000295296.1,ENSG00000295296,,,,,,,,,,-0.9642128286539148,-0.5622033930855687,,,,,,,,,,122,False
brain_spinal_cord_cervical_c-1,raw,ENSG00000295296.1,ENSG00000295296,3.1282050921021165,115.6716337001861,-0.9936403834535954,0.0014336422633613895,420.35897435900443,425.590161981776,0.0,6.273431107095606,2.910957334734408e-09,-1.0,-0.5622033930855687,-0.9181975570507107,0.09344277204319357,1.205749089255936,1.2046540902925784,-1.0,-0.5622033930855687,113.02062614967689,0.0,3.289982206666764e-07,204,True
brain_substantia_nigra,excluded_at_or_below_-1,ENSG00000295296.1,ENSG00000295296,0.5357317461509647,7.703517763950906,-0.9393447942007884,0.09063707725384401,111.32543002868552,4.881625579428424,0.0,0.4787800407008281,0.8917173919729744,-0.970029851034624,-0.6264809619345079,-0.885079306737838,0.07624510641604694,1.5651266066528982,2.0946258799103115,-0.970029851034624,-0.6264809619345079,7.703389558184753,0.0,6.869246446176351,120,True
brain_substantia_nigra,raw,ENSG00000295296.1,ENSG00000295296,3.0769230519525177,90.87376142225438,-0.9967522576844458,0.0022024637816540713,484.76923079341657,237.75314380596117,0.0,2.0853923991887746,0.11406887542477955,-1.0,-0.6264809619345079,-0.9246421683526808,0.08245463661718964,1.4229807049611483,2.037809136282843,-1.0,-0.6264809619345079,90.55826173331393,0.0,10.329879076341964,183,True
breast_mammary_tissue,excluded_at_or_below_-1,ENSG00000295296.1,ENSG00000295296,1.1519257448353484,23.154874252781134,-0.9239846021237272,0.11250120217272186,299.17884631065454,7.048209621822872,0.0,0.5273621420555782,0.8701861329538795,-0.9659364519292676,-0.3632969685743408,-0.8535027975476129,0.0992821024285785,1.7144054931849542,3.3632052795374223,-0.9659364519292676,-0.3632969685743408,23.15470591368751,0.0,20.148903998716058,261,True
breast_mammary_tissue,raw,ENSG00000295296.1,ENSG00000295296,6.692307748643495,336.4205671808113,-0.9938793409383354,0.0032919365202945306,3126.3076923087374,270.8977338089055,0.0,2.6294307324290322,0.031718407090598956,-1.0,-0.3632969685743408,-0.9256113427235934,0.10183433648817611,1.8171605155240105,3.909774732632992,-1.0,-0.3632969685743408,334.3763577734778,0.0,10.605885437330931,514,True
cells_cultured_fibroblasts,excluded_at_or_below_-1,ENSG00000295296.1,ENSG00000295296,0.372464296467895,23.789360927014556,-0.9907483871875684,0.18625219050504407,431.57411366175774,4.0728610459742045,0.0,-0.2286041193535198,1.0,-0.9606411819387216,-0.4543518261459386,-0.8565955236523218,0.08870571473038213,1.5828511436921406,3.3821628067596183,-0.9606411819387216,-0.4543518261459386,23.169850826704174,0.0,23.169850826704177,269,True
cells_cultured_fibroblasts,raw,ENSG00000295296.1,ENSG00000295296,6.897435828629878,457.62882288634586,-0.9943302971898995,0.0025983125041827105,2753.5897435996553,293.90032026962007,0.0,3.0859146448940775,0.008606275519301832,-1.0,-0.4543518261459386,-0.9408346562307892,0.09072506114345524,1.8732299327890496,4.110325331189095,-1.0,-0.4543518261459386,454.81350584241585,0.0,3.914250341179451,652,True
cells_ebv-transformed_lymphocytes,excluded_at_or_below_-1,ENSG00000295296.1,ENSG00000295296,0.6498795075851079,11.00938741619659,-0.9418021322547722,0.10141561686394658,394.83594610579735,4.670378541516134,0.0,0.42515996598156863,0.9135819312216862,-0.9722910636036712,-0.6068814856296618,-0.8853125579317791,0.07219439822217245,1.504223837343853,2.5132810415655227,-0.9722910636036712,-0.6068814856296618,11.009185289256846,0.0,10.057792757736648,170,True
cells_ebv-transformed_lymphocytes,raw,ENSG00000295296.1,ENSG00000295296,4.358972443286385,167.2935670808327,-0.995592672523608,0.0016734606466041397,1162.9743590150165,328.4933132231576,0.0,3.7245586286008328,0.0009841619398425754,-1.0,-0.6068814856296618,-0.9403765591694264,0.07742815131025668,1.5618378048774042,2.6279177673284666,-1.0,-0.6068814856296618,165.2239404149391,0.0,0.1626071137072005,327,True
cervix_ectocervix,excluded_at_or_below_-1,ENSG00000295296.1,ENSG00000295296,0.2368421706212768,6.905293973351187,-0.9450881897627139,0.002427948176637148,8.868422558242102,146.0771336250992,0.0,3.9745196472872015,0.00037154490770400383,-0.9519117190990092,-0.6943002467887426,-0.8570726763058042,0.08222867919256559,0.8368018081141579,-0.20749209074904806,-0.9519117190990092,-0.6943002467887426,6.901411566968243,0.0,0.002564184323676555,12,True
cervix_ectocervix,raw,ENSG00000295296.1,ENSG00000295296,0.30769230769497613,14.377915676861644,-0.9968327195082134,0.0014381999458826546,12.307692307733532,297.4868182988047,0.0,3.114456400966922,0.007870993830459007,-1.0,-0.6943002467887426,-0.928536338152902,0.09253587592167445,1.1684239305184219,0.46070620738030676,-1.0,-0.6943002467887426,14.301222207980084,0.0,0.11256483176703452,24,True
cervix_endocervix,excluded_at_or_below_-1,ENSG00000295296.1,ENSG00000295296,0.07915753617666216,751646837918.9832,-4.2515254142573715,0.6303916350347828,10.17829660281081,7.976141318399465,0.0,-7.419914823862114,1.0,-0.9440672183507038,-0.6961269222947937,-0.8688739061837222,0.0720342808226332,1.2336386889813533,0.9798127300943937,-0.9440672183507038,-0.6961269222947937,0.8220541276860435,0.0,0.822054127686026,11,True
cervix_endocervix,raw,ENSG00000295296.1,ENSG00000295296,0.2820512820513338,14.739075238456117,-0.9969273009283263,0.0015152610630288978,11.89743589743885,280.7410454936181,0.0,2.867791436259895,0.016379082514484427,-1.0,-0.6961269222947937,-0.9372875203487367,0.08272855009519643,1.281258070455586,1.1200119878094217,-1.0,-0.6961269222947937,14.733716403140436,0.0,0.24132475671205056,23,True
colon_sigmoid,excluded_at_or_below_-1,ENSG00000295296.1,ENSG00000295296,1.1340709288966355,13.446668133743666,-0.9096897370851467,0.06675937225077005,477.24848750655246,7.424870137500317,0.0,1.2999689720790055,0.42957750588790056,-0.971056078655118,-0.5591912815398302,-0.8697782304801744,0.0809654201094493,1.586241719975036,2.4489950927279622,-0.971056078655118,-0.5591912815398302,13.44657983740055,0.0,5.77634822927306,185,True
colon_sigmoid,raw,ENSG00000295296.1,ENSG00000295296,4.743587575461085,429.8656235887467,-0.9965303496443367,0.0025735321052261628,1183.435897467731,240.3276183005499,0.0,1.9066506221962891,0.16348944625188758,-1.0,-0.5591912815398302,-0.9425035146511511,0.08412539446512554,1.787612325887541,3.406537212787593,-1.0,-0.5591912815398302,427.0158784709506,0.0,69.81258951197853,419,True
colon_transverse,excluded_at_or_below_-1,ENSG00000295296.1,ENSG00000295296,0.7295500336832335,16.407892201009737,-0.9050311475965774,0.07719374481036981,203.66787535362562,9.03722359145305,0.0,1.5054575730992483,0.3220115794245254,-0.9872053756004828,-0.4117413430904908,-0.8698523285344225,0.08676811524587442,2.198347216360464,7.630379312804486,-0.9872053756004828,-0.4117413430904908,16.40734288935878,0.0,5.283354397962177,175,True
colon_transverse,raw,ENSG00000295296.1,ENSG00000295296,4.492014909344119,298.71157765751633,-0.9926465330359222,0.0039107473530034876,1516.9575528264775,210.06828718884398,0.0,2.659177843098136,0.029581330866183093,-1.0,-0.4117413430904908,-0.9524512682537033,0.08170842199497126,2.4558997111836995,8.753378384021632,-1.0,-0.4117413430904908,294.26387965464914,0.0,8.704717186030857,479,True
esophagus_gastroesophageal_junction,excluded_at_or_below_-1,ENSG00000295296.1,ENSG00000295296,0.8939835056512393,20.91158936970064,-0.897715014896417,0.07149911478080832,185.54370231504558,9.862814900185283,0.0,1.491398160320819,0.3288624108158022,-0.9731163906757088,-0.3990756626992174,-0.8642767287019851,0.08793563422247132,2.294439243115753,7.497055312925612,-0.9731163906757088,-0.3990756626992174,20.911204256877966,0.0,6.876909044978553,208,True
esophagus_gastroesophageal_junction,raw,ENSG00000295296.1,ENSG00000295296,5.333333345806738,280.4486655345904,-0.9948039886578288,0.003702511305601356,2162.666667226042,227.54476854288845,0.0,1.984671781886573,0.13986202004241016,-1.0,-0.3990756626992174,-0.929949279330057,0.09270169501495383,1.967843737368375,5.911987530152764,-1.0,-0.3990756626992174,279.7869918395742,0.0,39.13157386027217,403,True
esophagus_mucosa,excluded_at_or_below_-1,ENSG00000295296.1,ENSG00000295296,0.33188177859799173,14.591664281799469,-0.9278869488993777,0.09270643653306665,216.1525915773368,5.430664413558797,0.0,0.6119475344399599,0.8292495376902007,-0.96800215976465,-0.5718887042331658,-0.8891562089645306,0.06290526463068552,1.7338035564220522,4.432094307798992,-0.96800215976465,-0.5718887042331658,14.591573677571212,0.0,12.10005572629843,190,True
esophagus_mucosa,raw,ENSG00000295296.1,ENSG00000295296,4.882332454883395,401.3156716930572,-0.9946811482126718,0.0047749174249194955,1927.4896150499012,125.22076407525839,0.0,1.5753135948772625,0.29041914885945225,-1.0,-0.5718887042331658,-0.9656998040769719,0.06204665005334667,2.19532747078249,5.840562055146547,-1.0,-0.5718887042331658,399.5631903647718,0.0,116.04080166130429,614,True
esophagus_muscularis,excluded_at_or_below_-1,ENSG00000295296.1,ENSG00000295296,1.3501089610176564,17.13655420986257,-0.9248995911528322,0.10249669517867409,313.7495959460386,5.804391078228496,0.0,0.5543954482428476,0.8575512534551722,-0.9650800156508405,-0.5042199152736893,-0.8619009254103599,0.08525322667222308,1.4107902006003294,2.147694119639768,-0.9650800156508405,-0.5042199152736893,17.136504823677388,0.0,14.695431191385149,246,True
esophagus_muscularis,raw,ENSG00000295296.1,ENSG00000295296,6.308224156983454,433.62225740927965,-0.9937931986266826,1.638273986936264e-05,2110.307703339849,42261.62306270356,,535.7921050505537,,-1.0,-0.5042199152736893,-0.9394431865435804,0.08879130999569977,1.7175902730952401,3.0444978927314263,-1.0,-0.5042199152736893,0.0,0.0,0.0,561,True
fallopian_tube,excluded_at_or_below_-1,ENSG00000295296.1,ENSG00000295296,0.14067967197010212,9.172514197018634,-1.036980659357895,0.2077632520707088,5.61853940867104,14.533402367217263,0.0,-0.5837901229010836,1.0,-0.9512155827897144,1.0981331733777835,-0.6121676840760655,0.5719871899339143,2.0660869247817355,2.8877806421174563,-0.9512155827897144,1.0981331733777835,7.735390528376246,0.0,7.735390528376246,24,True
fallopian_tube,raw,ENSG00000295296.1,ENSG00000295296,0.18974908191011214,6.879390243605312,-0.9367266063452924,0.11817428900433766,9.6904459599833,24.351543150864856,0.0,0.7572043986706349,0.7507551986177341,-1.0,1.0981331733777835,-0.6790353247526059,0.539420896887521,2.3288483443813646,4.197799772841936,-1.0,1.0981331733777835,6.879365456476651,0.0,5.164719379641107,29,True
heart_atrial_appendage,excluded_at_or_below_-1,ENSG00000295296.1,ENSG00000295296,0.5148142160126054,25.575039142639767,-0.9648282787612603,0.12874960258388257,449.99673955934065,5.309014628318404,0.0,0.11047767560945457,0.9939177274170246,-0.9748861350904277,-0.4814970891204096,-0.8883653774302304,0.07174196391677044,1.6219567556403236,4.302187757979193,-0.9748861350904277,-0.4814970891204096,25.574973263591126,0.0,25.419419304899655,278,True
heart_atrial_appendage,raw,ENSG00000295296.1,ENSG00000295296,7.128204514472414,362.7546765125819,-0.9948382389926334,0.0015507987741816744,3702.3589752030475,468.1290882865061,0.0,4.707143533950014,1.544575492541801e-05,-1.0,-0.4814970891204096,-0.9326802059123732,0.07803258968438483,1.4816906781782955,3.1329699296943794,-1.0,-0.4814970891204096,362.6009844870231,0.0,0.005600645942101856,461,True
heart_left_ventricle,excluded_at_or_below_-1,ENSG00000295296.1,ENSG00000295296,-0.7776560792382043,688.1632511993558,-1.7851726628570477,0.4482060188654912,227.97858859636656,3.7133285189792,0.0,-2.5549860813022014,1.0,-0.9754221624901958,-0.6083092551560575,-0.8912524870074824,0.0715599407093291,1.2611572510685332,1.7073459447047252,-0.9754221624901958,-0.6083092551560575,25.61522024797531,0.0,25.61522024797531,279,True
heart_left_ventricle,raw,ENSG00000295296.1,ENSG00000295296,7.153846188915443,195.4327462620669,-0.9959183313712106,0.0020102175961995935,2189.0769231239146,272.68789882184944,0.0,2.871505623500654,0.016300211836623328,-1.0,-0.6083092551560575,-0.9328748758298399,0.07717914493043912,1.322018153415034,1.6780022921602304,-1.0,-0.6083092551560575,194.22576384155838,0.0,3.1659210947473753,452,True
kidney_cortex,excluded_at_or_below_-1,ENSG00000295296.1,ENSG00000295296,0.1568520870059494,1.958968173447561,-0.9463215407391036,0.050945326322032566,44.37219679698905,5.425752925860154,0.0,0.7722011279458455,0.7421973712371995,-0.974139148698844,-0.7508653800112766,-0.9186090499697069,0.049855055959762286,1.5898216770641542,2.636305667724822,-0.974139148698844,-0.7508653800112766,1.9589529631823739,0.0,1.4539297396512805,31,True
kidney_cortex,raw,ENSG00000295296.1,ENSG00000295296,0.7948717948717868,90.95903245134366,-0.9973679849532326,0.00100342963437741,84.3589743645841,347.41581783710126,0.0,3.7095091155225757,0.0010471100781783294,-1.0,-0.7508653800112766,-0.9757392360486625,0.04608056282883771,2.326257197077157,6.034196124056667,-1.0,-0.7508653800112766,89.29107055554941,0.0,0.09349757987004803,104,True
kidney_medulla,excluded_at_or_below_-1,ENSG00000295296.1,ENSG00000295296,,,,,,,,,,-0.9482186416477166,-0.7728910887364753,,,,,,,,,,7,False
kidney_medulla,raw,ENSG00000295296.1,ENSG00000295296,0.1794871794872434,4.637445896598264,-0.997614945143644,0.0010308997957112446,5.7435897435976075,308.28168444881527,0.0,3.271876606140452,0.00479027887865456,-1.0,-0.7728910887364753,-0.9117718309880882,0.08891109663276699,0.416290408036907,-1.3372410279917484,-1.0,-0.7728910887364753,4.584780113218311,0.0,0.021962375339625112,11,True
liver,excluded_at_or_below_-1,ENSG00000295296.1,ENSG00000295296,1.0462711997289982,11.2733295531151,-0.9420516150554231,0.033419046189950986,160.0470803672739,13.846030713922016,0.0,1.3855180954193098,0.38298730430325967,-0.9747925634240228,-0.6148583591799957,-0.9020350052902465,0.0658246955571913,1.782328389430387,3.5948871554471937,-0.9747925634240228,-0.6148583591799957,11.272464268285955,0.0,4.317210702965655,110,True
liver,raw,ENSG00000295296.1,ENSG00000295296,2.8205128243024298,175.21416654282385,-0.9955475463710398,0.0009021242503516535,583.7435897435897,596.7867634247749,0.0,6.979881435909379,2.6430619610865778e-11,-1.0,-0.6148583591799957,-0.9588696587096455,0.06446787155497469,2.0817545590430204,5.160175666085603,-1.0,-0.6148583591799957,174.71123527949757,0.0,4.617726201416872e-09,262,True
lung,excluded_at_or_below_-1,ENSG00000295296.1,ENSG00000295296,1.3005788382421244,19.745230300301703,-0.8814107922805811,0.09858673713751845,417.84392618830475,6.633556362388615,0.0,1.267256052266352,0.4479971377412973,-0.969752922942281,-0.4189766205361671,-0.8403735779934577,0.09421577784920222,1.3590005626489412,2.1458239261009036,-0.969752922942281,-0.4189766205361671,19.745220110455264,0.0,8.84580209355586,277,True
lung,raw,ENSG00000295296.1,ENSG00000295296,7.102564102564093,422.5636401164934,-0.9943402590486078,0.003038506616055707,2733.589743607534,267.7917686869722,0.0,2.6342158910180054,0.031217788905915273,-1.0,-0.4189766205361671,-0.9267938428877281,0.10197997077841844,1.5630486008183702,2.442513895035499,-1.0,-0.4189766205361671,421.3907591096569,0.0,13.154887764788663,604,True
minor_salivary_gland,excluded_at_or_below_-1,ENSG00000295296.1,ENSG00000295296,0.20162951040191351,3.8981074678198686,-0.9253077860485808,0.09277972449395011,50.53216262870208,4.863587814705881,0.0,0.6738895081154223,0.7968690368988018,-0.9695184233708508,-0.606231269243477,-0.8823685172857412,0.07420970824944179,1.7490555479594379,3.5451512484676746,-0.9695184233708508,-0.606231269243477,3.8980771980172797,0.0,3.1062570225412096,61,True
minor_salivary_gland,raw,ENSG00000295296.1,ENSG00000295296,1.5641025577387226,142.776692891453,-0.9951241332027995,0.00010696053369198465,163.5897435897437,5141.873769115296,0.0,64.46786225644735,0.0,-1.0,-0.606231269243477,-0.9603562406322113,0.07031782417013924,2.263995979900942,6.047070143124429,-1.0,-0.606231269243477,0.19949732806066578,0.0,0.0,181,True
muscle_skeletal,excluded_at_or_below_-1,ENSG00000295296.1,ENSG00000295296,1.1270291613964845,70.13627551026393,-0.9326769535454782,0.10142258448325288,1146.1130006210014,10.351560193650883,0.0,0.6445609692805551,0.8124285388002946,-0.9789026729847448,-0.1902982801912933,-0.8859898053894751,0.07723765681863193,2.55111028190394,13.988934850537063,-0.9789026729847448,-0.1902982801912933,70.13612817739728,0.0,56.980592132273046,519,True
muscle_skeletal,raw,ENSG00000295296.1,ENSG00000295296,7.661947195624819,2460652661768.914,-2.347061735525492,0.28311535895278855,20309.63722746761,10.773432217334816,0.0,-6.728822423412458,1.0,-1.0,-0.1902982801912933,-0.9276634584317085,0.0824657747196064,2.0070506822571117,9.08165391026818,-1.0,-0.1902982801912933,362.4629047873724,0.0,362.46290478736853,818,True
nerve_tibial,excluded_at_or_below_-1,ENSG00000295296.1,ENSG00000295296,1.3465827379833157,30.26497615329784,-0.8627039008723986,0.12743418693029793,1370.5062549600877,7.289220701121991,0.0,1.1894609938791512,0.4929198863959573,-0.9698857287612084,-0.2058753014886815,-0.8123092088297128,0.11754912074485613,1.6786855636634788,3.896769268035678,-0.9698857287612084,-0.2058753014886815,30.264972896723997,0.0,14.918207002029918,370,True
nerve_tibial,raw,ENSG00000295296.1,ENSG00000295296,9.487179411456102,518.5199630057833,-0.9898829687965265,0.00025024701259261526,6375.74358974359,4430.639409535021,0.0,57.17408008461191,0.0,-1.0,-0.2058753014886815,-0.8963498615925278,0.12784881995192324,1.5575206773912098,3.1159351701067255,-1.0,-0.2058753014886815,11.392844952874777,0.0,0.0,670,True
ovary,excluded_at_or_below_-1,ENSG00000295296.1,ENSG00000295296,1.1343980718122395,6.147123075045673,-0.8996417673364074,0.062486402217672654,92.59662205087014,9.890073486255698,0.0,1.5391089947125796,0.305927318285472,-0.96764661912065,-0.4626532344393688,-0.8265787801685716,0.10867156124691138,1.2708868014801538,1.341750989964317,-0.96764661912065,-0.4626532344393688,6.146996927433914,0.0,1.8805342855188936,96,True
ovary,raw,ENSG00000295296.1,ENSG00000295296,2.4615384551386073,105.14251136129778,-0.9936319711821048,0.0010697855408554149,281.69230769230774,701.9325856964442,0.0,8.418278595024884,4.125123656762212e-16,-1.0,-0.4626532344393688,-0.9137386678558698,0.11576240010529708,1.510678775081394,2.03508522166866,-1.0,-0.4626532344393688,104.42512016540789,0.0,4.3076653355456074e-14,193,True
pancreas,excluded_at_or_below_-1,ENSG00000295296.1,ENSG00000295296,0.06728892313365803,13.306426817428077,-0.9701282720906002,0.11955835233999534,151.49962554448908,5.095416263845971,0.0,0.12236580171157112,0.9925413287873501,-0.9804731408039568,-0.5393591229321215,-0.9055238873602696,0.06366496115748674,2.108951552811664,7.760841469208955,-0.9804731408039568,-0.5393591229321215,13.306395041014149,0.0,13.207147015377588,143,True
pancreas,raw,ENSG00000295296.1,ENSG00000295296,3.381955108874181,214.29843628217824,-0.9942428857784257,0.0035541542000061934,1067.5975751325018,181.00024661828937,0.0,2.290781028090344,0.07333144338849956,-1.0,-0.5393591229321215,-0.9626793256699406,0.061101002898039644,2.322787681180132,8.113949023217192,-1.0,-0.5393591229321215,211.93858511840133,0.0,15.541762356448633,362,True
pituitary,excluded_at_or_below_-1,ENSG00000295296.1,ENSG00000295296,0.9930247302613681,11.620355339302893,-0.9803406579775081,0.214635009681183,256.8598835514056,3.51324415655669,0.0,-0.09689477223121581,1.0,-0.9656349509123,-0.4471360461580886,-0.8222264344013055,0.11408544739036613,0.9800671608329314,0.31924228130847343,-0.9656349509123,-0.4471360461580886,11.541667876174468,0.0,11.541667876174468,197,True
pituitary,raw,ENSG00000295296.1,ENSG00000295296,5.051282051282051,158.04504943569722,-0.9931054872595793,2.7380813085374043e-05,903.8974358974358,28199.21328995987,,356.1002148860793,,-1.0,-0.4471360461580886,-0.888110567338841,0.12478686930221902,1.127679850495444,0.6195936589318816,-1.0,-0.4471360461580886,0.0,0.0,0.0,313,True
prostate,excluded_at_or_below_-1,ENSG00000295296.1,ENSG00000295296,0.6555064775725353,18.444525396830777,-0.9273839559833275,0.13832428887609383,214.5981718588165,9.205305947597752,0.0,0.30823217745447984,0.953627041970214,-0.9575321584115212,-0.0270125884851477,-0.8277106712551286,0.1251294455583246,2.4789234153101427,10.546764751065083,-0.9575321584115212,-0.0270125884851477,18.44413968328967,0.0,17.588830367860968,147,True
prostate,raw,ENSG00000295296.1,ENSG00000295296,3.7631578916892954,138.5653366100128,-0.9857811927204986,0.008821810337107827,1446.868421167455,153.69901544853207,0.0,2.2793995027139387,0.07458832110967178,-1.0,-0.0270125884851477,-0.9101896052287375,0.12477570644580897,2.3067704811257603,9.134857164039893,-1.0,-0.0270125884851477,138.28022606665232,0.0,10.31408990497747,282,True
skin_not_sun_exposed_suprapubic,excluded_at_or_below_-1,ENSG00000295296.1,ENSG00000295296,1.5995546773662659,15.983222297282806,-0.9101380520114285,0.07698244939778665,303.49869511782936,6.488482894975254,0.0,1.0333084400963313,0.586339306457701,-0.9663860026876614,-0.5569387054483387,-0.8605429434533477,0.08975565199000958,1.4769868411882645,1.623748288840237,-0.9663860026876614,-0.5569387054483387,15.98311789996803,0.0,9.371530264498922,245,True
skin_not_sun_exposed_suprapubic,raw,ENSG00000295296.1,ENSG00000295296,6.282051299776366,652.0593214741277,-0.9957558206347976,0.001849873004272905,2009.8974358974358,335.4722806726114,0.0,3.244642202761601,0.005232466012951883,-1.0,-0.5569387054483387,-0.9475161615147007,0.08715410671301632,2.035998957255866,4.202674511468093,-1.0,-0.5569387054483387,644.9395740172434,0.0,3.374624401452892,651,True
skin_sun_exposed_lower_leg,excluded_at_or_below_-1,ENSG00000295296.1,ENSG00000295296,1.7285651877425665,16.04961616092262,-0.9082951465726147,0.09221634348251499,325.34642903668225,5.631716080912033,0.0,0.9226036165943307,0.6533823612210359,-0.9684551777515746,-0.541068952219108,-0.8577310473695151,0.08421151309289307,1.1813210654720099,1.0466371301242319,-0.9684551777515746,-0.541068952219108,16.04951762279231,0.0,10.486471720838667,271,True
skin_sun_exposed_lower_leg,raw,ENSG00000295296.1,ENSG00000295296,6.948710071942838,489.76899585755507,-0.9943658529955578,0.0006080844099260737,2023.8974358998753,1054.2263777781798,0.0,13.10325832404674,0.0,-1.0,-0.541068952219108,-0.9488661987229954,0.08490625796363839,1.8544779217822565,3.1784758479040924,-1.0,-0.541068952219108,401.5373268376363,0.0,0.0,754,True
small_intestine_terminal_ileum,excluded_at_or_below_-1,ENSG00000295296.1,ENSG00000295296,0.7313064494251336,5.615281838237607,-0.9222405084073072,0.0704354450254521,112.61841140775715,6.722836962903951,0.0,0.9402357445709401,0.6427486469218348,-0.9690693077200236,-0.5874070533235454,-0.8704858121848689,0.08049883932935262,1.206103507911862,0.9512748162830014,-0.9690693077200236,-0.5874070533235454,5.615169028664323,0.0,3.609142295411387,90,True
small_intestine_terminal_ileum,raw,ENSG00000295296.1,ENSG00000295296,2.3076923008418335,115.87008340916057,-0.9949994341912111,0.001551784804153797,318.3076923118354,371.45786670937383,0.0,4.557247865424963,3.1329315345423525e-05,-1.0,-0.5874070533235454,-0.9436894835586388,0.08331738017107009,1.655378044041099,2.3863964506888617,-1.0,-0.5874070533235454,114.33947172819852,0.0,0.003582177366201922,207,True
spleen,excluded_at_or_below_-1,ENSG00000295296.1,ENSG00000295296,0.08554805157839748,12.055898936245494,-1.006145763616264,0.20007712502670258,119.68126175482408,4.040289335938582,0.0,-0.3097770395588841,1.0,-0.962319780664848,-0.4345422264148761,-0.8579889838037652,0.08840992305000007,1.7088059065057941,4.4828633149168855,-0.962319780664848,-0.4345422264148761,11.487664456776631,0.0,11.487664456776631,126,True
spleen,raw,ENSG00000295296.1,ENSG00000295296,3.2307692307683586,171.55564098565804,-0.9940273990829973,0.002835925207694284,716.9230769234048,279.0029571256611,0.0,2.978404788867811,0.011990897524003888,-1.0,-0.4345422264148761,-0.9354029312609187,0.09251394554744498,1.7955164759441429,4.17318931665631,-1.0,-0.4345422264148761,169.53638503264364,0.0,2.0328934195164776,277,True
stomach,excluded_at_or_below_-1,ENSG00000295296.1,ENSG00000295296,1.360500358887133,7.47748774133723,-0.9092191026971703,0.07340942211513991,257.3677802353136,4.436043209196837,0.0,1.1701150912230198,0.5042732208482281,-0.9699577880982264,-0.6789516401800637,-0.8744236851917221,0.06771905391827586,0.9637281653939398,0.3372346181519328,-0.9699577880982264,-0.6789516401800637,7.477088884073357,0.0,3.770495694140155,172,True
stomach,raw,ENSG00000295296.1,ENSG00000295296,4.410256410256411,365.3528809573158,-0.9959977134100052,1.5946260443389958e-05,681.4358974358975,28117.61781081253,,354.9476691521634,,-1.0,-0.6789516401800637,-0.9469308939876565,0.0760845421084036,1.4112429750382927,1.2797982735533049,-1.0,-0.6789516401800637,0.0,0.0,0.0,407,True
testis,excluded_at_or_below_-1,ENSG00000295296.1,ENSG00000295296,0.9422755834563383,22.20425508367399,-0.32511019889436976,0.4044435194671574,368.2911727781038,3.7202480553084296,0.0,2.169529944127873,0.09414845492853662,-0.9455626889129704,0.7388240305688041,-0.2974385588783393,0.3051531163345876,0.37997268250370714,0.16064436963412732,-0.9455626889129704,0.7388240305688041,22.182188266598143,0.0,2.088418752234129,410,True
testis,raw,ENSG00000295296.1,ENSG00000295296,1.0362821083347846,22.81361126208178,-0.3235936025936862,0.40414911668283054,330.8452856805414,3.717651143357176,0.0,2.3669063259110006,0.05980417362417672,-1.0,0.7388240305688041,-0.3042265921258916,0.31136942648149785,0.3082956323140108,0.16309964038051694,-1.0,0.7388240305688041,22.790859207109822,0.0,1.3629885010661624,414,True
thyroid,excluded_at_or_below_-1,ENSG00000295296.1,ENSG00000295296,0.8970172496812471,18.95634145235867,-0.8823605893808669,0.11068861304588226,384.0488880351822,6.4343786557202804,0.0,0.9979821506017551,0.6077632309934143,-0.9604713238793332,-0.3787503368963757,-0.8353133304429737,0.09692777237172735,1.7541485468785647,4.138723368865038,-0.9604713238793332,-0.3787503368963757,18.956070519380628,0.0,11.52080266579778,251,True
thyroid,raw,ENSG00000295296.1,ENSG00000295296,5.5878078322623725,404.1864627836971,-0.9922356780657292,0.0047828348379992105,3069.1954442740916,181.3985469257235,0.0,2.29579522479812,0.07249628558734035,-1.0,-0.3787503368963757,-0.9395667338321438,0.09873433199325508,2.012424872769207,4.895008923697797,-1.0,-0.3787503368963757,399.7176439145416,0.0,28.978044467527425,684,True
uterus,excluded_at_or_below_-1,ENSG00000295296.1,ENSG00000295296,0.5013332704620163,3.26175296889339,-0.9180023718063607,0.16961824948511872,87.12868653401306,2.9622822466213194,0.0,0.1633562444646674,0.9865804230706031,-0.9375950280824502,-0.5627115285269242,-0.8133108758746732,0.09595794368997335,0.8675082091305659,0.08857273947842925,-0.9375950280824502,-0.5627115285269242,3.2212018100880186,0.0,3.1779746445924304,79,True
uterus,raw,ENSG00000295296.1,ENSG00000295296,2.0256576322363125,80.39322198241508,-0.9953424511204692,0.0024310469122740914,120.97435900931309,251.67450086820628,0.0,2.709437139856293,0.02579672474527248,-1.0,-0.5627115285269242,-0.9036049620529357,0.11613046451323965,1.036065565915725,0.2185738085409059,-1.0,-0.5627115285269242,79.35351984663451,0.0,2.047060909052145,153,True
vagina,excluded_at_or_below_-1,ENSG00000295296.1,ENSG00000295296,0.552303200329824,5.157286602747637,-0.8940708798778417,0.11167404136638537,37.46362998173613,7.559824199270852,0.0,0.7315461243503159,0.7652308692496005,-0.951837764827686,-0.2971057942543385,-0.7982902351325821,0.1429201815490044,1.5602811671998587,2.286401116881194,-0.951837764827686,-0.2971057942543385,5.157275436149927,0.0,3.9465063649646215,70,True
vagina,raw,ENSG00000295296.1,ENSG00000295296,1.794871804417893,157.4605385457729,-0.9936782657269195,0.0035866924502791,200.35897435974985,274.654782920017,0.0,2.492625858125464,0.04547766262292662,-1.0,-0.2971057942543385,-0.9169430379957693,0.1351034302433223,2.101795156024141,4.785672479823761,-1.0,-0.2971057942543385,154.95225676424218,0.0,7.046866455785359,170,True
whole_blood,excluded_at_or_below_-1,ENSG00000295296.1,ENSG00000295296,0.497948801107757,12.629363678336475,-0.9005230397281123,0.0875877922033037,178.98854539215455,6.337718421586033,0.0,0.9495883809246091,0.6370807713212616,-0.9593347722697876,-0.5080032825130558,-0.8670262568971234,0.06978509229569543,1.6037306981160895,4.155613753794602,-0.9593347722697876,-0.5080032825130558,12.629360929123985,0.0,8.045923002020915,164,True
whole_blood,raw,ENSG00000295296.1,ENSG00000295296,4.205128205128205,660.8508108823248,-0.9938528395155297,1.3953023629904924e-05,1216.3589743589744,49243.45081113724,,623.0475886667177,,-1.0,-0.5080032825130558,-0.9728422243227002,0.06218592465341969,2.708631146936187,8.622466063602927,-1.0,-0.5080032825130558,0.0,0.0,0.0,803,True
adipose_subcutaneous,excluded_at_or_below_-1,ENSG00000295297.1,ENSG00000295297,0.36005318692548943,7.309753948796941,-0.8493350313763669,0.10526615534241683,72.11647230913428,9.307182344136557,0.0,1.1775950140545752,0.49989695370694953,-0.9369886241420268,-0.1565603836816738,-0.7826906527799509,0.1568253028589013,2.179020120365225,4.816477679151417,-0.9369886241420268,-0.1565603836816738,7.309668321546477,0.0,3.6540809265492746,76,True
adipose_subcutaneous,raw,ENSG00000295297.1,ENSG00000295297,1.9487179503666936,695.7981947737749,-0.9883967326703413,0.003538558600880171,357.8974358974693,332.4501242178326,0.0,4.637339627882032,2.1589544934701705e-05,-1.0,-0.1565603836816738,-0.9768690330690145,0.0841717191246839,5.29360579034023,35.10428408717479,-1.0,-0.1565603836816738,689.4551495616495,0.0,0.01488502293192262,714,True
adipose_visceral_omentum,excluded_at_or_below_-1,ENSG00000295297.1,ENSG00000295297,,,,,,,,,,-0.938516863408937,-0.208801887970773,,,,,,,,,,9,False
adipose_visceral_omentum,raw,ENSG00000295297.1,ENSG00000295297,0.2307692307692357,652.4791721561497,-0.990400593643724,0.000833250699214319,8.923076923076923,1326.548529678029,0.0,16.292348356355287,0.0,-1.0,-0.208801887970773,-0.9959454901930489,0.04319889253535687,14.064871352342317,221.99798985260617,-1.0,-0.208801887970773,545.0889227245616,0.0,0.0,587,True
adrenal_gland,excluded_at_or_below_-1,ENSG00000295297.1,ENSG00000295297,0.1303009897264855,0.6241820776968218,-0.9327385775257787,0.015013903449536648,8.238303642201963,8.322053930199303,0.0,2.404952388834845,0.05547159507242947,-0.9582705932887368,-0.8443880500423729,-0.9184880514294496,0.03431207443667845,1.0961994925765857,0.14101139241324168,-0.9582705932887368,-0.8443880500423729,0.624173459961404,0.0,0.03462389742593627,11,True
adrenal_gland,raw,ENSG00000295297.1,ENSG00000295297,0.28205128205128205,342.11159047678274,-0.9980823044666255,6.346010909240089e-05,9.897435897435898,3425.088645043421,0.0,42.73599700012389,0.0,-1.0,-0.8443880500423729,-0.9969605714092337,0.016714297177673282,6.203184296777017,41.78978578659047,-1.0,-0.8443880500423729,29.72478103979495,0.0,0.0,295,True
artery_aorta,excluded_at_or_below_-1,ENSG00000295297.1,ENSG00000295297,,,,,,,,,,-0.9079035427130656,0.3481474189913467,,,,,,,,,,7,False
artery_aorta,raw,ENSG00000295297.1,ENSG00000295297,0.1842357349542406,454.5273785715025,-0.9831649581507866,0.01412509593064104,118.48666664741555,133.29183948587345,0.0,1.685535066323315,0.2430072876148619,-1.0,0.3481474189913467,-0.9951176253743702,0.06475253491533207,19.20337072808053,391.7041179791091,-1.0,0.3481474189913467,451.87598227578445,0.0,109.80915679113978,472,True
artery_coronary,excluded_at_or_below_-1,ENSG00000295297.1,ENSG00000295297,,,,,,,,,,-0.9400231959433756,-0.8440966636049476,,,,,,,,,,4,False
artery_coronary,raw,ENSG00000295297.1,ENSG00000295297,0.10256410256309777,381.33861706171865,-0.9985382798631105,0.0008027748427280029,3.5897435905774793,272.0730853559124,0.0,2.5750488579816615,0.03688511438088878,-1.0,-0.8440966636049476,-0.9982870877616734,0.014587505623110586,8.890670700887219,80.11362033304921,-1.0,-0.8440966636049476,375.4767839444375,0.0,13.849504123159317,268,True
artery_tibial,excluded_at_or_below_-1,ENSG00000295297.1,ENSG00000295297,0.2650236674156024,21.235285512247337,-0.9634909978526369,0.026693892408338107,10.215249075489568,8.49249163712022,0.0,-2.139421762720114,1.0,-0.9231084871275408,-0.803191546573445,-0.8787600965693001,0.04156333877296482,0.5192127600145,-1.213807558691452,-0.9231084871275408,-0.803191546573445,2.153515169574228,0.0,2.153515169574253,16,True
artery_tibial,raw,ENSG00000295297.1,ENSG00000295297,0.41025641025641024,911.9000459756452,-0.9978698547124618,0.0006009961370056418,17.435897435897434,458.1006211483545,0.0,5.012478733176236,3.7540437839365356e-06,-1.0,-0.803191546573445,-0.997192708458913,0.01924867026485842,7.3843552690689345,56.84064179668084,-1.0,-0.803191546573445,850.4246531554314,0.0,0.0031925313828845003,691,True
bladder,excluded_at_or_below_-1,ENSG00000295297.1,ENSG00000295297,,,,,,,,,,-0.8852438663693614,-0.4888376359685682,,,,,,,,,,4,False
bladder,raw,ENSG00000295297.1,ENSG00000295297,0.10256410256410256,81.25717554310309,-0.9942536210152653,0.0019519397274291575,3.5897435897435948,366.18248537550585,0.0,4.163349400880995,0.00017456764080017641,-1.0,-0.4888376359685682,-0.9885630778197281,0.06250428274249632,6.993032947874157,51.89150025960309,-1.0,-0.4888376359685682,80.16430009892012,0.0,0.013994092744666009,77,True
brain_amygdala,excluded_at_or_below_-1,ENSG00000295297.1,ENSG00000295297,0.440348771024625,2.8221040202730454,-0.8966168820580871,0.027917762058863975,26.734589404762158,17.7336190023671,0.0,3.398507564771519,0.003104638102968132,-0.9637062722837972,-0.5465403667969347,-0.8442564267445832,0.09679554899423033,1.2391508059079654,1.1484858277895924,-0.9637062722837972,-0.5465403667969347,2.82191011868366,0.0,0.008761009677616616,31,True
brain_amygdala,raw,ENSG00000295297.1,ENSG00000295297,0.8157894080612917,148.88159964866475,-0.9943321508592264,0.0022359226403247962,54.467614889075875,283.22679985392796,0.0,3.5848955504125355,0.0016639628656846212,-1.0,-0.5465403667969347,-0.9733256863485198,0.07087682145358569,3.2202180673440886,11.271568619720176,-1.0,-0.5465403667969347,144.88880066896013,0.0,0.2410895839667302,181,True
brain_anterior_cingulate_cortex_ba24,excluded_at_or_below_-1,ENSG00000295297.1,ENSG00000295297,-0.1889580415456029,13.016599274013828,-1.163381594531804,0.42900098776351253,174.1556627557404,2.881285805397942,0.0,-0.6836099847101195,1.0,-0.9560088422909574,-0.2893449642575666,-0.788554234760758,0.13429015060453442,1.1020195099561378,1.3136007718726042,-0.9560088422909574,-0.2893449642575666,10.099315378840377,0.0,10.099315378840375,138,True
brain_anterior_cingulate_cortex_ba24,raw,ENSG00000295297.1,ENSG00000295297,3.53846154866144,108.86394455662247,-0.9922972846269814,0.002828500918094611,565.6923076923078,351.466990450102,0.0,3.8512572076380325,0.000627719397683408,-1.0,-0.2893449642575666,-0.8747660274548696,0.14660313324831795,1.2408758911625322,1.2883541856101761,-1.0,-0.2893449642575666,104.31604216776908,0.0,0.065481203158269,233,True
brain_caudate_basal_ganglia,excluded_at_or_below_-1,ENSG00000295297.1,ENSG00000295297,0.09807813232074165,2736484357436.3843,-3.6707797952103753,0.5205906374704475,23.19642866924736,8.695821307382948,0.0,-7.366123423226036,1.0,-0.9592127514405284,-0.4697334481910454,-0.8803254661531745,0.10729760956454065,2.726014508734638,7.890415853665784,-0.9592127514405284,-0.4697334481910454,4.516714997387394,0.0,4.516714997387395,22,True
brain_caudate_basal_ganglia,raw,ENSG00000295297.1,ENSG00000295297,0.5641025194761397,318.6580110543783,-0.9945404799478273,0.003140327379093346,55.58974383608968,236.3413530959592,0.0,2.4586377054929334,0.048790068785737,-1.0,-0.4697334481910454,-0.9912238675178996,0.04225048875110833,7.96603732747506,82.03667069363183,-1.0,-0.4697334481910454,317.9509971641925,0.0,15.51285102213457,300,True
brain_cerebellar_hemisphere,excluded_at_or_below_-1,ENSG00000295297.1,ENSG00000295297,,,,,,,,,,-0.944414218235216,-0.9327096093750076,,,,,,,,,,4,False
brain_cerebellar_hemisphere,raw,ENSG00000295297.1,ENSG00000295297,0.10256410256410256,330.6358726992225,-0.9992666930044863,0.0002461211678005189,3.5897435897435965,382.4373627915588,0.0,4.213585965425529,0.00014617884605424368,-1.0,-0.9327096093750076,-0.9991170867053738,0.007324678168203119,8.200369262684017,65.58408684748014,-1.0,-0.9327096093750076,315.62160902733063,0.0,0.04613720259738954,277,True
brain_cerebellum,excluded_at_or_below_-1,ENSG00000295297.1,ENSG00000295297,,,,,,,,,,-0.9449570934535144,-0.8554680265480312,,,,,,,,,,6,False
brain_cerebellum,raw,ENSG00000295297.1,ENSG00000295297,0.15384615384619388,328.91223241322785,-0.9985087964049152,0.0006497457734295364,7.076923123025012,311.33745685816587,0.0,3.245700756616433,0.005180723933673655,-1.0,-0.8554680265480312,-0.9978788779616137,0.014851820338160711,7.528356896852866,58.56928877908631,-1.0,-0.8554680265480312,327.443237874049,0.0,1.6963930193736807,266,True
brain_cortex,excluded_at_or_below_-1,ENSG00000295297.1,ENSG00000295297,0.49103763928541666,6.35277995175761,-0.8830843327669363,0.09939558611765613,94.99502149929529,5.802574602334019,0.0,1.1747616089595043,0.5015605241364616,-0.9656504470920694,-0.4752602820467538,-0.8410878146316918,0.0900688272484946,1.4113018471714573,2.589170874161243,-0.9656504470920694,-0.4752602820467538,6.352770272354826,0.0,3.186298787520818,100,True
brain_cortex,raw,ENSG00000295297.1,ENSG00000295297,2.5641025594109275,192.48516358492355,-0.9940732820685688,0.0016940254140466395,389.5897435897436,433.117694033676,0.0,4.947768085112815,4.9038319932399296e-06,-1.0,-0.4752602820467538,-0.9411436350487745,0.0943208137468753,1.8115836600456623,3.4591524226818064,-1.0,-0.4752602820467538,189.6742610772304,0.0,0.0009301307097646649,270,True
brain_frontal_cortex_ba9,excluded_at_or_below_-1,ENSG00000295297.1,ENSG00000295297,0.8494776060450421,7.097650196269486,-0.8798301832740615,0.06677361479950317,162.66187538177024,6.592711969882276,0.0,1.4564927205344753,0.3462230999431844,-0.9486000540113014,-0.5685481949849016,-0.84576043286059,0.07509586469773548,1.1976029887672894,1.3844469929419088,-0.9486000540113014,-0.5685481949849016,7.097553602556582,0.0,2.457337010290056,116,True
brain_frontal_cortex_ba9,raw,ENSG00000295297.1,ENSG00000295297,2.974358988785909,163.68489261353403,-0.9952806854224477,0.0022827134046075614,492.9743589858479,264.37435127156294,0.0,2.9237654920711313,0.014204185737249889,-1.0,-0.5685481949849016,-0.9334877703041949,0.0909758210273219,1.3010292630236742,1.1599838844766825,-1.0,-0.5685481949849016,160.44632361980493,0.0,2.279009381554642,269,True
brain_hippocampus,excluded_at_or_below_-1,ENSG00000295297.1,ENSG00000295297,0.9459859061125698,5.995043553984056,-0.8765932489947829,0.05435520526669956,80.80888071179865,13.262942147123152,0.0,2.3446996777223084,0.06400409416529751,-0.96671162691325,-0.3668329397826932,-0.7967557411910576,0.1337093749722246,1.343916636726003,1.2781461504714855,-0.96671162691325,-0.3668329397826932,5.995043176177752,0.0,0.38370730797310515,76,True
brain_hippocampus,raw,ENSG00000295297.1,ENSG00000295297,1.9487180234664527,201.3856389255405,-0.9930470121400806,0.0026795793607746372,185.89743589743608,330.4997967370098,0.0,3.6696094448462198,0.001224433890858176,-1.0,-0.3668329397826932,-0.9394252405118447,0.11813208736578634,2.3789099606101063,5.837829824930445,-1.0,-0.3668329397826932,195.87596051399655,0.0,0.23983716445773506,255,True
brain_hypothalamus,excluded_at_or_below_-1,ENSG00000295297.1,ENSG00000295297,0.2699632696455316,3.904560802046003,-0.9101580982669828,0.006749945206352975,9.34449934337612,50.01441754250653,0.0,13.133737096327732,0.0,-0.9728445327020308,-0.6714426829140967,-0.8917881335569632,0.06662237786592787,2.176874078832101,5.217753331565824,-0.9728445327020308,-0.6714426829140967,3.90076729489539,0.0,0.0,17,True
brain_hypothalamus,raw,ENSG00000295297.1,ENSG00000295297,0.4358974358974282,322.0939578899418,-0.9967513302354798,0.0015775210534973109,21.58974359060094,291.6321782072053,0.0,2.91236229809452,0.014404637677489807,-1.0,-0.6714426829140967,-0.9928420166166084,0.03167927394289729,6.02933715776176,46.06554747127729,-1.0,-0.6714426829140967,321.8614853590719,0.0,4.636298078936121,257,True
brain_nucleus_accumbens_basal_ganglia,excluded_at_or_below_-1,ENSG00000295297.1,ENSG00000295297,0.11127942732840422,667118.9506468643,-4.130898497300678,0.9030810909008021,46.648739039076986,5.321214327319931,0.0,-4.966558378591726,1.0,-0.9593796560905722,-0.7329053175652924,-0.876117314164277,0.06211240309138489,0.5625039047141096,-0.7177872082108916,-0.9593796560905722,-0.7329053175652924,2.463137320231014,0.0,2.4631373202310094,59,True
brain_nucleus_accumbens_basal_ganglia,raw,ENSG00000295297.1,ENSG00000295297,1.5128186004516928,406.89569460549194,-0.9978144443917514,0.00149525154703073,77.7435897762775,250.55187583543972,0.0,2.0671052898381137,0.11817387551897753,-1.0,-0.7329053175652924,-0.974354110651552,0.057585869422808876,2.3240170043918305,4.5612705700997305,-1.0,-0.7329053175652924,406.54432030498043,0.0,48.04291790066809,285,True
brain_putamen_basal_ganglia,excluded_at_or_below_-1,ENSG00000295297.1,ENSG00000295297,0.13508086145391315,0.4194746981923971,-0.9346319696760104,0.028543648030384797,9.391097257933508,4.458615006495971,0.0,1.2892693005950115,0.435541901216873,-0.9606538168083572,-0.8446419279775996,-0.9162676765565233,0.036342004489473174,0.9156436911843939,-0.1821951304292928,-0.9606538168083572,-0.8446419279775996,0.4194519983203352,0.0,0.18268892081765536,12,True
brain_putamen_basal_ganglia,raw,ENSG00000295297.1,ENSG00000295297,0.307692307691368,261.1373844436037,-0.9982674230150412,0.0007527603590811148,12.307692307715437,288.61676360513485,0.0,3.2549985402727533,0.005065197843541945,-1.0,-0.8446419279775996,-0.9960441421995209,0.019345677999432414,5.479553431310994,32.07735583071726,-1.0,-0.8446419279775996,257.9848799998043,0.0,1.3067444578414358,254,True
brain_spinal_cord_cervical_c-1,excluded_at_or_below_-1,ENSG00000295297.1,ENSG00000295297,,,,,,,,,,-0.9401961997959072,-0.6866601003336343,,,,,,,,,,7,False
brain_spinal_cord_cervical_c-1,raw,ENSG00000295297.1,ENSG00000295297,0.1794871794871792,215.77309183652397,-0.9964934765314951,0.0013529500324650939,9.743589743689576,323.863078591681,0.0,3.6653039114120305,0.001225917780813783,-1.0,-0.6866601003336343,-0.9961877618476157,0.025547964367547405,9.576672048617318,106.24292054589866,-1.0,-0.6866601003336343,212.95193435374222,0.0,0.2610615627829367,204,True
brain_substantia_nigra,excluded_at_or_below_-1,ENSG00000295297.1,ENSG00000295297,0.24696127679236074,1.1401962735564741,-0.8900010221079925,0.061462172799598015,18.752092844862187,4.096134716033531,0.0,1.4055638048112777,0.3722505870139179,-0.9510872736831844,-0.7119816999733437,-0.8654833334120768,0.05917725822191527,0.841557538460764,0.2845312108404805,-0.9510872736831844,-0.7119816999733437,1.1399370387346885,0.0,0.424342231827895,29,True
brain_substantia_nigra,raw,ENSG00000295297.1,ENSG00000295297,1.0309877184582432,138.7674369953637,-0.996410533213529,0.003356320551259912,243.09564595560346,119.84645308900231,0.0,1.5124516665160304,0.3200381758751696,-1.0,-0.7119816999733437,-0.9786831511964494,0.054452577573138594,2.6846303887192366,6.799400600704853,-1.0,-0.7119816999733437,138.15267106216265,0.0,44.214128839016865,183,True
breast_mammary_tissue,excluded_at_or_below_-1,ENSG00000295297.1,ENSG00000295297,0.46227051125768504,15.106642632679552,-0.8263633510577628,0.4211991413980749,443.5274403116431,5.815470635748715,0.0,0.39612392107885375,0.9245437100622507,-0.9443420353843912,0.9056743720798835,-0.5933335509792039,0.31295760611540874,2.0815605521294196,5.53819500549832,-0.9443420353843912,0.9056743720798835,15.106609702751534,0.0,13.966720981044297,178,True
breast_mammary_tissue,raw,ENSG00000295297.1,ENSG00000295297,4.552631522401819,350.45075502801666,-0.9809755672715984,0.02031397500770413,1667.394736648689,131.34435435060587,0.0,1.3244385094870166,0.41600470116365634,-1.0,0.9056743720798835,-0.859169984580347,0.26702760295327543,2.817413178811067,10.354011258491916,-1.0,0.9056743720798835,350.44726287529505,0.0,145.78770886605844,514,True
cells_cultured_fibroblasts,excluded_at_or_below_-1,ENSG00000295297.1,ENSG00000295297,0.11917394204955879,1329799966322.5037,-4.664981475305078,0.7212969067582046,7.306006160998708,8.442436364653464,0.0,-7.314567925566925,1.0,-0.93430362058917,-0.3590524435475649,-0.8182169467763369,0.1386879606413446,2.0446266876396426,4.140030002521757,-0.93430362058917,-0.3590524435475649,3.20419004846952,0.0,3.20419004846952,20,True
cells_cultured_fibroblasts,raw,ENSG00000295297.1,ENSG00000295297,0.5128205128205121,682.8544250787904,-0.9928031819994574,0.0029144557091436867,27.74358975163588,307.52187678500206,0.0,3.4921915575409104,0.002270926787298503,-1.0,-0.3590524435475649,-0.9944238327232006,0.03931207943250703,10.209873842157085,129.84379128857725,-1.0,-0.3590524435475649,675.969538474969,0.0,1.535077332320612,652,True
cells_ebv-transformed_lymphocytes,excluded_at_or_below_-1,ENSG00000295297.1,ENSG00000295297,0.414067068120056,52274585098.062805,-1.057094762244092,0.02474426204487069,15.16599274366276,16.07778858911114,0.0,-6.724939368393846,1.0,-0.9394296044526668,-0.7757843402994591,-0.8757875250572983,0.05216427927288842,0.4451542736659723,-0.8210944312090671,-0.9394296044526668,-0.7757843402994591,7.9040192113920025,0.0,7.904019211390684,21,True
cells_ebv-transformed_lymphocytes,raw,ENSG00000295297.1,ENSG00000295297,0.8419918470678696,300.73550773133803,-0.9972230108076882,0.0025169505301730647,60.5785114737447,124.42102747449383,0.0,1.5603229905599203,0.2971779172350466,-1.0,-0.7757843402994591,-0.9920230520679,0.03312081402432114,4.484364229638568,20.336463046104374,-1.0,-0.7757843402994591,299.5710208326206,0.0,89.02589203501492,327,True
cervix_ectocervix,excluded_at_or_below_-1,ENSG00000295297.1,ENSG00000295297,,,,,,,,,,,,,,,,,,,,,0,False
cervix_ectocervix,raw,ENSG00000295297.1,ENSG00000295297,0.0,24.0,-0.9875,1.0001e-06,0.0,-17675.90193946968,0.0,,,-1.0,-1.0,-1.0,0.0,,,,-1.0,1.9600537358379766e-188,0.0,,24,True
cervix_endocervix,excluded_at_or_below_-1,ENSG00000295297.1,ENSG00000295297,,,,,,,,,,-0.874579007373432,-0.874579007373432,,,,,,,,,,1,False
cervix_endocervix,raw,ENSG00000295297.1,ENSG00000295297,0.025641025641033037,53.11859719243523,-0.9990223246266036,0.0006280895459935897,0.9743589743729023,280.1979878963456,0.0,2.2013449857191683,0.08974296245103233,-1.0,-0.874579007373432,-0.9945469133640623,0.02615208478798553,4.477215043467822,18.045454545454582,-1.0,-0.874579007373432,52.4768904591738,0.0,4.709431610024555,23,True
colon_sigmoid,excluded_at_or_below_-1,ENSG00000295297.1,ENSG00000295297,,,,,,,,,,-0.931133862681336,-0.8693366135011286,,,,,,,,,,5,False
colon_sigmoid,raw,ENSG00000295297.1,ENSG00000295297,0.12820512816741556,440.2769732410887,-0.9985158074275767,0.0005995335474814008,4.358974388489569,304.71517197771925,0.0,3.5009971900852856,0.0021909847685332197,-1.0,-0.8693366135011286,-0.9988124812991382,0.011146853384690682,9.779937118958413,97.9736308085828,-1.0,-0.8693366135011286,438.04319368901116,0.0,0.9597459653322451,419,True
colon_transverse,excluded_at_or_below_-1,ENSG00000295297.1,ENSG00000295297,,,,,,,,,,-0.9782147094497328,-0.8660012326639331,,,,,,,,,,5,False
colon_transverse,raw,ENSG00000295297.1,ENSG00000295297,0.1282051282051365,474.049902009538,-0.9983143069860321,0.0005524030491210768,4.358974358974375,338.7362623781943,0.0,4.315562570019403,9.358540543879469e-05,-1.0,-0.8660012326639331,-0.9992121231097127,0.008522634218445442,12.153604954595934,159.1137167204573,-1.0,-0.8660012326639331,457.56024459265734,0.0,0.042820961002880714,479,True
esophagus_gastroesophageal_junction,excluded_at_or_below_-1,ENSG00000295297.1,ENSG00000295297,0.20271958156884323,1.3366293363223138,-0.8455272662090721,0.016747816855748544,14.399637809167519,17.510076174489274,0.0,5.238587622176174,1.0986840637609736e-06,-0.9075652132442962,-0.6381642789609083,-0.8180525765968957,0.07893548074651212,1.2843872404921763,0.5930277923994258,-0.9075652132442962,-0.6381642789609083,1.3366256771214895,0.0,1.468529330667101e-06,14,True
esophagus_gastroesophageal_junction,raw,ENSG00000295297.1,ENSG00000295297,0.35897435897436425,503.5068236420584,-0.9962701597059791,0.001558585061800018,22.974358993832578,324.9345869710526,0.0,3.3843457495980585,0.0032721068843162594,-1.0,-0.6381642789609083,-0.993679245837113,0.03625394165760554,6.603350165970076,48.32386935297114,-1.0,-0.6381642789609083,501.20759798404623,0.0,1.6400048318352294,403,True
esophagus_mucosa,excluded_at_or_below_-1,ENSG00000295297.1,ENSG00000295297,0.18284711209687027,415042671064.3207,-1.5253429822762903,0.11693755338498454,8.373479630178142,9.265959360493131,0.0,-7.317349933763049,1.0,-0.9202908025473796,-0.759165478248857,-0.857486673194721,0.05584111764861674,0.4658759295794872,-1.0749219908686296,-0.9202908025473796,-0.759165478248857,0.9800438641295262,0.0,0.9800438641294843,10,True
esophagus_mucosa,raw,ENSG00000295297.1,ENSG00000295297,0.2564306388728474,668.0848479938064,-0.9972938429723631,0.000956168683326461,11.43589745209978,352.20183305535954,0.0,4.002519677889051,0.0003363829913059759,-1.0,-0.759165478248857,-0.9976789360455167,0.019279718759772854,9.122216083525782,88.20576337044704,-1.0,-0.759165478248857,659.5735498188723,0.0,0.22186932367436724,614,True
esophagus_muscularis,excluded_at_or_below_-1,ENSG00000295297.1,ENSG00000295297,,,,,,,,,,-0.931429614034333,-0.3076638659811382,,,,,,,,,,9,False
esophagus_muscularis,raw,ENSG00000295297.1,ENSG00000295297,0.16973445298235013,540.2461965938891,-0.9913748669204985,0.007583384350618504,154.84456364393498,127.50420202468909,0.0,1.6084876638633228,0.27564253920904774,-1.0,-0.3076638659811382,-0.9966659090872375,0.034321795856795574,15.747267842059646,293.8558895645633,-1.0,-0.3076638659811382,537.5700479959986,0.0,148.17717303234642,561,True
fallopian_tube,excluded_at_or_below_-1,ENSG00000295297.1,ENSG00000295297,,,,,,,,,,,,,,,,,,,,,0,False
fallopian_tube,raw,ENSG00000295297.1,ENSG00000295297,0.0,29.0,-0.9875,1.0001e-06,0.0,-17675.90193946968,0.0,,,-1.0,-1.0,-1.0,0.0,,,,-1.0,2.368398264137555e-188,0.0,,29,True
heart_atrial_appendage,excluded_at_or_below_-1,ENSG00000295297.1,ENSG00000295297,,,,,,,,,,-0.9661745977354508,-0.7701549374783359,,,,,,,,,,9,False
heart_atrial_appendage,raw,ENSG00000295297.1,ENSG00000295297,0.2307687933337943,506.16861292215805,-0.9975226095582784,0.0011734337415013187,6.923076943686532,274.0218165955065,0.0,2.98573241765968,0.011854690200539442,-1.0,-0.7701549374783359,-0.997875946932942,0.017254355262705048,9.486248212617756,98.23929409940807,-1.0,-0.7701549374783359,495.0221446134497,0.0,5.868334166799078,461,True
heart_left_ventricle,excluded_at_or_below_-1,ENSG00000295297.1,ENSG00000295297,,,,,,,,,,-0.9623155641631188,-0.8839280709107261,,,,,,,,,,7,False
heart_left_ventricle,raw,ENSG00000295297.1,ENSG00000295297,0.17948621520694993,577.8075910164541,-0.998871843888798,0.0006310480953764473,7.743589780677322,257.59533044617194,0.0,2.528260024276434,0.04104606529990876,-1.0,-0.8839280709107261,-0.9985715089186521,0.011856702470378512,8.531545312968289,72.68442056046588,-1.0,-0.8839280709107261,576.0830588207814,0.0,23.64594285052896,452,True
kidney_cortex,excluded_at_or_below_-1,ENSG00000295297.1,ENSG00000295297,,,,,,,,,,-0.9618560393375768,-0.777060694810767,,,,,,,,,,8,False
kidney_cortex,raw,ENSG00000295297.1,ENSG00000295297,0.20512820512820518,99.12172648556476,-0.9973859056371539,0.0009343963808592855,8.358974359128178,333.46330065710197,0.0,3.956444799005399,0.00039896408555682294,-1.0,-0.777060694810767,-0.9921836152147766,0.03122306091435366,4.734733021730286,24.51177766713748,-1.0,-0.777060694810767,99.11294790813233,0.0,0.03954250662900913,104,True
kidney_medulla,excluded_at_or_below_-1,ENSG00000295297.1,ENSG00000295297,,,,,,,,,,-0.8937548774212607,-0.7990324414248432,,,,,,,,,,2,False
kidney_medulla,raw,ENSG00000295297.1,ENSG00000295297,0.05128206207650733,10.991548754891141,-0.9980110296951589,0.0011536527230792493,1.8974358975858436,243.91934637196889,0.0,2.438193681679308,0.051202892675443444,-1.0,-0.7990324414248432,-0.9720715744405549,0.06564755835132506,2.0261562401704802,2.565254929065876,-1.0,-0.7990324414248432,10.986768869513767,0.0,0.5625543472756187,11,True
liver,excluded_at_or_below_-1,ENSG00000295297.1,ENSG00000295297,,,,,,,,,,-0.9266129829406432,-0.9044873552399976,,,,,,,,,,2,False
liver,raw,ENSG00000295297.1,ENSG00000295297,0.05128205128205129,286.0443789901647,-0.9989087431486104,0.00033188909375130954,1.8974358974358976,402.33924486385575,0.0,4.649957676596972,2.0289308930011162e-05,-1.0,-0.9044873552399976,-0.9993553448022162,0.007427668460731656,11.60327363629985,134.7304967546359,-1.0,-0.9044873552399976,284.43655895978,0.0,0.005771021215724308,262,True
lung,excluded_at_or_below_-1,ENSG00000295297.1,ENSG00000295297,,,,,,,,,,-0.909580120520449,-0.6285303502744706,,,,,,,,,,7,False
lung,raw,ENSG00000295297.1,ENSG00000295297,0.17948717948714354,705.0772746949635,-0.99605752518385,0.001716711839487513,9.743589743590249,302.76596417758543,0.0,3.2477794036639995,0.0052089533367313395,-1.0,-0.6285303502744706,-0.9980451248769785,0.02095647124009371,13.328703986442925,200.0317229913732,-1.0,-0.6285303502744706,693.4285576285488,0.0,3.6120369990440286,604,True
minor_salivary_gland,excluded_at_or_below_-1,ENSG00000295297.1,ENSG00000295297,0.7977854794080997,10.476641810096103,-0.8381086233354114,0.12002814238415145,72.14667451703716,13.246033830019451,0.0,1.2721844576671135,0.44523342911461056,-0.9460823702195388,0.2861182097794998,-0.6999071451045301,0.2519120195106909,1.9934671940668982,3.574223512572564,-0.9460823702195388,0.2861182097794998,10.47590771003738,0.0,4.66422431282813,97,True
minor_salivary_gland,raw,ENSG00000295297.1,ENSG00000295297,2.4871794871290125,159.10884881172262,-0.9901992157122561,0.007673692873759665,561.7435897455803,235.21731227942868,0.0,1.8062231952254335,0.19861588093368002,-1.0,0.2861182097794998,-0.8391767573212122,0.23741814965650912,2.2901775473206847,5.81328791093738,-1.0,0.2861182097794998,156.76533448515906,0.0,31.136085008632975,181,True
muscle_skeletal,excluded_at_or_below_-1,ENSG00000295297.1,ENSG00000295297,0.19306580811599844,1721174651906.858,-3.934619816965747,0.5741537257807316,44.70410218857943,8.322074672727174,0.0,-7.343818094612113,1.0,-0.9531178481951248,-0.555957423462829,-0.8630061535617227,0.09214238507631459,1.5677639503808578,2.6911962589452365,-0.9531178481951248,-0.555957423462829,3.3458669170966777,0.0,3.3458669170966777,26,True
muscle_skeletal,raw,ENSG00000295297.1,ENSG00000295297,0.6666666666666666,855.8849391512348,-0.9944455693328099,1.392159371000775e-05,48.66666666666668,44543.45499131895,,564.2422372342542,,-1.0,-0.555957423462829,-0.9956456723625976,0.028949291394337665,8.84097664651518,95.17741868280096,-1.0,-0.555957423462829,0.0,0.0,0.0,818,True
nerve_tibial,excluded_at_or_below_-1,ENSG00000295297.1,ENSG00000295297,0.0239064737425088,8.949222000790899,-0.8961830835793969,0.19791344433240377,2.3717345480089445,19.832341063365877,0.0,0.4611847233382682,0.8991911975413875,-0.9607240125436204,1.879272500681362,-0.7359567970899696,0.4938892197970071,5.014094243311033,24.087313012402333,-0.9607240125436204,1.879272500681362,8.948451636428022,0.0,8.046368943100902,31,True
nerve_tibial,raw,ENSG00000295297.1,ENSG00000295297,1.4302316204505234,602.9191176149959,-0.9640296262827042,0.03515073087921833,1523.9258146188065,114.39410587772873,0.0,1.4471901175944983,0.35246182141251087,-1.0,1.879272500681362,-0.9877830756862525,0.1184041896670952,21.491976689106778,512.3140201568426,-1.0,1.879272500681362,600.2921220613623,0.0,211.58005472132905,670,True
ovary,excluded_at_or_below_-1,ENSG00000295297.1,ENSG00000295297,,,,,,,,,,-0.907210729086837,-0.5022660418361169,,,,,,,,,,9,False
ovary,raw,ENSG00000295297.1,ENSG00000295297,0.23076923379881922,226.5104033572324,-0.9950483248942479,0.0027772548857986383,12.923076928180159,250.93101521273707,0.0,2.5214560344561545,0.04163889290349641,-1.0,-0.5022660418361169,-0.9898364736835483,0.052344579733723605,6.323416859815215,45.8081900343123,-1.0,-0.5022660418361169,226.4765099870267,0.0,9.430231144507431,193,True
pancreas,excluded_at_or_below_-1,ENSG00000295297.1,ENSG00000295297,0.4907831179863847,17.764054754339398,1.190360868769145,1.1205356923124987,130.7233364963688,2.7773432339604094,0.0,2.3639957637179037,0.040890812539143645,-0.6827237205742407,3.390956525787904,1.2161518607397925,0.7871184551554496,0.07711418016168667,-0.3214911226858739,-0.6827237205742407,3.390956525787904,17.388492725726294,0.0,0.7110295963859368,362,True
pancreas,raw,ENSG00000295297.1,ENSG00000295297,0.4907831179863847,17.764054754339398,1.190360868769145,1.1205356923124987,130.7233364963688,2.7773432339604094,0.0,2.3639957637179037,0.040890812539143645,-0.6827237205742407,3.390956525787904,1.2161518607397925,0.7871184551554496,0.07711418016168667,-0.3214911226858739,-0.6827237205742407,3.390956525787904,17.388492725726294,0.0,0.7110295963859368,362,True
pituitary,excluded_at_or_below_-1,ENSG00000295297.1,ENSG00000295297,0.08374225128581299,1.4777043724300742,-0.9205013957643646,0.1597157135887318,23.639288205485784,4.218698175890518,0.0,0.22620082216720366,0.9747438904902178,-0.9460476263253056,-0.4440582279819894,-0.8170915967575015,0.12018356484024936,1.7145575872846224,2.773654774010642,-0.9460476263253056,-0.4440582279819894,1.4774930741379395,0.0,1.4401773472575667,23,True
pituitary,raw,ENSG00000295297.1,ENSG00000295297,0.5897435898205118,359.796003482732,-0.994342526294826,0.0027686833203629663,37.43589744245221,281.07928130002006,0.0,2.8897765171560086,0.01538478776770381,-1.0,-0.4440582279819894,-0.9865594464071008,0.057476392049303465,5.694909345029963,38.98377982020207,-1.0,-0.4440582279819894,359.4262892751878,0.0,5.52969717863208,313,True
prostate,excluded_at_or_below_-1,ENSG00000295297.1,ENSG00000295297,0.11233683830548746,3201370969512.9697,-3.684967481597234,0.5230685856160205,10.429298800668782,9.611172648904757,0.0,-7.457930176348001,1.0,-0.9265375720301308,-0.1301278043860924,-0.7446815552369531,0.24274982426787559,1.6317655933112465,1.7069267085594628,-0.9265375720301308,-0.1301278043860924,2.6757748283663814,0.0,2.6757748283663814,11,True
prostate,raw,ENSG00000295297.1,ENSG00000295297,0.282051282049262,312.3895787927442,-0.9907708077209484,0.004345361451641853,15.897435897485263,280.09937060996026,0.0,3.0036739258715555,0.011143148767972556,-1.0,-0.1301278043860924,-0.9900407698851292,0.06744885595941287,9.50977927708279,103.9400600331849,-1.0,-0.1301278043860924,308.01637975938024,0.0,3.4322723426311033,282,True
skin_not_sun_exposed_suprapubic,excluded_at_or_below_-1,ENSG00000295297.1,ENSG00000295297,0.11309183219179052,1.8017774604573105,-0.8750872815733792,0.09145976557488893,30.996682006335437,4.42250127593629,0.0,1.235279876364234,0.4662558031872172,-0.9549750799353672,-0.5890760731438345,-0.8461551414239845,0.07818225362740565,1.3864925715924155,2.266552918076896,-0.9549750799353672,-0.5890760731438345,1.8016716150531489,0.0,0.8400398459562167,33,True
skin_not_sun_exposed_suprapubic,raw,ENSG00000295297.1,ENSG00000295297,0.8461538461538463,903.1121745046784,-0.9950810933552946,0.0003527247491098094,59.07692307692308,1627.8353232192899,0.0,19.721849704467587,0.0,-1.0,-0.5890760731438345,-0.9922014126989117,0.037968778983573065,5.881124676310272,40.26079889093431,-1.0,-0.5890760731438345,809.3350936770744,0.0,0.0,651,True
skin_sun_exposed_lower_leg,excluded_at_or_below_-1,ENSG00000295297.1,ENSG00000295297,0.1366305817172592,952583708551.8344,-4.127997111772396,0.6150518982198406,17.497171788654793,8.116238985644172,0.0,-7.32324121184975,1.0,-0.9430655510031662,-0.5981849763621392,-0.858809498563087,0.0845495806710587,1.5137876084746285,2.4472644045165097,-0.9430655510031662,-0.5981849763621392,2.1496732345698253,0.0,2.1496732345698253,20,True
skin_sun_exposed_lower_leg,raw,ENSG00000295297.1,ENSG00000295297,0.5128205128205118,782.4647667037165,-0.9945685259282931,0.0016078656066204691,25.743589743589947,348.6429396772113,0.0,4.777304934105177,1.1087556436490426e-05,-1.0,-0.5981849763621392,-0.9962548938610898,0.02637817938737506,9.038895346093142,98.27720390132556,-1.0,-0.5981849763621392,781.1871879168381,0.0,0.008661457033491193,754,True
small_intestine_terminal_ileum,excluded_at_or_below_-1,ENSG00000295297.1,ENSG00000295297,,,,,,,,,,-0.91288344711574,-0.880451255116761,,,,,,,,,,2,False
small_intestine_terminal_ileum,raw,ENSG00000295297.1,ENSG00000295297,0.05128205127819758,219.99753303061854,-0.998654581097047,0.0005595270389018624,1.8974359073162148,298.7608017067573,0.0,3.400567849882311,0.0031091329681607344,-1.0,-0.880451255116761,-0.9990016169189976,0.010257572398906002,10.390761605301075,108.26475575350966,-1.0,-0.880451255116761,218.1312317111852,0.0,0.6781990038987528,207,True
spleen,excluded_at_or_below_-1,ENSG00000295297.1,ENSG00000295297,,,,,,,,,,-0.9383330021466506,-0.9314048511303404,,,,,,,,,,2,False
spleen,raw,ENSG00000295297.1,ENSG00000295297,0.051282051282051266,308.0251363137152,-0.9992380438318527,0.0002832982559157607,1.8974358974358974,338.6205848230544,0.0,3.803654715221015,0.0007359858229367205,-1.0,-0.9314048511303404,-0.9995297395425162,0.005532137967612447,11.690990663652615,135.0711620462359,-1.0,-0.9314048511303404,302.0481665290521,0.0,0.22230316840938574,277,True
stomach,excluded_at_or_below_-1,ENSG00000295297.1,ENSG00000295297,0.2747318143068621,1.286081086744021,-0.8491401019007131,0.023811428532966198,12.293667548455218,12.390518346033433,0.0,3.7049909251616584,0.0010452764363371417,-0.911521858784544,-0.6405181865600753,-0.8136026239097776,0.07898646858878038,0.921267129626692,-0.2961232693346796,-0.911521858784544,-0.6405181865600753,1.2860746800219411,0.0,0.0013443035583967644,19,True
stomach,raw,ENSG00000295297.1,ENSG00000295297,0.4872515351957066,434.92748153802347,-0.9956679135845612,0.000475160866138939,23.743589946035492,1057.0263597513274,0.0,12.893518382245936,0.0,-1.0,-0.6405181865600753,-0.9912984025903826,0.04273927229330215,5.501754702545347,32.2756827839393,-1.0,-0.6405181865600753,403.03348557974533,0.0,0.0,407,True
testis,excluded_at_or_below_-1,ENSG00000295297.1,ENSG00000295297,1.1297207381603032,24.686289074075585,-0.8081489148974901,0.22671771512960934,183.3345625186798,6.7677411863087675,0.0,0.8680295650137644,0.6860965306475919,-0.947305888696155,0.2768122671843445,-0.7061958373026173,0.18881066148547565,1.5985052889953129,3.620788960990862,-0.947305888696155,0.2768122671843445,24.686271371343707,0.0,16.93716514250389,307,True
testis,raw,ENSG00000295297.1,ENSG00000295297,1.4510526155235794,6508780257067.896,-10.539493158661768,1.8935066073796234,5435.997173811414,8.078432770387746,0.0,-7.124813058780144,1.0,-1.0,0.2768122671843445,-0.7821307295939699,0.20735800713276484,1.3051252268171953,2.5054343680918754,-1.0,0.2768122671843445,61.68134480542314,0.0,61.68134480542379,414,True
thyroid,excluded_at_or_below_-1,ENSG00000295297.1,ENSG00000295297,0.28947371009653977,7.314429709100246,-0.923730106813766,0.0017582919219588332,11.815790153068775,138.88663779624002,0.0,15.68445980085823,0.0,-0.9432305979007416,-0.7510523304138774,-0.8714567806457846,0.05836177970448306,0.5715341137761168,-0.7206544758987081,-0.9432305979007416,-0.7510523304138774,7.3027628769783846,0.0,0.0,14,True
thyroid,raw,ENSG00000295297.1,ENSG00000295297,0.35897435895431123,739.2415573478315,-0.9972472345194388,0.0011419072788673656,16.974358976045973,304.90406604516375,0.0,3.4092069896461434,0.003050134452653872,-1.0,-0.7510523304138774,-0.9973689984342704,0.019914588151936197,8.549298406371943,78.72878190353319,-1.0,-0.7510523304138774,725.4906579053719,0.0,2.2128440507556943,684,True
uterus,excluded_at_or_below_-1,ENSG00000295297.1,ENSG00000295297,,,,,,,,,,-0.9512155827897144,-0.7348367858727387,,,,,,,,,,4,False
uterus,raw,ENSG00000295297.1,ENSG00000295297,0.1025641025327364,217.72951384910158,-0.9975996613915659,0.001483038874074331,3.589743590036857,250.56849738940403,0.0,2.2889429762615214,0.07399645305503869,-1.0,-0.7348367858727387,-0.9965541875194786,0.024821888359881427,8.727759213280818,82.91508625845907,-1.0,-0.7348367858727387,214.29673668452622,0.0,15.857198415924822,153,True
vagina,excluded_at_or_below_-1,ENSG00000295297.1,ENSG00000295297,,,,,,,,,,-0.7229269670298737,-0.7229269670298737,,,,,,,,,,1,False
vagina,raw,ENSG00000295297.1,ENSG00000295297,0.025641025636869066,193.0397555807698,-0.9970653403306039,0.0014490508619979417,0.9743589747241557,267.54768632085586,0.0,2.864106163731861,0.016748174708391916,-1.0,-0.7229269670298737,-0.9983701586295876,0.021250531564184,12.923076923076934,165.00591715976347,-1.0,-0.7229269670298737,190.72070795384332,0.0,3.194223737319211,170,True
whole_blood,excluded_at_or_below_-1,ENSG00000295297.1,ENSG00000295297,,,,,,,,,,-0.9185894667837972,-0.7326044333110807,,,,,,,,,,6,False
whole_blood,raw,ENSG00000295297.1,ENSG00000295297,0.15384615384615385,813.2682684320263,-0.9967285820237969,0.0004972943303676654,5.07692308412525,751.1204742342638,0.0,9.303310710817577,1.861340665091125e-19,-1.0,-0.7326044333110807,-0.9986590424920814,0.016279393134426785,12.946452638584947,174.50124484583137,-1.0,-0.7326044333110807,745.5802190372922,0.0,1.3877787807814457e-16,803,True
adipose_subcutaneous,excluded_at_or_below_-1,ENSG00000295298.1,ENSG00000295298,0.5044555618117255,34.998874699765295,0.17741769353102446,0.7568981128809354,513.6227225787386,3.0770390452964875,0.0,1.8815655556574342,0.16295078893988993,-0.8296108460264002,1.8242729554320083,0.21131168490832897,0.5077726959907849,0.24185869039106134,-0.2457845674590451,-0.8296108460264002,1.8242729554320083,34.69111420242944,0.0,5.652944428489698,706,True
adipose_subcutaneous,raw,ENSG00000295298.1,ENSG00000295298,0.39797209229746866,37.5203415772575,0.18133440793703137,0.7517294428608333,516.7269466437084,3.0908274221249177,0.0,2.2224207888473346,0.07684409483110614,-1.0,1.8242729554320083,0.19773956518946811,0.520786747800213,0.15863039264871656,-0.19759265874235732,-1.0,1.8242729554320083,37.203950198312235,0.0,2.8589038771308557,714,True
adipose_visceral_omentum,excluded_at_or_below_-1,ENSG00000295298.1,ENSG00000295298,-0.03024828343015984,31.331634294253366,0.5074363798809506,0.7686923513506043,524.144399234978,2.869905971861592,0.0,2.4388300064359174,0.035403370728011696,-0.8181837542137984,2.0673668093159256,0.5093567503111679,0.5265573442605398,0.026361759007718085,-0.22228224855394307,-0.8181837542137984,2.0673668093159256,30.821700048994828,0.0,1.0911920733021403,585,True
adipose_visceral_omentum,raw,ENSG00000295298.1,ENSG00000295298,-0.1478782381295535,33.36101200644083,0.5085850211860491,0.7728021463709381,495.23603220396626,2.8525416963520436,0.0,2.7606825459438764,0.0051175209625759464,-1.0,2.0673668093159256,0.5042141378739919,0.5329776157885405,-0.02327451272131918,-0.14434135178678043,-1.0,2.0673668093159256,32.79020031349873,0.0,0.16780453747139412,587,True
adrenal_gland,excluded_at_or_below_-1,ENSG00000295298.1,ENSG00000295298,0.7564986846155619,22.263345169080676,0.17969104195142616,0.5322157126573234,303.27532732873766,5.821593366918012,0.0,2.5676280313007234,0.0370181402987944,-0.7865929895950898,2.3705507147835108,0.23485622757783853,0.4469528830941134,0.6426248139734464,1.3081702303942349,-0.7865929895950898,2.3705507147835108,22.263104137194144,0.0,0.824138712437323,295,True
adrenal_gland,raw,ENSG00000295298.1,ENSG00000295298,0.7564986846155619,22.263345169080676,0.17969104195142616,0.5322157126573234,303.27532732873766,5.821593366918012,0.0,2.5676280313007234,0.0370181402987944,-0.7865929895950898,2.3705507147835108,0.23485622757783853,0.4469528830941134,0.6426248139734464,1.3081702303942349,-0.7865929895950898,2.3705507147835108,22.263104137194144,0.0,0.824138712437323,295,True
artery_aorta,excluded_at_or_below_-1,ENSG00000295298.1,ENSG00000295298,0.09954662045255808,23.038696600866988,0.3134357612594108,0.9055492496807312,485.14125594756683,2.9650064248655768,0.0,1.84378768479344,0.17252125160826776,-0.8671783969965476,2.211988720142172,0.3659097676048697,0.5942468596070382,0.2931887149914148,-0.22811251261208687,-0.8671783969965476,2.211988720142172,22.754522800228454,0.0,3.9256387532442787,468,True
artery_aorta,raw,ENSG00000295298.1,ENSG00000295298,0.21427862683862753,24.00484203677735,0.31394151833298645,0.892387311858379,460.48313479903754,3.007936194468036,0.0,2.0822728995574282,0.10470264024153528,-1.0,2.211988720142172,0.3543342610997436,0.6048477037431836,0.23524933513703125,-0.20220066707101125,-1.0,2.211988720142172,23.74445348668051,0.0,2.4861069711477772,472,True
artery_coronary,excluded_at_or_below_-1,ENSG00000295298.1,ENSG00000295298,1.7788499632697323,11.991926970321941,0.33652064062581133,0.6304952794923766,238.4528423345368,3.6692987755913067,0.0,2.422302433210263,0.05206575057222948,-0.7434083674648724,1.9723948951304784,0.4096914457578288,0.556164910679364,0.34739548927614616,-0.16825229702869704,-0.7434083674648724,1.9723948951304784,11.977606665444338,0.0,0.6236230810952981,267,True
artery_coronary,raw,ENSG00000295298.1,ENSG00000295298,1.3370163583219916,13.657732968494644,0.3406363872438708,0.6599891402255885,262.5301377520042,3.496504520638255,0.0,2.872692966437454,0.013960926387047422,-1.0,1.9723948951304784,0.4044314030497772,0.5617614666616949,0.3046998148989919,-0.12967074860989047,-1.0,1.9723948951304784,13.62746785292958,0.0,0.19025207553660506,268,True
artery_tibial,excluded_at_or_below_-1,ENSG00000295298.1,ENSG00000295298,-0.5573790679107571,29.136956440354872,-0.2947043721329768,0.9003803035673003,786.9807073190332,2.6622833889594513,0.0,0.908350275440123,0.6519012903787116,-0.8730192168681826,1.4002783304166555,-0.11234888384118706,0.47197990375474314,0.5113946397059359,-0.27128304334845144,-0.8730192168681826,1.4002783304166555,28.29479131356564,0.0,18.4454109683098,644,True
artery_tibial,raw,ENSG00000295298.1,ENSG00000295298,-1.7931077042804098,31.434274152241997,-0.3411309070464617,1.0075873366633934,2441.3346675963444,2.4441797466583854,0.0,0.9247651029129949,0.6335963652468287,-1.0,1.4002783304166555,-0.17272457481002093,0.5075538321745378,0.37737986743077506,-0.3661335269282171,-1.0,1.4002783304166555,29.848698070040033,0.0,18.912026604527398,691,True
bladder,excluded_at_or_below_-1,ENSG00000295298.1,ENSG00000295298,0.7946229539514309,2.3820856627556872,0.25182658814437286,0.5722824688366591,77.44493062501809,2.589257688668222,0.01384106489332025,2.7717469144352385,0.0,-0.869801862739424,1.299608070340645,0.23107879721812638,0.5191194533118673,-0.016618735038457174,-0.45609915332875994,-0.869801862739424,1.299608070340645,2.3309432184873122,0.03226273634972765,0.0,76,True
bladder,raw,ENSG00000295298.1,ENSG00000295298,0.705245091778079,2.664469697900884,0.24508743305597497,0.5987031377322448,69.64643340661917,2.4909129300692836,0.032135286229886414,2.9410561314872314,0.0,-1.0,1.299608070340645,0.21509076089061815,0.5344358558199844,-0.08654672727207431,-0.40613296307966174,-1.0,1.299608070340645,2.629194802931894,0.08448992754634621,0.0,77,True
brain_amygdala,excluded_at_or_below_-1,ENSG00000295298.1,ENSG00000295298,1.628562329076219,8.507229319117572,-0.7818793876326231,0.17339850714589797,103.13115794774298,8.896594599299789,0.0,1.0217984305737058,0.593318198458673,-0.9071633809272364,0.3089432881252134,-0.5678312476685392,0.29050426903846127,1.0625408644464316,0.31481710562822807,-0.9071633809272364,0.3089432881252134,8.507130776569522,0.0,5.04743550640656,138,True
brain_amygdala,raw,ENSG00000295298.1,ENSG00000295298,3.5384615509359314,2130.7346005126738,-1.0055321078217156,0.010962181195150246,499.69230796353315,169.5783803661542,0.0,-0.7136884321381037,1.0,-1.0,0.3089432881252134,-0.6705011722555714,0.31344825231459833,1.0361994887126436,0.42874984212045586,-1.0,0.3089432881252134,1651.677129900776,0.0,1651.6771299007723,181,True
brain_anterior_cingulate_cortex_ba24,excluded_at_or_below_-1,ENSG00000295298.1,ENSG00000295298,0.016332006056309228,10.582120071223487,-0.6950333881756181,0.5850080728815236,205.7563985255112,3.052119952423938,0.0,0.5244274131646434,0.8702936200192662,-0.9119696971634064,0.5675162429950977,-0.49066904904118197,0.29343007702816265,0.809114559217867,0.47719230375700894,-0.9119696971634064,0.5675162429950977,10.481710596356484,0.0,9.122165858897386,208,True
brain_anterior_cingulate_cortex_ba24,raw,ENSG00000295298.1,ENSG00000295298,-0.905455518524035,12.364362234573505,-0.85335905449616,0.8096726022789066,497.22355827087307,2.481769928360329,0.0,0.2561302103431037,0.9661756217595815,-1.0,0.5675162429950977,-0.5453182927062912,0.3190269226469486,0.6422002627674658,0.1855768718812123,-1.0,0.5675162429950977,11.795872695392713,0.0,11.396884635667922,233,True
brain_caudate_basal_ganglia,excluded_at_or_below_-1,ENSG00000295298.1,ENSG00000295298,-4.362338902982246,17.51514330851744,-1.039406309674009,1.7765170970672663,194.53327162068413,1.7481163160207531,0.0,-0.07997499529439366,1.0,-0.9389427373688792,1.1565551813626676,-0.2737852831305904,0.45756756182303715,0.549521539517266,-0.43962499110846487,-0.9389427373688792,1.1565551813626676,13.658803438556738,0.0,13.658803438556738,276,True
brain_caudate_basal_ganglia,raw,ENSG00000295298.1,ENSG00000295298,-47.41724921391208,8408.299369451415,-69.6080680503423,31.056836357363597,386.8965065694223,3.222359443149502,0.0,-3.124157889379008,1.0,-1.0,1.1565551813626676,-0.3318824604801432,0.48115296034763405,0.5227750397082754,-0.4916999876871384,-1.0,1.1565551813626676,17.099554504255366,0.0,17.099554504255366,300,True
brain_cerebellar_hemisphere,excluded_at_or_below_-1,ENSG00000295298.1,ENSG00000295298,1.567079236184263,20.038226872927154,0.859916564862066,0.6144525286372075,136.2827642773139,5.377960576406155,0.0,3.9963531105456287,0.00033987106920470723,-0.8764331205287375,3.1965519663348942,0.8138448351297636,0.6448738390151337,0.14440024319240366,1.0421759881303325,-0.8764331205287375,3.1965519663348942,20.037900083081873,0.0,0.006810302525854128,277,True
brain_cerebellar_hemisphere,raw,ENSG00000295298.1,ENSG00000295298,1.567079236184263,20.038226872927154,0.859916564862066,0.6144525286372075,136.2827642773139,5.377960576406155,0.0,3.9963531105456287,0.00033987106920470723,-0.8764331205287375,3.1965519663348942,0.8138448351297636,0.6448738390151337,0.14440024319240366,1.0421759881303325,-0.8764331205287375,3.1965519663348942,20.037900083081873,0.0,0.006810302525854128,277,True
brain_cerebellum,excluded_at_or_below_-1,ENSG00000295298.1,ENSG00000295298,0.691341227907763,20.949351327121228,1.1805207090856995,0.606653290438673,256.42870185351876,4.917380874424773,0.0,3.8949576215133774,0.0005022308865968556,-0.4902940250378198,3.289922971360837,1.1317052658010478,0.5265396733101465,-0.011862881886280444,1.3316293585002175,-0.4902940250378198,3.289922971360837,20.94909369998359,0.0,0.01052128190234336,266,True
brain_cerebellum,raw,ENSG00000295298.1,ENSG00000295298,0.691341227907763,20.949351327121228,1.1805207090856995,0.606653290438673,256.42870185351876,4.917380874424773,0.0,3.8949576215133774,0.0005022308865968556,-0.4902940250378198,3.289922971360837,1.1317052658010478,0.5265396733101465,-0.011862881886280444,1.3316293585002175,-0.4902940250378198,3.289922971360837,20.94909369998359,0.0,0.01052128190234336,266,True
brain_cortex,excluded_at_or_below_-1,ENSG00000295298.1,ENSG00000295298,0.14573641575111573,11.003388503136902,-0.07024355755285246,0.7545541108468932,244.3324418161111,2.4561478611867145,0.0,1.5380954723106737,0.2706764583048739,-0.8908949021485929,1.24023494075567,-0.008496248082805276,0.4624620516164095,0.2460167147199851,-0.4835080361979327,-0.8908949021485929,1.24023494075567,10.464408041733641,0.0,2.832468906993503,263,True
brain_cortex,raw,ENSG00000295298.1,ENSG00000295298,0.5291245537628996,11.379619907225752,-0.06684650561995682,0.7182546843270883,250.00173088963035,2.573588935688531,0.0,1.8373403701007127,0.1540682757992353,-1.0,1.24023494075567,-0.0342019009102881,0.48293321618551344,0.1449214363223815,-0.4611810876006812,-1.0,1.24023494075567,10.964702893334051,0.0,1.6893128694268638,270,True
brain_frontal_cortex_ba9,excluded_at_or_below_-1,ENSG00000295298.1,ENSG00000295298,0.032237867655533145,12.75783158275318,-0.4468604286861892,0.6810691026234001,185.86176571797847,3.217745321483807,0.0,0.9787400340279233,0.6172642207276863,-0.9182104527648972,1.1027689744544529,-0.30694040828080127,0.38649974611602345,0.6531791998794428,0.32546782916523576,-0.9182104527648972,1.1027689744544529,12.685783101225825,0.0,7.83048002029861,256,True
brain_frontal_cortex_ba9,raw,ENSG00000295298.1,ENSG00000295298,-0.03209374285440212,13.330172700599269,-0.4538821970094745,0.6940531516366564,319.3836668089265,3.171856785574726,0.0,1.1127781810677808,0.5353740143786582,-1.0,1.1027689744544529,-0.3404339944977143,0.40535116897143786,0.5447146723500242,0.1701435491680372,-1.0,1.1027689744544529,13.242975157255298,0.0,7.089944772256611,269,True
brain_hippocampus,excluded_at_or_below_-1,ENSG00000295298.1,ENSG00000295298,1.3718101197943455,11.686528711036356,-0.7244699783191052,0.3964456573173133,307.0362273096583,4.703523415285809,0.0,0.8092322721483874,0.7207706410695661,-0.9513215858768138,0.5940659781253697,-0.5163950312318397,0.33441868242536266,1.207750016459021,1.116722168345488,-0.9513215858768138,0.5940659781253697,11.686342673277153,0.0,8.4231727003766,223,True
brain_hippocampus,raw,ENSG00000295298.1,ENSG00000295298,0.31934413159660696,20.32943337960784,-1.3641337628727574,0.9293095374768938,734.7221363227255,2.9799679438067637,0.0,-0.5541349627926381,1.0,-1.0,0.5940659781253697,-0.5770827135870599,0.3514444696855383,1.1045672978847043,0.9856439990685044,-1.0,0.5940659781253697,17.19621931579171,0.0,17.19621931579171,255,True
brain_hypothalamus,excluded_at_or_below_-1,ENSG00000295298.1,ENSG00000295298,0.2425575357276128,14.508390887372496,-0.49724212909686943,0.5565370263719003,129.05615770105334,4.501506717022321,0.0,1.0351439796963604,0.5852069514260146,-0.904603483601404,1.274240784898694,-0.3686023035607548,0.35694494903531776,1.0124979102998966,1.7576144562013392,-0.904603483601404,1.274240784898694,14.507813474772318,0.0,8.490073295428765,233,True
brain_hypothalamus,raw,ENSG00000295298.1,ENSG00000295298,-0.0448114208649738,15.051456350736794,-0.5807200443337042,0.683118556367693,394.37767294811846,3.8401983636926507,0.0,0.868006576907136,0.6859165536385659,-1.0,1.274240784898694,-0.42756551256675435,0.38645757580862516,0.7753864569941759,1.1405892348838877,-1.0,1.274240784898694,15.041922900411482,0.0,10.317503915947265,257,True
brain_nucleus_accumbens_basal_ganglia,excluded_at_or_below_-1,ENSG00000295298.1,ENSG00000295298,-1.0326778980467732,12.165080104231498,-0.23158534234889916,0.9137237077629073,286.47469676106454,2.218208007944322,0.0,1.0662548693748137,0.5259096516619546,-0.9204928585733696,1.2015993615279146,-0.12912107046575927,0.46173859365138026,0.28162091993822236,-0.4119134586254587,-0.9204928585733696,1.2015993615279146,11.125951036404963,0.0,5.851245033963697,272,True
brain_nucleus_accumbens_basal_ganglia,raw,ENSG00000295298.1,ENSG00000295298,-1.9867527380654804,13.359478900591892,-0.27572236203511774,1.0380620746329132,379.04005899543927,2.012643047565389,0.0,0.9867264044837601,0.5559968107612591,-1.0,1.2015993615279146,-0.1688453725146896,0.48639135767955605,0.21266686976692445,-0.49311800788852,-1.0,1.2015993615279146,11.596754685659688,0.0,6.447758620407473,285,True
brain_putamen_basal_ganglia,excluded_at_or_below_-1,ENSG00000295298.1,ENSG00000295298,-0.017556950564294675,10.977181847801974,-0.7781778755245932,0.8842665006657344,303.0163025192717,2.708634135261411,0.0,0.26795966950235234,0.9638122222952193,-0.9457252428916448,0.9154520627657884,-0.3909009454918645,0.3935727204285118,0.7791998809674757,0.10323377436838266,-0.9457252428916448,0.9154520627657884,10.69705923090908,0.0,10.30995642936607,222,True
brain_putamen_basal_ganglia,raw,ENSG00000295298.1,ENSG00000295298,-2.8977081686212194,2598737417929.6943,-52.761615495567696,10.23948369936916,522.8008785367881,7.41354145952582,0.0,-7.148991178987185,1.0,-1.0,0.9154520627657884,-0.46763783424879496,0.41990563499836037,0.7289532790740211,-0.015297083079585327,-1.0,0.9154520627657884,17.717378589636727,0.0,17.717378589636727,254,True
brain_spinal_cord_cervical_c-1,excluded_at_or_below_-1,ENSG00000295298.1,ENSG00000295298,0.24520830622556858,8.856538856359364,-0.8820043343952231,0.6253087189878554,196.93395185851242,3.001439381047999,0.0,0.05410208848469862,0.9985232341953248,-0.9059261157619396,0.4451122089742607,-0.527540339185967,0.29001910431558037,0.9808125590328837,0.6562833081413948,-0.9059261157619396,0.4451122089742607,8.758557747510585,0.0,8.74562340893079,161,True
brain_spinal_cord_cervical_c-1,raw,ENSG00000295298.1,ENSG00000295298,1.4860110753174056,16610329041174.156,-16.760419074271567,3.004580986851269,1266.3300657601658,8.09839900974029,0.0,-7.418205234293387,1.0,-1.0,0.4451122089742607,-0.6271274245536308,0.3218861034630921,0.8538678992835287,0.3575578596639679,-1.0,0.4451122089742607,18.560605374656028,0.0,18.560605374656028,204,True
brain_substantia_nigra,excluded_at_or_below_-1,ENSG00000295298.1,ENSG00000295298,0.4463607438300525,10.307827945764673,-0.8904733402037388,0.46651954611434177,128.81085731509143,4.27873001350435,0.0,0.02025116293018493,0.9997957631656725,-0.8971537763060656,0.5209904138959764,-0.5802053449861181,0.26300363077354283,1.2812573212857055,1.70297999383095,-0.8971537763060656,0.5209904138959764,10.306728725876157,0.0,10.30462371222891,140,True
brain_substantia_nigra,raw,ENSG00000295298.1,ENSG00000295298,0.6409176734671097,10384387622498.725,-16.78348887110613,3.0413483723502868,1168.1500471515203,8.046506449947614,0.0,-7.339252624267359,1.0,-1.0,0.5209904138959764,-0.6788456191150631,0.2910002533984594,1.0695281229936924,1.1689631903214428,-1.0,0.5209904138959764,20.79400454775152,0.0,20.794004547751523,183,True
breast_mammary_tissue,excluded_at_or_below_-1,ENSG00000295298.1,ENSG00000295298,-0.8413007925197564,26.3269304115931,0.30301811634471626,0.8382872862390343,539.2643710979141,2.8043436587381874,0.0,1.9124245808508333,0.14384333156483772,-0.8305880480086453,1.965317006634303,0.3168837277530857,0.5238923002078044,0.12266930003492814,-0.399941152284915,-0.8305880480086453,1.965317006634303,25.810880022067263,0.0,3.7127229729944675,509,True
breast_mammary_tissue,raw,ENSG00000295298.1,ENSG00000295298,-0.9536976575125216,27.90684245357298,0.305244750938046,0.8415914570720133,460.91668394361545,2.789591884277,0.0,2.1933383632658807,0.07126161423460467,-1.0,1.965317006634303,0.30407357475937863,0.5371461709473342,0.040568883697421954,-0.31695041617213704,-1.0,1.965317006634303,27.33668693079487,0.0,1.9480564385144632,514,True
cells_cultured_fibroblasts,excluded_at_or_below_-1,ENSG00000295298.1,ENSG00000295298,-2.004455464251046,33.92795055057094,0.06627211312098834,0.7463136097714892,420.4240008851988,2.7719808101958683,0.0,1.7911142632086263,0.18356745667500296,-0.8789408213705683,1.5291112908213629,0.07832231701713255,0.43701623210656027,0.08719679646611375,-0.5466173956973668,-0.8789408213705683,1.5291112908213629,33.2001148729114,0.0,6.094460648538285,636,True
cells_cultured_fibroblasts,raw,ENSG00000295298.1,ENSG00000295298,-1.2248835534576439,34.8257681300005,0.0633074044801322,0.7346810439670911,772.4764532927484,2.821577816475981,0.0,2.0467980829717654,0.10642213602941172,-1.0,1.5291112908213629,0.05186041966701887,0.4627810091846762,-0.06768318705955767,-0.40659090844434376,-1.0,1.5291112908213629,34.1754187217983,0.0,3.637021060073323,652,True
cells_ebv-transformed_lymphocytes,excluded_at_or_below_-1,ENSG00000295298.1,ENSG00000295298,1.1956281570931189,19.14359491873574,0.5942928088231682,0.4645930971371404,317.2109392097853,2.723914087354457,0.024287666692511832,4.129394924270292,0.0,-0.7622833323006928,1.4891447009630836,0.5402335221604867,0.38060652313690874,-0.2727533927815177,-0.05984496686816021,-0.7622833323006928,1.4891447009630836,19.139791892689406,0.4648608860536805,0.0,327,True
cells_ebv-transformed_lymphocytes,raw,ENSG00000295298.1,ENSG00000295298,1.1956281570931189,19.14359491873574,0.5942928088231682,0.4645930971371404,317.2109392097853,2.723914087354457,0.024287666692511832,4.129394924270292,0.0,-0.7622833323006928,1.4891447009630836,0.5402335221604867,0.38060652313690874,-0.2727533927815177,-0.05984496686816021,-0.7622833323006928,1.4891447009630836,19.139791892689406,0.4648608860536805,0.0,327,True
cervix_ectocervix,excluded_at_or_below_-1,ENSG00000295298.1,ENSG00000295298,0.4217928548191158,0.6869444088415951,0.6095136392190637,0.26360602761278984,23.738164123738382,4.952972457424915,4.706680656749361e-06,6.2856247984937985,0.0,-0.5621117986073235,1.5327358661268904,0.41371866245415273,0.5699573327588473,0.04270440966280105,-0.6220689855813695,-0.5621117986073235,1.5327358661268904,0.6869443827779782,3.2332278386837388e-06,0.0,23,True
cervix_ectocervix,raw,ENSG00000295298.1,ENSG00000295298,0.5000000821037907,12.148490174575159,0.7169129749701928,0.02182048473179669,13.500001376424208,52.87452645298004,0.0,111.27532886925322,0.0,-1.0,1.5327358661268904,0.3548137181852297,0.6276961111595221,-0.18838777038001114,-0.4168067602198935,-1.0,1.5327358661268904,12.147094271006898,0.0,0.0,24,True
cervix_endocervix,excluded_at_or_below_-1,ENSG00000295298.1,ENSG00000295298,0.48717948717948717,3.7037294357450823,0.9704047143084386,0.0072127906837874765,13.743589743589743,115.35221388794872,0.0,284.74128263455566,0.0,-0.4818365350470629,1.5587255986656183,0.7489916908926341,0.5003426039547795,-0.4076216801890465,-0.06494399001332019,-0.4818365350470629,1.5587255986656183,3.6299065261985604,0.0,0.0,23,True
cervix_endocervix,raw,ENSG00000295298.1,ENSG00000295298,0.48717948717948717,3.7037294357450823,0.9704047143084386,0.0072127906837874765,13.743589743589743,115.35221388794872,0.0,284.74128263455566,0.0,-0.4818365350470629,1.5587255986656183,0.7489916908926341,0.5003426039547795,-0.4076216801890465,-0.06494399001332019,-0.4818365350470629,1.5587255986656183,3.6299065261985604,0.0,0.0,23,True
colon_sigmoid,excluded_at_or_below_-1,ENSG00000295298.1,ENSG00000295298,1.2942962071542214,23.58737751992289,0.08829364646382466,0.5722141956367514,275.06992350407677,4.174525065946811,0.0,2.281319434563781,0.07395791974554454,-0.834765925280696,1.7773755265497848,0.1303147533501202,0.45709397211530745,0.41826702081942757,0.2641017082765913,-0.834765925280696,1.7773755265497848,23.583351283723452,0.0,1.744175601572604,414,True
colon_sigmoid,raw,ENSG00000295298.1,ENSG00000295298,1.355005490827167,25.08022086762135,0.09064557427959696,0.5717864047971398,279.3227082867562,4.171831219750182,0.0,2.6975208748372017,0.026134952900814794,-1.0,1.7773755265497848,0.11682651047004718,0.47067583710118793,0.2987418709453539,0.29666201375149726,-1.0,1.7773755265497848,25.075971114914807,0.0,0.6553593240304907,419,True
colon_transverse,excluded_at_or_below_-1,ENSG00000295298.1,ENSG00000295298,0.619328788610369,26.723143992335412,0.02801428101357033,0.6471377509076698,340.5710990700961,3.8209322805469323,0.0,1.973467097796855,0.14208100516873393,-0.8750353666050825,1.7764556679384969,0.08115651325298383,0.4567042158669118,0.40514360843257147,0.04264163978650792,-0.8750353666050825,1.7764556679384969,26.705087080202926,0.0,3.794285615473801,476,True
colon_transverse,raw,ENSG00000295298.1,ENSG00000295298,0.6267080961004815,28.243297820152954,0.029831753486265055,0.6364341960541722,365.04145903131564,3.8811541609453055,0.0,2.2883780314953026,0.07242712807279836,-1.0,1.7764556679384969,0.07438517809691088,0.4632061215429541,0.34989621288556005,0.06314510689957942,-1.0,1.7764556679384969,28.22811616803707,0.0,2.044481384956251,479,True
esophagus_gastroesophageal_junction,excluded_at_or_below_-1,ENSG00000295298.1,ENSG00000295298,1.0375105019013537,20.08969531245227,0.182666879730025,0.6460274169154098,539.5347938349867,3.3813340578424946,0.0,2.1660447520787565,0.09277819898260346,-0.8068048191274714,1.727295332769704,0.22787985119809195,0.47925290171818646,0.33837194869610965,-0.08084626760296709,-0.8068048191274714,1.727295332769704,20.023578825253654,0.0,1.8577515805932288,399,True
esophagus_gastroesophageal_junction,raw,ENSG00000295298.1,ENSG00000295298,1.0045980976253859,22.045032398507765,0.18631646771574517,0.6359230632767129,479.3360934383095,3.4269447613057062,0.0,2.638219833175199,0.028066326951317878,-1.0,1.727295332769704,0.21569245813409105,0.4921899178731302,0.22898220090090457,0.003344714703225282,-1.0,1.727295332769704,21.982698534652908,0.0,0.6169736043458249,403,True
esophagus_mucosa,excluded_at_or_below_-1,ENSG00000295298.1,ENSG00000295298,1.4773851513194454,37.82714867287053,-0.3155454004189808,0.5879471099160924,592.4829733000145,5.2317854598855105,0.0,1.4083764162247598,0.37092186099350266,-0.9010657670910666,1.8595243504884231,-0.18054537866930112,0.4370674392470426,0.8958786254702389,0.963521105967057,-0.9010657670910666,1.8595243504884231,37.827100311991906,0.0,14.030898443711942,585,True
esophagus_mucosa,raw,ENSG00000295298.1,ENSG00000295298,1.4408065973724193,38.56047341710337,-0.32560228609615866,0.6203254739325423,962.0268580740593,4.981636019830246,0.0,1.5374870668940774,0.30668375843892093,-1.0,1.8595243504884231,-0.2192492614357348,0.46071478784965003,0.7150763903166715,0.7304660504992904,-1.0,1.8595243504884231,38.56014977592074,0.0,11.825771659247087,614,True
esophagus_muscularis,excluded_at_or_below_-1,ENSG00000295298.1,ENSG00000295298,-0.48803653538869746,30.546196377399546,0.10605233280016126,0.7868555767932419,531.9020748230289,3.4079904302189328,0.0,1.738849924277788,0.2181638380669522,-0.8614279661644175,2.0022272437350868,0.14322647497205268,0.48940236829252204,0.2511349709770289,-0.24340615777207697,-0.8614279661644175,2.0022272437350868,30.454224322673802,0.0,6.644010463586444,551,True
esophagus_muscularis,raw,ENSG00000295298.1,ENSG00000295298,-0.35125892868843456,31.985187564682196,0.10670390277580344,0.7787902614414998,805.0770117313389,3.442101101287003,0.0,2.0096754496388156,0.1304099537532544,-1.0,2.0022272437350868,0.12284810643422643,0.5080947777449731,0.13731552849492532,-0.19878791943852425,-1.0,2.0022272437350868,31.899597496901837,0.0,4.160025034318399,561,True
fallopian_tube,excluded_at_or_below_-1,ENSG00000295298.1,ENSG00000295298,0.5466175690991226,0.7562865399455667,2.116712250564098,0.7173358218512427,20.513199402269557,-0.6106559166059913,1.0,3.4845467915666504,0.0,0.3492350441419067,1.8069674033489231,1.180072352954535,0.44025854483483706,-0.35462125295304114,-1.0820670084261854,0.3492350441419067,1.8069674033489231,0.6258959340477861,0.6258959340477861,0.0,29,True
fallopian_tube,raw,ENSG00000295298.1,ENSG00000295298,0.5466175690991226,0.7562865399455667,2.116712250564098,0.7173358218512427,20.513199402269557,-0.6106559166059913,1.0,3.4845467915666504,0.0,0.3492350441419067,1.8069674033489231,1.180072352954535,0.44025854483483706,-0.35462125295304114,-1.0820670084261854,0.3492350441419067,1.8069674033489231,0.6258959340477861,0.6258959340477861,0.0,29,True
heart_atrial_appendage,excluded_at_or_below_-1,ENSG00000295298.1,ENSG00000295298,0.8415107037554173,22.318754686685512,-0.2892708422922407,0.6204081664120751,337.201523479548,3.532977081561698,0.0,1.3764485476114783,0.3865897150947742,-0.893111692291748,1.260627908126699,-0.18084104512625035,0.41108795531708586,0.6278435146661182,0.09240137168803697,-0.893111692291748,1.260627908126699,22.27527562002815,0.0,8.611392455604252,451,True
heart_atrial_appendage,raw,ENSG00000295298.1,ENSG00000295298,0.9494006189597389,23.46865348601043,-0.2808121509185005,0.6022313456167185,457.54076041193855,3.6197475487672266,0.0,1.6888612946963752,0.23915283363856715,-1.0,1.260627908126699,-0.19861021985236207,0.4237812302216858,0.5294502523408765,0.06103575496991409,-1.0,1.260627908126699,23.434958261065756,0.0,5.6045366743354235,461,True
heart_left_ventricle,excluded_at_or_below_-1,ENSG00000295298.1,ENSG00000295298,1.26593682262864,30.215434136192073,-0.6580074851262047,0.4329277389495456,381.8805669294155,5.875995938388654,0.0,0.9386822128779001,0.6436845197198904,-0.9453626476176916,1.140788470001393,-0.499672596810775,0.3192856965831868,1.2486157839665504,2.101238368876289,-0.9453626476176916,1.140788470001393,30.214961308245833,0.0,19.44890285805329,418,True
heart_left_ventricle,raw,ENSG00000295298.1,ENSG00000295298,0.863478104854459,31.032611162056543,-0.7137033668041943,0.5191011837540035,675.9961863295252,5.05228573734769,0.0,0.7799723718586898,0.7377288538526608,-1.0,1.140788470001393,-0.5373078439533274,0.3342307469217766,1.092795999555047,1.7229990435008462,-1.0,1.140788470001393,31.03250546666864,0.0,22.893574690101886,452,True
kidney_cortex,excluded_at_or_below_-1,ENSG00000295298.1,ENSG00000295298,0.8687145082999078,4.633762916844829,-0.4728949720926523,0.5645002156313971,133.39217244526859,4.876148364651905,0.0,1.1067645566641984,0.5420116142615451,-0.9146732490890528,1.4734778223230345,-0.16846134581043382,0.5306419707094419,0.9005674479583273,0.2094978086454682,-0.9146732490890528,1.4734778223230345,4.63372252492447,0.0,2.5115314257743946,102,True
kidney_cortex,raw,ENSG00000295298.1,ENSG00000295298,1.0792920237835895,4.947612855002979,-0.46548316290438435,0.4496636313543622,138.911999944757,6.09812475596891,0.0,1.6810809405701714,0.24341194974951139,-1.0,1.4734778223230345,-0.18445247377561783,0.5378489122103831,0.8655246854591753,0.19137836895940774,-1.0,1.4734778223230345,4.947530752967881,0.0,1.20428810702558,104,True
kidney_medulla,excluded_at_or_below_-1,ENSG00000295298.1,ENSG00000295298,0.25641025761050534,0.7435813189488694,-0.2862884621665026,0.016748639435909637,7.435897455579445,186.3350244087118,0.0,50.27362116547624,0.0,-0.8816828046059483,1.9204914904073056,0.33250963687472157,0.7699840334732603,0.37010690476848823,-0.06828614874423078,-0.8816828046059483,1.9204914904073056,0.7392694823910111,0.0,0.0,11,True
kidney_medulla,raw,ENSG00000295298.1,ENSG00000295298,0.25641025761050534,0.7435813189488694,-0.2862884621665026,0.016748639435909637,7.435897455579445,186.3350244087118,0.0,50.27362116547624,0.0,-0.8816828046059483,1.9204914904073056,0.33250963687472157,0.7699840334732603,0.37010690476848823,-0.06828614874423078,-0.8816828046059483,1.9204914904073056,0.7392694823910111,0.0,0.0,11,True
liver,excluded_at_or_below_-1,ENSG00000295298.1,ENSG00000295298,0.7544901043285843,11.440692208112662,-0.7619004991571517,0.4802952299882507,110.4750060780045,3.587265496209698,0.0,0.4581468029939878,0.9002105363221077,-0.9174963228481192,0.4564066592325575,-0.533178419296447,0.287559585239092,1.0483463988593476,0.8120114338390914,-0.9174963228481192,0.4564066592325575,11.42231574411351,0.0,10.282488982048877,222,True
liver,raw,ENSG00000295298.1,ENSG00000295298,-3.835616238464192,4503080.360879403,-21.27233953502799,5.800417638973525,1006.2558141469871,5.297737072381573,0.0,-4.942647115413981,1.0,-1.0,0.4564066592325575,-0.6044488896328674,0.31355504269415363,0.8727592179193718,0.5187185668269012,-1.0,0.4564066592325575,18.695107770257437,0.0,18.695107770257437,262,True
lung,excluded_at_or_below_-1,ENSG00000295298.1,ENSG00000295298,0.04288494784417557,36.06754705661324,0.6663105019082163,0.7926774595625282,708.5619576856482,3.3296483385594207,0.0,2.6479691335962268,0.026209695195994507,-0.8178963404422994,2.5326037241404955,0.6647708340254916,0.5533980599854201,0.08387735275627346,-0.0404352013216549,-0.8178963404422994,2.5326037241404955,35.92617618156741,0.0,0.9416141272764795,604,True
lung,raw,ENSG00000295298.1,ENSG00000295298,0.04288494784417557,36.06754705661324,0.6663105019082163,0.7926774595625282,708.5619576856482,3.3296483385594207,0.0,2.6479691335962268,0.026209695195994507,-0.8178963404422994,2.5326037241404955,0.6647708340254916,0.5533980599854201,0.08387735275627346,-0.0404352013216549,-0.8178963404422994,2.5326037241404955,35.92617618156741,0.0,0.9416141272764795,604,True
minor_salivary_gland,excluded_at_or_below_-1,ENSG00000295298.1,ENSG00000295298,-0.45259963851899826,9.021861911601247,0.020839678074842344,0.7066253083167204,137.68546605226766,2.622209406228865,0.0,1.8079298684375136,0.16836920175822517,-0.8825097414823649,1.331051642835114,0.039760362920039934,0.4292406944415512,0.1906227939543776,-0.31257761931061445,-0.8825097414823649,1.331051642835114,8.731946930676427,0.0,1.4701909345131745,178,True
minor_salivary_gland,raw,ENSG00000295298.1,ENSG00000295298,-0.4378218409574639,9.424613470470002,0.02135121660320513,0.7107004605561474,154.40197864117124,2.6061557691598827,0.0,2.0323734437096244,0.0965120576485932,-1.0,1.331051642835114,0.022526765744569664,0.44597813199679925,0.07162954912952865,-0.2352728840573226,-1.0,1.331051642835114,9.108772467317023,0.0,0.8791063734736191,181,True
muscle_skeletal,excluded_at_or_below_-1,ENSG00000295298.1,ENSG00000295298,2.5350910954894177,48.91123883479323,-0.7629231286129112,0.29688907233606804,1626.888235296388,7.269350090981991,0.0,0.8205711207130754,0.7141493878954568,-0.9351874918576484,0.7631480832740989,-0.6065472448958878,0.26832163433628553,1.6181843869310732,3.1849669552714923,-0.9351874918576484,0.7631480832740989,48.910976167679486,0.0,34.92974369151758,583,True
muscle_skeletal,raw,ENSG00000295298.1,ENSG00000295298,14.948717915891702,372652.7858291817,-1.0223232978303551,0.01627010678609614,15381.897437173731,155.1949151645857,0.0,-1.9403628361899097,1.0,-1.0,0.7631480832740989,-0.7195807381103944,0.288137393082016,1.4359213525542112,2.619293604346022,-1.0,0.7631480832740989,56720.92265859211,0.0,56720.92265859163,818,True
nerve_tibial,excluded_at_or_below_-1,ENSG00000295298.1,ENSG00000295298,-0.011009859473740035,33.348967635456255,0.47774052860053845,0.8019335610190427,611.9355486878484,2.7838994065846805,0.0,2.1666436678416003,0.0764730026113261,-0.7508605244794415,2.0563580896533704,0.47563717891914736,0.5339555951141312,0.053549807870630184,-0.37291670865150817,-0.7508605244794415,2.0563580896533704,32.65683700602112,0.0,2.4973663816391043,663,True
nerve_tibial,raw,ENSG00000295298.1,ENSG00000295298,0.4146658768351714,36.082874414849876,0.4819312833153309,0.7854117375046877,641.8634000111201,2.8349152885861026,0.0,2.668367709945254,0.010645481487418925,-1.0,2.0563580896533704,0.4602200740647682,0.5519704661021513,-0.06822671964699573,-0.20060416575171391,-1.0,2.0563580896533704,35.43373492005067,0.0,0.3772091691215089,670,True
ovary,excluded_at_or_below_-1,ENSG00000295298.1,ENSG00000295298,-0.10557238578403355,11.555258458113924,1.0818894433024735,0.6944324702324856,249.2081881643001,2.867683891392367,0.0048699439890662515,2.986572331668463,0.0,-0.3846307888527981,2.49003094436675,1.0692613334952952,0.48987853167947976,-0.1657450279443001,0.5202861138455059,-0.3846307888527981,2.49003094436675,11.421530286171302,0.05562221276307808,0.0,193,True
ovary,raw,ENSG00000295298.1,ENSG00000295298,-0.10557238578403355,11.555258458113924,1.0818894433024735,0.6944324702324856,249.2081881643001,2.867683891392367,0.0048699439890662515,2.986572331668463,0.0,-0.3846307888527981,2.49003094436675,1.0692613334952952,0.48987853167947976,-0.1657450279443001,0.5202861138455059,-0.3846307888527981,2.49003094436675,11.421530286171302,0.05562221276307808,0.0,193,True
pancreas,excluded_at_or_below_-1,ENSG00000295298.1,ENSG00000295298,0.6116521475890278,19.67710952044721,-0.5392199735859029,0.4440589110356922,197.42015957928544,4.4077333862785615,0.0,1.1431072243334268,0.5202751961943679,-0.8981522895670576,0.8447953828798644,-0.435021817808519,0.29976349050937723,0.9306543197168461,1.1121845705603715,-0.8981522895670576,0.8447953828798644,19.67581428824075,0.0,10.236838139098404,335,True
pancreas,raw,ENSG00000295298.1,ENSG00000295298,0.591768979580243,20.36274235506334,-0.5554425586008088,0.476962526887209,663.5151020885519,4.151763242942635,0.0,1.3181311475005917,0.4193790879176622,-1.0,0.8447953828798644,-0.477161074491309,0.3243925582417865,0.6761350740098968,0.7136960362260751,-1.0,0.8447953828798644,20.358960445914526,0.0,8.538122262759396,362,True
pituitary,excluded_at_or_below_-1,ENSG00000295298.1,ENSG00000295298,0.2547149136928857,20.127319470081222,1.6506856955112905,0.560309446631172,226.68466135311704,3.397699934707091,0.0,3.260855069277527,0.001802143767799386,0.3587394520136449,2.996849684378661,1.6226144150350306,0.41552535635501875,-0.194341660906868,0.3009333429664811,0.3587394520136449,2.996849684378661,20.06451620144161,0.0,0.03615914282633781,313,True
pituitary,raw,ENSG00000295298.1,ENSG00000295298,0.2547149136928857,20.127319470081222,1.6506856955112905,0.560309446631172,226.68466135311704,3.397699934707091,0.0,3.260855069277527,0.001802143767799386,0.3587394520136449,2.996849684378661,1.6226144150350306,0.41552535635501875,-0.194341660906868,0.3009333429664811,0.3587394520136449,2.996849684378661,20.06451620144161,0.0,0.03615914282633781,313,True
prostate,excluded_at_or_below_-1,ENSG00000295298.1,ENSG00000295298,1.0504505929836159,14.928894692824494,0.8209378450601751,0.6784946647966476,274.88552574017535,2.92840505406235,0.009392388442740568,3.295374071446803,0.0,-0.7600777705968844,2.2258934036893465,0.767300244696572,0.546765724893728,-0.2680879020312097,-0.15040994926529638,-0.7600777705968844,2.2258934036893465,14.86342280341082,0.1396030405583224,0.0,282,True
prostate,raw,ENSG00000295298.1,ENSG00000295298,1.0504505929836159,14.928894692824494,0.8209378450601751,0.6784946647966476,274.88552574017535,2.92840505406235,0.009392388442740568,3.295374071446803,0.0,-0.7600777705968844,2.2258934036893465,0.767300244696572,0.546765724893728,-0.2680879020312097,-0.15040994926529638,-0.7600777705968844,2.2258934036893465,14.86342280341082,0.1396030405583224,0.0,282,True
skin_not_sun_exposed_suprapubic,excluded_at_or_below_-1,ENSG00000295298.1,ENSG00000295298,0.9598248703190485,29.018081555159725,-0.2973985396722144,0.6303934032477253,567.2047777796539,3.257285099344596,0.0,1.2838209623301255,0.4358296874188408,-0.8696687307782918,1.1545540463843946,-0.19320611666079912,0.40465271395932034,0.5960627834167466,0.16141875190523036,-0.8696687307782918,1.1545540463843946,28.873852102681063,0.0,12.584081936489328,615,True
skin_not_sun_exposed_suprapubic,raw,ENSG00000295298.1,ENSG00000295298,0.9732750104310828,30.4482059308131,-0.30408356835145717,0.6548502995635493,1257.0280075200342,3.1500712433388727,0.0,1.5028999094473958,0.3184716886419235,-1.0,1.1545540463843946,-0.23782144661504068,0.4344330711122081,0.4093993139342792,0.012311191132708732,-1.0,1.1545540463843946,30.23478155003045,0.0,9.628921935957871,651,True
skin_sun_exposed_lower_leg,excluded_at_or_below_-1,ENSG00000295298.1,ENSG00000295298,-0.32216967539256436,32.52338501232549,-0.42457911363100015,0.8676495505627929,850.8020441327109,2.7751580366272544,0.0,0.7242993270473759,0.7642639159922534,-0.8689518747937839,1.2780382896273077,-0.1893683205502986,0.43634711091420514,0.59650323110337,-0.2607158918359782,-0.8689518747937839,1.2780382896273077,31.831815287664153,0.0,24.327907804892284,698,True
skin_sun_exposed_lower_leg,raw,ENSG00000295298.1,ENSG00000295298,-1.1375436984626766,34.65685881683011,-0.4445575222572525,0.9308878734350705,2839.778760597326,2.616983665996974,0.0,0.8438334063191548,0.6903681167314856,-1.0,1.2780382896273077,-0.24957438692852574,0.4706157361397543,0.44589360115610743,-0.3410711739849437,-1.0,1.2780382896273077,33.52801353388419,0.0,23.146671561135395,754,True
small_intestine_terminal_ileum,excluded_at_or_below_-1,ENSG00000295298.1,ENSG00000295298,-0.051981172717054595,9.36215669047694,0.31058856457404493,1.0125354361218601,143.84687070175258,2.67685363012932,0.0,1.5824151612110786,0.26551065839026533,-0.8223742834798757,2.22713725985683,0.4158178979389744,0.6238992620545029,0.35887635663028594,-0.494662020863164,-0.8223742834798757,2.22713725985683,9.1018530155395,0.0,2.416638986727315,205,True
small_intestine_terminal_ileum,raw,ENSG00000295298.1,ENSG00000295298,-0.0850828929284788,10.030400585569197,0.3280726617545706,0.9858910117818238,137.11331482551913,2.724117451486782,0.0,1.9050567939307756,0.14190524314037098,-1.0,2.22713725985683,0.4021384979588877,0.6361954749246133,0.29257849791450946,-0.44368223627315917,-1.0,2.22713725985683,9.784908888362256,0.0,1.3885298749094228,207,True
spleen,excluded_at_or_below_-1,ENSG00000295298.1,ENSG00000295298,0.24549102881116122,14.866080975555873,1.012579150502272,0.6832153900246988,238.20987985876346,3.091457228732915,0.0,2.441238094749613,0.04275338392135752,-0.1667981949169973,2.5060814138586,1.0195062102288766,0.49163507287463387,0.1438202694313991,0.08741804043234103,-0.1667981949169973,2.5060814138586,14.741026969085182,0.0,0.630228785404384,277,True
spleen,raw,ENSG00000295298.1,ENSG00000295298,0.24549102881116122,14.866080975555873,1.012579150502272,0.6832153900246988,238.20987985876346,3.091457228732915,0.0,2.441238094749613,0.04275338392135752,-0.1667981949169973,2.5060814138586,1.0195062102288766,0.49163507287463387,0.1438202694313991,0.08741804043234103,-0.1667981949169973,2.5060814138586,14.741026969085182,0.0,0.630228785404384,277,True
stomach,excluded_at_or_below_-1,ENSG00000295298.1,ENSG00000295298,0.7787900256006232,28.088594072655656,-0.21304499139506838,0.6623665127985117,506.4830528522456,5.64185301570748,0.0,1.4141930165685677,0.36789012549996114,-0.8754018812814119,2.429395024146268,-0.08116796462399163,0.475117389723791,0.8872988362927268,1.549838847125101,-0.8754018812814119,2.429395024146268,28.088585095618964,0.0,10.333513095943598,399,True
stomach,raw,ENSG00000295298.1,ENSG00000295298,0.9090210501756684,29.358040582121014,-0.2068126580960115,0.6350901787751254,397.15696578922615,5.870285483944246,0.0,1.7662630188782584,0.21017270344391747,-1.0,2.429395024146268,-0.09922854517192302,0.4874392772416446,0.7846854692098656,1.383388980110852,-1.0,2.429395024146268,29.357541689884016,0.0,6.170153903430437,407,True
testis,excluded_at_or_below_-1,ENSG00000295298.1,ENSG00000295298,1.6009574231316137,21.272132739821828,0.23631865279515382,0.49149819148582424,346.23383037424503,3.07888183900404,0.0,3.0191576808555998,0.00176124411492131,-0.8129645526784336,1.30635849397001,0.2298442281568969,0.39644725400401226,0.019109205879495328,-0.08830228957786979,-0.8129645526784336,1.30635849397001,21.085990904371755,0.0,0.03713757738760903,413,True
testis,raw,ENSG00000295298.1,ENSG00000295298,1.1500451172716486,23.560482102466,0.2354938194657259,0.508992019788656,277.2749973235436,2.9753538115961655,0.009221769746442815,3.432769174734922,0.0,-1.0,1.30635849397001,0.22687358992463386,0.40055372868184447,-0.029409753911643927,0.0018361294659503535,-1.0,1.30635849397001,23.495398022768573,0.21666915066699954,0.0,414,True
thyroid,excluded_at_or_below_-1,ENSG00000295298.1,ENSG00000295298,0.9293205353457906,42.25369853252385,0.8386276091541253,0.6569657185276508,438.207512926849,3.071480815348959,0.006526917682233877,3.469716594487332,0.0,-0.7732115898418424,2.265468402148356,0.8204913309314544,0.49547284767669175,-0.18002264312168742,0.16193655234538706,-0.7732115898418424,2.265468402148356,42.15080285342797,0.2751148204643932,0.0,684,True
thyroid,raw,ENSG00000295298.1,ENSG00000295298,0.9293205353457906,42.25369853252385,0.8386276091541253,0.6569657185276508,438.207512926849,3.071480815348959,0.006526917682233877,3.469716594487332,0.0,-0.7732115898418424,2.265468402148356,0.8204913309314544,0.49547284767669175,-0.18002264312168742,0.16193655234538706,-0.7732115898418424,2.265468402148356,42.15080285342797,0.2751148204643932,0.0,684,True
uterus,excluded_at_or_below_-1,ENSG00000295298.1,ENSG00000295298,-0.08748099586384633,7.93496625663451,0.8109179227561437,0.846714483791639,83.41883038496442,2.5937164262021475,0.0,2.4275308466750545,0.018560547497488023,-0.6424874061262069,2.36382147519306,0.8096620237862779,0.5679723433085461,0.028947095246229727,-0.18142115642092715,-0.6424874061262069,2.36382147519306,7.660308836605094,0.0,0.14217952600723607,153,True
uterus,raw,ENSG00000295298.1,ENSG00000295298,-0.08748099586384633,7.93496625663451,0.8109179227561437,0.846714483791639,83.41883038496442,2.5937164262021475,0.0,2.4275308466750545,0.018560547497488023,-0.6424874061262069,2.36382147519306,0.8096620237862779,0.5679723433085461,0.028947095246229727,-0.18142115642092715,-0.6424874061262069,2.36382147519306,7.660308836605094,0.0,0.14217952600723607,153,True
vagina,excluded_at_or_below_-1,ENSG00000295298.1,ENSG00000295298,0.1314120679871974,8.10923916957532,0.36638817285633485,0.8678597099114845,112.07775428030486,2.8699658078882737,0.0,2.0034913772720753,0.12007546771214792,-0.8630933508336427,2.1275986150120985,0.4156270457700473,0.5904459585407409,0.29491147204525714,-0.22487708161439723,-0.8630933508336427,2.1275986150120985,7.977274384891207,0.0,0.9578749528339487,168,True
vagina,raw,ENSG00000295298.1,ENSG00000295298,0.3403359885843747,8.403368002486895,0.3616440827790414,0.8304838484061319,135.3684238408882,3.0072070092769603,0.0,2.3187152076309734,0.05775877260394325,-1.0,2.1275986150120985,0.3989726099374585,0.6065786325347832,0.2005337051848034,-0.16751253457742532,-1.0,2.1275986150120985,8.311998483380737,0.0,0.48009083028590915,170,True
whole_blood,excluded_at_or_below_-1,ENSG00000295298.1,ENSG00000295298,1.9549639115950623,35.59176368118452,-0.2945414969259036,0.8839235196932921,1228.4833981029415,3.6877512979188656,0.0,1.0290291498121444,0.5884719066869635,-0.93771385233921,2.010407482307534,-0.04513047243884929,0.5617850129242172,0.756662961108979,0.05697121815182138,-0.93771385233921,2.010407482307534,35.55199968340774,0.0,20.921353040229278,720,True
whole_blood,raw,ENSG00000295298.1,ENSG00000295298,-3.2574825488821073,44.73144926403861,-0.8739172239417662,1.652206191161157,4177.110376436484,2.4688511274726737,0.0,0.10792113771096007,0.9939041239614548,-1.0,2.010407482307534,-0.14382806993271668,0.606257192677227,0.6281289627060942,-0.0925721007840794,-1.0,2.010407482307534,42.60794991446215,0.0,42.348217133527044,803,True
adipose_subcutaneous,excluded_at_or_below_-1,ENSG00000295299.1,ENSG00000295299,,,,,,,,,,-0.9299363457452388,-0.8510515824484269,,,,,,,,,,6,False
adipose_subcutaneous,raw,ENSG00000295299.1,ENSG00000295299,-0.6597679483406509,649.4256731496835,-0.9981901233592004,0.0020732066575184244,4113.884088315913,100.36882688428042,0.0,1.2345860854531292,0.46720559349724017,-1.0,-0.8510515824484269,-0.9990833032357823,0.010338228526500954,11.83255325612644,143.8816203243991,-1.0,-0.8510515824484269,648.7016258219899,0.0,303.0770280947874,714,True
adipose_visceral_omentum,excluded_at_or_below_-1,ENSG00000295299.1,ENSG00000295299,,,,,,,,,,-0.937152977250896,-0.8712526108728859,,,,,,,,,,3,False
adipose_visceral_omentum,raw,ENSG00000295299.1,ENSG00000295299,0.07692307162213546,637.81093946172,-0.9986012191621441,0.0007087053750115157,2.7692307784147334,254.12270788701343,0.0,2.791251345668895,0.02079039417013242,-1.0,-0.8712526108728859,-0.9995247408195993,0.0069159746092544196,15.538617107175515,253.21485335472465,-1.0,-0.8712526108728859,623.7590067480531,0.0,12.968195617462905,587,True
adrenal_gland,excluded_at_or_below_-1,ENSG00000295299.1,ENSG00000295299,,,,,,,,,,-0.8436020889255347,-0.8436020889255347,,,,,,,,,,1,False
adrenal_gland,raw,ENSG00000295299.1,ENSG00000295299,0.02565642756133105,313.4597870898287,-0.9980681871873539,9.14247247312928e-05,0.9743589836105213,2389.3760876039005,0.0,29.88246218558161,0.0,-1.0,-0.8436020889255347,-0.9994698375895781,0.009105838430380316,17.088107015130262,290.0034013605442,-1.0,-0.8436020889255347,85.67483789907789,0.0,0.0,295,True
artery_aorta,excluded_at_or_below_-1,ENSG00000295299.1,ENSG00000295299,,,,,,,,,,-0.8020842975778923,-0.8020842975778923,,,,,,,,,,1,False
artery_aorta,raw,ENSG00000295299.1,ENSG00000295299,1.8020039172617814,439.83316624562445,-0.9975825075328129,0.0026061455541107033,1159.5011582546676,106.08625427763323,0.0,1.3118417843694195,0.4236477736788016,-1.0,-0.8020842975778923,-0.9995806870711396,0.009109808606665501,21.656456846452283,467.0021231422501,-1.0,-0.8020842975778923,439.1249273857235,0.0,186.0342978538265,472,True
artery_coronary,excluded_at_or_below_-1,ENSG00000295299.1,ENSG00000295299,,,,,,,,,,-0.867279717474015,-0.8476257488683183,,,,,,,,,,2,False
artery_coronary,raw,ENSG00000295299.1,ENSG00000295299,0.05128205128323328,296.8359478548867,-0.9983319147647882,0.0007137548466146341,1.897435914970944,298.60491281414653,0.0,3.305096664519882,0.00435272790423119,-1.0,-0.8476257488683183,-0.9989362144266505,0.012320517637991545,11.52861194486806,131.54010124266898,-1.0,-0.8476257488683183,289.54194294753364,0.0,1.2602972945130417,268,True
artery_tibial,excluded_at_or_below_-1,ENSG00000295299.1,ENSG00000295299,,,,,,,,,,-0.8613820969459532,-0.8412222166824999,,,,,,,,,,3,False
artery_tibial,raw,ENSG00000295299.1,ENSG00000295299,0.07692307694274657,700.4981403781227,-0.9981186768304013,0.0007682467538015175,2.769230770954527,288.8200968393781,0.0,3.463200760026594,0.0024893095206586294,-1.0,-0.8412222166824999,-0.9993664254074361,0.009620427543908362,15.168980002902206,229.06442235422818,-1.0,-0.8412222166824999,699.7071335420194,0.0,1.741787629198891,691,True
bladder,excluded_at_or_below_-1,ENSG00000295299.1,ENSG00000295299,,,,,,,,,,-0.916819316185894,-0.6144949661834183,,,,,,,,,,5,False
bladder,raw,ENSG00000295299.1,ENSG00000295299,0.12820512820512808,77.3681077115666,-0.9956281588867153,0.0016465452018578823,6.3589743589743595,327.35434750493044,0.0,3.7549634155027776,0.0008732154009684665,-1.0,-0.6144949661834183,-0.9891158718149378,0.05069582670230231,5.9259801528681235,38.34061760343068,-1.0,-0.6144949661834183,76.86324630040673,0.0,0.06711817043794835,77,True
brain_amygdala,excluded_at_or_below_-1,ENSG00000295299.1,ENSG00000295299,,,,,,,,,,-0.9291518306598432,-0.8392011168593803,,,,,,,,,,3,False
brain_amygdala,raw,ENSG00000295299.1,ENSG00000295299,0.07692307697437571,181.65639105401803,-0.9980996615474729,0.0007608940546860162,2.7692307707163963,295.3321497984071,0.0,3.532008689136325,0.0019561735900090016,-1.0,-0.8392011168593803,-0.9982115712048293,0.014676435732854992,8.960010189316945,84.70986876111014,-1.0,-0.8392011168593803,181.51516704172116,0.0,0.35507517595308435,181,True
brain_anterior_cingulate_cortex_ba24,excluded_at_or_below_-1,ENSG00000295299.1,ENSG00000295299,,,,,,,,,,-0.9451084684879656,-0.8832692923671477,,,,,,,,,,5,False
brain_anterior_cingulate_cortex_ba24,raw,ENSG00000295299.1,ENSG00000295299,0.12820511521156822,273.53991648795494,-0.9988033443616608,0.0006141381017547346,6.3589743616634475,266.0473642324362,0.0,2.7556125053863076,0.022489434963862555,-1.0,-0.8832692923671477,-0.998195001357166,0.012851544329563161,7.582979292068353,59.15589731744561,-1.0,-0.8832692923671477,272.99597607970134,0.0,6.13952524944062,233,True
brain_caudate_basal_ganglia,excluded_at_or_below_-1,ENSG00000295299.1,ENSG00000295299,,,,,,,,,,-0.8453493950347528,-0.8453493950347528,,,,,,,,,,1,False
brain_caudate_basal_ganglia,raw,ENSG00000295299.1,ENSG00000295299,0.025641025641034036,313.7348533078136,-0.9982184327184873,0.0006904286916613313,0.9743589761343505,313.12352596335353,0.0,3.6492061268965186,0.0012850381094132333,-1.0,-0.8453493950347528,-0.9994844979834492,0.008928756840702394,17.233784972593956,295.0033444816052,-1.0,-0.8453493950347528,313.30038870120956,0.0,0.40260293917503825,300,True
brain_cerebellar_hemisphere,excluded_at_or_below_-1,ENSG00000295299.1,ENSG00000295299,0.4793957934795087,1459732493258.6062,-3.992361855956316,0.5929764793202121,43.006588109666446,8.167530014726927,0.0,-7.358072561203703,1.0,-0.9071390310502242,-0.5677353909491722,-0.7951685910148669,0.09309550887870001,0.6469138667194992,-0.6403609569074735,-0.9071390310502242,-0.5677353909491722,2.5517773018179786,0.0,2.5517773018179786,36,True
brain_cerebellar_hemisphere,raw,ENSG00000295299.1,ENSG00000295299,1.2759947575148627,221.60114832185556,-0.9946047825968946,0.004782340507073671,407.26350548075584,126.23201592133341,0.0,1.5954509328931075,0.28151588215877016,-1.0,-0.5677353909491722,-0.9733793114676361,0.07655278061918244,3.06960751278535,8.975728672212533,-1.0,-0.5677353909491722,220.45943515896371,0.0,62.06283236899986,277,True
brain_cerebellum,excluded_at_or_below_-1,ENSG00000295299.1,ENSG00000295299,0.3845857862719124,2.2802176594075765,-0.8511202088255686,0.02209201456589894,19.418157587493784,15.62797506911658,0.0,4.052660800338398,0.00027138696017374,-0.9144284981913464,-0.6069891510784751,-0.8030208513326128,0.09301109634168768,0.8813641442026591,-0.6916829967654197,-0.9144284981913464,-0.6069891510784751,2.2800696255067336,0.0,0.0006187811646507502,27,True
brain_cerebellum,raw,ENSG00000295299.1,ENSG00000295299,0.710526727420192,225.01899804892685,-0.9950922335429859,0.004228603296295176,218.89676978621213,129.79714680282035,0.0,1.6413528056769828,0.26146080909089414,-1.0,-0.6069891510784751,-0.980005875887145,0.06633850785938923,3.6945958141602557,13.807889933465457,-1.0,-0.6069891510784751,223.7739061112793,0.0,58.50810654528509,266,True
brain_cortex,excluded_at_or_below_-1,ENSG00000295299.1,ENSG00000295299,,,,,,,,,,-0.9290707929929454,-0.8101020829303918,,,,,,,,,,4,False
brain_cortex,raw,ENSG00000295299.1,ENSG00000295299,0.10256410275757029,375.687495206751,-0.9982597744048984,0.0010775289692983062,5.589743594472711,246.94942477634055,0.0,2.283976309039828,0.07520370729841123,-1.0,-0.8101020829303918,-0.9978943795024743,0.01800802128844642,8.88691530237792,79.55298200255444,-1.0,-0.8101020829303918,367.98365741104055,0.0,27.673735262538727,270,True
brain_frontal_cortex_ba9,excluded_at_or_below_-1,ENSG00000295299.1,ENSG00000295299,,,,,,,,,,-0.9269955826488944,-0.8890034195766084,,,,,,,,,,3,False
brain_frontal_cortex_ba9,raw,ENSG00000295299.1,ENSG00000295299,0.07841806207511023,265.70030757526513,-0.998612813139999,0.0009449541454341375,2.8280478165178087,164.0408602785914,0.0,2.0760567911557484,0.11696019209313405,-1.0,-0.8890034195766084,-0.9989590137316651,0.009958692881077397,9.684671621523943,93.86522184885251,-1.0,-0.8890034195766084,263.2975472174467,0.0,30.795331700203587,269,True
brain_hippocampus,excluded_at_or_below_-1,ENSG00000295299.1,ENSG00000295299,,,,,,,,,,-0.9058977319643888,-0.7095531832214912,,,,,,,,,,2,False
brain_hippocampus,raw,ENSG00000295299.1,ENSG00000295299,-0.056098560460305556,239.84780075748503,-0.9963718205171269,0.0030540861318339575,177.41889099861126,132.81315237867375,0.0,1.680051056163904,0.24526487108733067,-1.0,-0.7095531832214912,-0.9984919643732779,0.01909721055053288,14.111551924651366,206.30170821139419,-1.0,-0.7095531832214912,238.44420196681202,0.0,58.48198645691125,255,True
brain_hypothalamus,excluded_at_or_below_-1,ENSG00000295299.1,ENSG00000295299,,,,,,,,,,-0.9398474452733168,-0.6479240074149241,,,,,,,,,,5,False
brain_hypothalamus,raw,ENSG00000295299.1,ENSG00000295299,0.12820512820514357,286.24857528277505,-0.9961441786258118,0.0015240340844819504,4.358974363105537,323.1277396172638,0.0,3.5779743622457842,0.0017084633412962349,-1.0,-0.6479240074149241,-0.9967386847169912,0.02711815776202284,10.16822856760577,114.81824474036763,-1.0,-0.6479240074149241,278.12516676731445,0.0,0.47516665171385775,257,True
brain_nucleus_accumbens_basal_ganglia,excluded_at_or_below_-1,ENSG00000295299.1,ENSG00000295299,,,,,,,,,,-0.8888244253201615,-0.8888244253201615,,,,,,,,,,1,False
brain_nucleus_accumbens_basal_ganglia,raw,ENSG00000295299.1,ENSG00000295299,0.025641025171056778,300.2882860189172,-0.9987525705561543,0.0006019383502103462,0.9743589753650393,258.2687642761664,0.0,2.9307513584632523,0.013742655586084609,-1.0,-0.8888244253201615,-0.9996099102642814,0.006585472689582452,16.792960463443077,280.0035211267613,-1.0,-0.8888244253201615,298.0740485877754,0.0,4.096328988891512,285,True
brain_putamen_basal_ganglia,excluded_at_or_below_-1,ENSG00000295299.1,ENSG00000295299,,,,,,,,,,-0.9171788938490272,-0.7974029910183539,,,,,,,,,,4,False
brain_putamen_basal_ganglia,raw,ENSG00000295299.1,ENSG00000295299,0.10256410256412983,259.31552780308004,-0.9976329674986374,0.0008600859139971355,3.5897435924745755,329.23216590779543,0.0,3.892040796771148,0.0005136387400431705,-1.0,-0.7974029910183539,-0.9978725286391672,0.0177972246285518,9.02716604648482,85.38052389768627,-1.0,-0.7974029910183539,259.31542359317467,0.0,0.13319444744815928,254,True
brain_spinal_cord_cervical_c-1,excluded_at_or_below_-1,ENSG00000295299.1,ENSG00000295299,,,,,,,,,,-0.9374665430968973,-0.7847475971443666,,,,,,,,,,4,False
brain_spinal_cord_cervical_c-1,raw,ENSG00000295299.1,ENSG00000295299,0.10256410256435208,284.226826526732,-0.9979171494377609,0.0010244996434984827,3.5897436043697883,294.25805450635613,0.0,2.8751552352489793,0.016112749408771693,-1.0,-0.7847475971443666,-0.9972736902534594,0.020797365292386755,8.248745625522254,70.64536909349654,-1.0,-0.7847475971443666,282.77689294593614,0.0,4.556313214628996,204,True
brain_substantia_nigra,excluded_at_or_below_-1,ENSG00000295299.1,ENSG00000295299,,,,,,,,,,-0.9301383827965356,-0.7763772784307188,,,,,,,,,,4,False
brain_substantia_nigra,raw,ENSG00000295299.1,ENSG00000295299,0.10256410256410257,183.67413903809873,-0.9972873212013106,0.0005088768398844629,3.58974358974359,613.9284676848782,0.0,7.538773327432253,4.736046929310584e-13,-1.0,-0.7763772784307188,-0.9973480229296718,0.019891278649471888,8.901341704429095,87.21910803855869,-1.0,-0.7763772784307188,176.79927216909502,0.0,8.373296500607808e-11,183,True
breast_mammary_tissue,excluded_at_or_below_-1,ENSG00000295299.1,ENSG00000295299,0.1887811384513931,1.848459987751489,-0.888610024325093,0.005019432327205415,5.7267258270029355,49.04055800898369,0.0,4.7013472947116615,1.5876232834696346e-05,-0.905296397034528,-0.7145516156350872,-0.8386482624285558,0.069911372438025,0.8658915472995721,-0.9045852556602267,-0.905296397034528,-0.7145516156350872,1.8472665722272623,0.0,2.932763420843143e-05,11,True
breast_mammary_tissue,raw,ENSG00000295299.1,ENSG00000295299,0.28205128203219615,517.2925556940203,-0.9966707370747395,0.0014128127274811524,13.897435897863186,282.3988487533364,0.0,3.3325639626729098,0.003875928880558146,-1.0,-0.7145516156350872,-0.9965469472504167,0.02532923553655745,8.315746397916158,74.75223973408717,-1.0,-0.7145516156350872,517.2815122045611,0.0,2.004946352532448,514,True
cells_cultured_fibroblasts,excluded_at_or_below_-1,ENSG00000295299.1,ENSG00000295299,,,,,,,,,,-0.9144244193614776,-0.4918421634477432,,,,,,,,,,4,False
cells_cultured_fibroblasts,raw,ENSG00000295299.1,ENSG00000295299,2.105967264582749,607.1311479487916,-0.993684125885651,0.005995562920368262,1736.4902326903975,118.37282318171825,0.0,1.4897675079698685,0.3309659087776966,-1.0,-0.4918421634477432,-0.9986837543430187,0.021462406556769162,21.065968022925396,480.46489320865777,-1.0,-0.4918421634477432,604.7294189496881,0.0,200.14482170729192,652,True
cells_ebv-transformed_lymphocytes,excluded_at_or_below_-1,ENSG00000295299.1,ENSG00000295299,,,,,,,,,,-0.9186617361546046,-0.6793558978256871,,,,,,,,,,3,False
cells_ebv-transformed_lymphocytes,raw,ENSG00000295299.1,ENSG00000295299,0.07692307692307701,344.81080432344055,-0.9963144183657979,0.0012899838116029866,2.769230769230769,347.48268499627596,0.0,4.040515458752205,0.0002856884039459504,-1.0,-0.6793558978256871,-0.998467852482527,0.019063008565421757,15.047185397357282,241.66284427296765,-1.0,-0.6793558978256871,344.02768194476965,0.0,0.09828471936802545,327,True
cervix_ectocervix,excluded_at_or_below_-1,ENSG00000295299.1,ENSG00000295299,,,,,,,,,,-0.9072743133456844,-0.8874986893303394,,,,,,,,,,2,False
cervix_ectocervix,raw,ENSG00000295299.1,ENSG00000295299,0.051282051428945104,24.5091039082853,-0.9987860300080312,0.0005789105212616777,1.8974358976377015,271.86250849928246,0.0,2.9655927192596097,0.012591359868098013,-1.0,-0.8874986893303394,-0.991448875111501,0.02911721154179136,3.069148397717416,7.5459465320947,-1.0,-0.8874986893303394,23.960795487786527,0.0,0.3016989987126174,24,True
cervix_endocervix,excluded_at_or_below_-1,ENSG00000295299.1,ENSG00000295299,,,,,,,,,,,,,,,,,,,,,0,False
cervix_endocervix,raw,ENSG00000295299.1,ENSG00000295299,0.0,23.0,-0.9875,1.0001e-06,0.0,-17675.90193946968,0.0,,,-1.0,-1.0,-1.0,0.0,,,,-1.0,1.878384830178061e-188,0.0,,23,True
colon_sigmoid,excluded_at_or_below_-1,ENSG00000295299.1,ENSG00000295299,,,,,,,,,,-0.8716115663993239,-0.8716115663993239,,,,,,,,,,1,False
colon_sigmoid,raw,ENSG00000295299.1,ENSG00000295299,0.02631579444774422,402.1466106843138,-0.9983945936765205,0.0011256418623054548,251.4940190942127,159.28536656135395,0.0,2.0169713581320297,0.131943851949387,-1.0,-0.8716115663993239,-0.9996935836906905,0.006272185423115743,20.396136701456424,414.0023923444975,-1.0,-0.8716115663993239,398.65995342742656,0.0,52.60072987317687,419,True
colon_transverse,excluded_at_or_below_-1,ENSG00000295299.1,ENSG00000295299,,,,,,,,,,-0.8602188169628422,-0.8524275832188601,,,,,,,,,,2,False
colon_transverse,raw,ENSG00000295299.1,ENSG00000295299,0.05128205128216867,490.3189218879737,-0.9982596435750118,0.0006272676092485877,1.8974359103433913,328.78738602737104,0.0,3.9237410369875363,0.00045408003939310243,-1.0,-0.8524275832188601,-0.9994000968688553,0.009277679721113858,15.395843790367202,235.20890229897668,-1.0,-0.8524275832188601,490.0077733465081,0.0,0.22250274902410877,479,True
esophagus_gastroesophageal_junction,excluded_at_or_below_-1,ENSG00000295299.1,ENSG00000295299,,,,,,,,,,-0.9012516756717994,-0.8555398125181659,,,,,,,,,,5,False
esophagus_gastroesophageal_junction,raw,ENSG00000295299.1,ENSG00000295299,0.12820512820512825,551.5946222119514,-0.9982697201708209,0.00013204597715042073,4.358974358974379,1528.6385508640317,0.0,18.531312001566523,0.0,-1.0,-0.8555398125181659,-0.9984510672531636,0.013941721021362789,9.00211202031696,80.05759466541751,-1.0,-0.8555398125181659,498.286264597074,0.0,0.0,403,True
esophagus_mucosa,excluded_at_or_below_-1,ENSG00000295299.1,ENSG00000295299,0.5742178138709212,3.1443349079968,-0.8890504021456245,0.032948025803469665,48.4808052975433,9.873410528073496,0.0,1.8758561724440659,0.1721494090128819,-0.932753672442066,-0.6590219301365348,-0.8483213249636269,0.06848721236842273,1.177914048707891,0.5586252994963199,-0.932753672442066,-0.6590219301365348,3.1442542012911883,0.0,0.541281502538549,49,True
esophagus_mucosa,raw,ENSG00000295299.1,ENSG00000295299,1.2894740886655494,558.4337016427567,-0.9957411494933978,0.003223141421611477,136.9018574391914,147.7418531911871,0.0,1.868650288247443,0.17574991098118728,-1.0,-0.6590219301365348,-0.987895350037814,0.045382076950775806,4.270541712115564,19.58995054334982,-1.0,-0.6590219301365348,554.4087377521788,0.0,97.43728630713778,614,True
esophagus_muscularis,excluded_at_or_below_-1,ENSG00000295299.1,ENSG00000295299,,,,,,,,,,-0.8834981671736191,-0.8566614426411833,,,,,,,,,,2,False
esophagus_muscularis,raw,ENSG00000295299.1,ENSG00000295299,0.05128205128204802,614.109352892918,-0.9984015455627936,0.0006300153007992605,1.897435899707835,318.1681073929482,0.0,3.5880968939407496,0.0016247050559434278,-1.0,-0.8566614426411833,-0.9995368263989568,0.007791738741906881,16.92288627214063,287.24095994989494,-1.0,-0.8566614426411833,605.0931027408235,0.0,0.9830978233395091,561,True
fallopian_tube,excluded_at_or_below_-1,ENSG00000295299.1,ENSG00000295299,,,,,,,,,,,,,,,,,,,,,0,False
fallopian_tube,raw,ENSG00000295299.1,ENSG00000295299,0.0,29.0,-0.9875,1.0001e-06,0.0,-17675.90193946968,0.0,,,-1.0,-1.0,-1.0,0.0,,,,-1.0,2.368398264137555e-188,0.0,,29,True
heart_atrial_appendage,excluded_at_or_below_-1,ENSG00000295299.1,ENSG00000295299,,,,,,,,,,-0.9355861694971784,-0.8922010039323155,,,,,,,,,,3,False
heart_atrial_appendage,raw,ENSG00000295299.1,ENSG00000295299,0.038282932806349874,426.53933991348464,-0.9986593739176294,0.0013037880919028238,1025.2530430287345,115.47495455464333,0.0,1.4541715785980571,0.3487290563655145,-1.0,-0.8922010039323155,-0.9994330355699651,0.007158255532285368,12.984921424173857,171.6112137985791,-1.0,-0.8922010039323155,424.9013875519509,0.0,148.17545992938958,461,True
heart_left_ventricle,excluded_at_or_below_-1,ENSG00000295299.1,ENSG00000295299,,,,,,,,,,-0.935555816459846,-0.8947953002701925,,,,,,,,,,3,False
heart_left_ventricle,raw,ENSG00000295299.1,ENSG00000295299,0.07692307583926239,472.9018637364182,-0.9988148726017307,0.0005695874735641468,2.7692307741088076,258.267424708285,0.0,2.942521241355133,0.013257870512795079,-1.0,-0.8947953002701925,-0.9994786080370699,0.0065682302495744084,13.233329497830029,182.29422145999527,-1.0,-0.8947953002701925,470.04863343350814,0.0,6.231843916777536,452,True
kidney_cortex,excluded_at_or_below_-1,ENSG00000295299.1,ENSG00000295299,,,,,,,,,,-0.9547415718022692,-0.7449319891852748,,,,,,,,,,4,False
kidney_cortex,raw,ENSG00000295299.1,ENSG00000295299,0.10256410203720209,119.55455077474697,-0.9973909994188216,0.0013669497961450098,3.589743590156239,261.1880533011872,0.0,2.6992095953686444,0.02621818425683555,-1.0,-0.7449319891852748,-0.9952630402360269,0.028473194998725908,7.326694588871826,57.87213322554501,-1.0,-0.7449319891852748,119.36769372626853,0.0,3.129604188428821,104,True
kidney_medulla,excluded_at_or_below_-1,ENSG00000295299.1,ENSG00000295299,,,,,,,,,,,,,,,,,,,,,0,False
kidney_medulla,raw,ENSG00000295299.1,ENSG00000295299,0.0,11.0,-0.9875,1.0001e-06,0.0,-17675.90193946968,0.0,,,-1.0,-1.0,-1.0,0.0,,,,-1.0,8.983579622590726e-189,0.0,,11,True
liver,excluded_at_or_below_-1,ENSG00000295299.1,ENSG00000295299,,,,,,,,,,-0.9492768218973986,-0.8936422993221155,,,,,,,,,,2,False
liver,raw,ENSG00000295299.1,ENSG00000295299,0.052629230617914045,246.98270058470652,-0.9986704861783297,0.0010113475321794347,170.06656405109663,146.865722768344,0.0,1.8591200533380678,0.17891739525484388,-1.0,-0.8936422993221155,-0.9994004546611434,0.007268950442986867,13.080774055940477,178.03684819277757,-1.0,-0.8936422993221155,245.17829201015644,0.0,43.86666137948866,262,True
lung,excluded_at_or_below_-1,ENSG00000295299.1,ENSG00000295299,,,,,,,,,,-0.8860181893969766,-0.8299788220941415,,,,,,,,,,5,False
lung,raw,ENSG00000295299.1,ENSG00000295299,0.12820512820511354,667.6482881284527,-0.9981268095981077,0.0007645148335871647,6.358974358974508,311.04323155914113,0.0,3.4650619646368206,0.0025257721446229828,-1.0,-0.8299788220941415,-0.9988094866232846,0.013191843942160065,11.222012094252522,126.45566369278606,-1.0,-0.8299788220941415,653.0428673241366,0.0,1.6494374835320917,604,True
minor_salivary_gland,excluded_at_or_below_-1,ENSG00000295299.1,ENSG00000295299,0.05363912223974975,2.5891091393348087,-1.1085179296291698,0.27145359213027764,23.616641402250426,3.1817816903345144,0.0,-0.996656907180924,1.0,-0.9172129494098248,-0.4977855111348058,-0.8057858416746042,0.10253740383495721,1.3870219710114124,1.9167203665126307,-0.9172129494098248,-0.4977855111348058,1.559225265853807,0.0,1.559225265853807,21,True
minor_salivary_gland,raw,ENSG00000295299.1,ENSG00000295299,0.5432482939199307,158.12483739485216,-0.9937275241406074,0.00476008432054292,29.65268091697269,147.34359177558073,0.0,1.8635427090499839,0.17742464379655626,-1.0,-0.4977855111348058,-0.9774668656086556,0.07112114002585598,3.7463508439552156,15.748331367400734,-1.0,-0.4977855111348058,156.99256053889098,0.0,27.85434913232202,181,True
muscle_skeletal,excluded_at_or_below_-1,ENSG00000295299.1,ENSG00000295299,,,,,,,,,,-0.944085260287697,-0.7084824876219535,,,,,,,,,,9,False
muscle_skeletal,raw,ENSG00000295299.1,ENSG00000295299,0.23076923076923062,818.928394652259,-0.9964880641875081,0.001181742467098044,6.9230769230775,344.6617209401667,0.0,4.202800013108156,0.00014718265949453636,-1.0,-0.7084824876219535,-0.9982813401124944,0.018681705625246705,12.537849679243047,167.48938448622678,-1.0,-0.7084824876219535,812.4617495985135,0.0,0.1195802810434912,818,True
nerve_tibial,excluded_at_or_below_-1,ENSG00000295299.1,ENSG00000295299,,,,,,,,,,-0.8527545275002929,-0.7360377587782936,,,,,,,,,,4,False
nerve_tibial,raw,ENSG00000295299.1,ENSG00000295299,0.10256410253487312,702.2540886630746,-0.9969826948267497,0.0012240535837835782,3.58974360500569,301.48342562881976,0.0,3.486051553919493,0.002303682851228768,-1.0,-0.7360377587782936,-0.9988243587574694,0.015544413765777844,13.760868946609513,195.63752641748482,-1.0,-0.7360377587782936,700.1284140823219,0.0,1.6128738211794544,670,True
ovary,excluded_at_or_below_-1,ENSG00000295299.1,ENSG00000295299,,,,,,,,,,,,,,,,,,,,,0,False
ovary,raw,ENSG00000295299.1,ENSG00000295299,0.0,193.0,-0.9875,1.0001e-06,0.0,-17675.90193946968,0.0,,,-1.0,-1.0,-1.0,0.0,,,,-1.0,1.576209879236373e-187,0.0,,193,True
pancreas,excluded_at_or_below_-1,ENSG00000295299.1,ENSG00000295299,0.13941018891211224,1.1141725601968113,-0.9188842958994834,0.03850871685318293,19.164206976854743,7.198009945046507,0.0,0.9758223566340025,0.6212061062798357,-0.9454557189365868,-0.7228841059316657,-0.8856744509868895,0.05710542482006638,1.5704420117297118,1.966177186450417,-0.9454557189365868,-0.7228841059316657,1.1141477390267,0.0,0.6921153787812588,17,True
pancreas,raw,ENSG00000295299.1,ENSG00000295299,0.43589743589750984,468.3754364802003,-0.9972387946412962,0.0012683357908060606,23.589743615985956,305.90962147904565,0.0,3.078785677328183,0.00874451631691066,-1.0,-0.7228841059316657,-0.9946311206264561,0.027039393698445154,6.107932969984632,43.17761080038933,-1.0,-0.7228841059316657,468.3135486210858,0.0,4.095175467347418,362,True
pituitary,excluded_at_or_below_-1,ENSG00000295299.1,ENSG00000295299,,,,,,,,,,-0.915643142776462,-0.693121844064078,,,,,,,,,,3,False
pituitary,raw,ENSG00000295299.1,ENSG00000295299,-0.2073153297160768,290.2040192827492,-0.9961868201185214,0.0037214006921364503,421.10158232321777,115.17131179185478,0.0,1.4490916593717744,0.3512651653540031,-1.0,-0.693121844064078,-0.9980799271102351,0.0214931780551199,12.25254669645773,156.11962838320753,-1.0,-0.693121844064078,289.1266292520781,0.0,101.56011323247677,313,True
prostate,excluded_at_or_below_-1,ENSG00000295299.1,ENSG00000295299,0.2648697223168956,0.7389230271742586,-0.8897323531882273,0.021655835808714902,9.310404587359338,12.240761332515236,0.0,0.7419650908145352,0.7593873027319197,-0.9010940559819096,-0.7022897174764067,-0.823375912782528,0.06709998311795919,0.5098690264150976,-1.148605930241146,-0.9010940559819096,-0.7022897174764067,0.7389136085240602,0.0,0.5611216121289957,15,True
prostate,raw,ENSG00000295299.1,ENSG00000295299,0.38461538461876665,269.71952939702123,-0.9963671918110685,0.0008232140702171424,13.23076923616336,505.2007340967873,0.0,6.2408634596494075,3.6108656257454934e-09,-1.0,-0.7022897174764067,-0.9906051017437515,0.042438326661760804,4.833899149399905,23.6384519408614,-1.0,-0.7022897174764067,260.4764843456393,0.0,9.405455836386523e-07,282,True
skin_not_sun_exposed_suprapubic,excluded_at_or_below_-1,ENSG00000295299.1,ENSG00000295299,0.45049490048430907,2.5636278350680826,-0.872616449506132,0.014392164536487667,25.36870548442807,17.90760137563572,0.0,3.5439000823285327,0.0018741261870928699,-0.908682001727366,-0.6903744230476214,-0.8327167856390425,0.05788240368697438,0.7683961960788237,-0.4688612910055592,-0.908682001727366,-0.6903744230476214,2.5636249252842713,0.0,0.004804556606359256,30,True
skin_not_sun_exposed_suprapubic,raw,ENSG00000295299.1,ENSG00000295299,0.7692307698787757,684.5750855290736,-0.9965254664565258,0.0012597546070139574,56.923077058896695,343.6883304993937,0.0,3.9005473230606595,0.0005034100559010676,-1.0,-0.6903744230476214,-0.9922910961123983,0.03716871957405055,5.168594708214971,27.52273081892773,-1.0,-0.6903744230476214,675.713468128009,0.0,0.3401609547634248,651,True
skin_sun_exposed_lower_leg,excluded_at_or_below_-1,ENSG00000295299.1,ENSG00000295299,0.3276510007807517,4.058827926189145,-0.8745606437728366,0.03879928542828927,27.63299158527058,12.060748178908067,0.0,1.4309654279036192,0.359236137289414,-0.9138195206160776,-0.5436711490582322,-0.8260434204114737,0.09306011379386664,1.8572366062248917,2.7167940503753156,-0.9138195206160776,-0.5436711490582322,4.058601915677779,0.0,1.4579964749835015,41,True
skin_sun_exposed_lower_leg,raw,ENSG00000295299.1,ENSG00000295299,1.0512820512820513,929.5301859180016,-0.9952804550337553,0.0019065791571875842,115.89743589743594,334.98320958600937,0.0,3.5007434516062506,0.0021951070065359527,-1.0,-0.5436711490582322,-0.9905408225953188,0.04492341149572897,6.038831278738562,43.334671515484,-1.0,-0.5436711490582322,923.897753008368,0.0,2.0280544309514723,754,True
small_intestine_terminal_ileum,excluded_at_or_below_-1,ENSG00000295299.1,ENSG00000295299,,,,,,,,,,,,,,,,,,,,,0,False
small_intestine_terminal_ileum,raw,ENSG00000295299.1,ENSG00000295299,0.0,207.0,-0.9875,1.0001e-06,0.0,-17675.90193946968,0.0,,,-1.0,-1.0,-1.0,0.0,,,,-1.0,1.6905463471602549e-187,0.0,,207,True
spleen,excluded_at_or_below_-1,ENSG00000295299.1,ENSG00000295299,,,,,,,,,,-0.8924125537890851,-0.8131090293926676,,,,,,,,,,2,False
spleen,raw,ENSG00000295299.1,ENSG00000295299,-0.1594254243093143,258.79002812336944,-0.9976939059443694,0.0023711636328972467,297.0304643440214,110.09043501119363,0.0,1.375404651258089,0.3893723709659077,-1.0,-0.8131090293926676,-0.9989369010223167,0.012936611591406504,12.78440254252691,168.53618733563508,-1.0,-0.8131090293926676,258.1051847641827,0.0,100.49902775022348,277,True
stomach,excluded_at_or_below_-1,ENSG00000295299.1,ENSG00000295299,,,,,,,,,,-0.8921420968357373,-0.7972212188429693,,,,,,,,,,5,False
stomach,raw,ENSG00000295299.1,ENSG00000295299,0.1282046508046495,589.1746455300886,-0.9981675603946294,0.0011354102843802935,6.3589744081261355,250.28929668953978,0.0,2.282400448362457,0.0750563150947826,-1.0,-0.7972212188429693,-0.9979510171795162,0.018796779037975674,9.369580155440445,88.16641456625385,-1.0,-0.7972212188429693,580.3105130263617,0.0,43.555968718521434,407,True
testis,excluded_at_or_below_-1,ENSG00000295299.1,ENSG00000295299,1.207238372105922,21.09818830648427,-0.30373295679438334,0.4909907338283071,380.693937654322,4.050613791246884,0.0,1.7291710295623868,0.2240330826105354,-0.904071530336858,1.102570794445335,-0.22844375480358003,0.379376649256909,0.7484074833294727,0.7384936874669723,-0.904071530336858,1.102570794445335,21.092373450388834,0.0,4.725389443663225,399,True
testis,raw,ENSG00000295299.1,ENSG00000295299,1.4900117797815082,21.715872684969025,-0.3090436066176416,0.49606468501134415,429.94109534482004,4.024322414281078,0.0,1.9698235574003515,0.1434287704795653,-1.0,1.102570794445335,-0.25639869122374026,0.3994207580269784,0.5664335535887691,0.5681074523431198,-1.0,1.102570794445335,21.70923938279318,0.0,3.1137295127205826,414,True
thyroid,excluded_at_or_below_-1,ENSG00000295299.1,ENSG00000295299,,,,,,,,,,-0.817554316369414,-0.7870908040984957,,,,,,,,,,2,False
thyroid,raw,ENSG00000295299.1,ENSG00000295299,0.05128205132383098,699.3502983060845,-0.9975064276820642,0.0010570497984421197,1.897435898869293,281.51240277008446,0.0,3.3361188810406537,0.0038302788566405887,-1.0,-0.7870908040984957,-0.9994219957901578,0.010713098425626826,18.575746891471105,345.04102993661616,-1.0,-0.7870908040984957,699.3314690421045,0.0,2.6786345396553752,684,True
uterus,excluded_at_or_below_-1,ENSG00000295299.1,ENSG00000295299,,,,,,,,,,-0.8560959484972492,-0.8374393243951569,,,,,,,,,,2,False
uterus,raw,ENSG00000295299.1,ENSG00000295299,0.051282051282079986,185.99620921460428,-0.9983015485467884,0.0007299926773525711,1.8974359084353123,311.6381110750014,0.0,3.2904070885689514,0.004497831688201572,-1.0,-0.8374393243951569,-0.9979969625679243,0.017494451934828164,8.623253996135672,72.64619438506375,-1.0,-0.8374393243951569,184.2874439597124,0.0,0.8288939051796642,153,True
vagina,excluded_at_or_below_-1,ENSG00000295299.1,ENSG00000295299,0.2141850242485245,1.6382164721333752,-0.9014459399773286,0.0216659130756014,7.855517601961449,21.039895095433806,0.0,0.18098660757374868,0.9837626089383686,-0.9042186754480314,-0.5791123473815167,-0.8121632083495195,0.09649967882706399,1.201140690487674,0.6332350379035598,-0.9042186754480314,-0.5791123473815167,1.6382043265298938,0.0,1.6116041622411714,13,True
vagina,raw,ENSG00000295299.1,ENSG00000295299,0.3333333333333333,165.97241140393308,-0.994387996604695,0.0014608332132620887,12.666666666666767,402.0229345301346,0.0,5.432907221490418,3.8957837548942856e-07,-1.0,-0.5791123473815167,-0.9856360100502574,0.05628255664256851,4.59350646269248,23.147403472731135,-1.0,-0.5791123473815167,165.96582781515025,0.0,6.465669758698445e-05,170,True
whole_blood,excluded_at_or_below_-1,ENSG00000295299.1,ENSG00000295299,,,,,,,,,,-0.4410692215737993,-0.4410692215737993,,,,,,,,,,1,False
whole_blood,raw,ENSG00000295299.1,ENSG00000295299,2.6673663774350995,767.8169754381233,-0.9930517060579688,0.006398558276440693,1342.299055841447,121.99953208586587,0.0,1.5357165010680507,0.30882684680458244,-1.0,-0.4410692215737993,-0.9993039467267419,0.019724238840782112,28.28429328943527,798.0012468827929,-1.0,-0.4410692215737993,764.5698064678458,0.0,236.1196824934546,803,True
adipose_subcutaneous,excluded_at_or_below_-1,ENSG00000295300.1,ENSG00000295300,,,,,,,,,,-0.9327041015862494,-0.8253302513362285,,,,,,,,,,13,False
adipose_subcutaneous,raw,ENSG00000295300.1,ENSG00000295300,0.33333333325718445,736.2884533416725,-0.9980151465269571,0.0008914662733747887,16.66666666882633,273.94566467578875,0.0,3.148752549296504,0.0070599027496685935,-1.0,-0.8253302513362285,-0.9980074625051217,0.015145709856631212,8.003531399325798,66.57041142281709,-1.0,-0.8253302513362285,733.351157676271,0.0,5.177387854551266,714,True
adipose_visceral_omentum,excluded_at_or_below_-1,ENSG00000295300.1,ENSG00000295300,,,,,,,,,,-0.920569319585048,-0.7808395354145181,,,,,,,,,,4,False
adipose_visceral_omentum,raw,ENSG00000295300.1,ENSG00000295300,0.10449556109688275,574.0210244412231,-0.9972614041948429,0.002233339915430557,84.58212325242702,137.04440596283357,0.0,1.7341557828938303,0.2237256671752116,-1.0,-0.7808395354145181,-0.999187789147009,0.010918850049733744,16.113193555600702,289.76783426569904,-1.0,-0.7808395354145181,570.4083807313509,0.0,127.61499554145253,587,True
adrenal_gland,excluded_at_or_below_-1,ENSG00000295300.1,ENSG00000295300,0.5131645316580288,3.4856771739098984,-0.9235268638537153,0.0028716409072953517,15.240547946546691,62.324073049782825,0.0,16.810255618608686,0.0,-0.9576610420152396,-0.7969742960939359,-0.8925390780048208,0.04698414238420633,0.726953107419283,-0.7260563031545253,-0.9576610420152396,-0.7969742960939359,3.48387142615446,0.0,0.0,25,True
adrenal_gland,raw,ENSG00000295300.1,ENSG00000295300,1.0850936390224468,256.2659658544503,-0.9975847353048731,0.002809050071360363,302.9981508972441,100.99713308005865,0.0,1.2159626926532896,0.4775665220448888,-1.0,-0.7969742960939359,-0.9908931422037983,0.03284734283322396,3.940383191013169,15.672730646761494,-1.0,-0.7969742960939359,256.20682152898223,0.0,122.35580068177175,295,True
artery_aorta,excluded_at_or_below_-1,ENSG00000295300.1,ENSG00000295300,-0.36253274775905897,1.9847441899446168,-0.7977266986976066,0.16857375302565808,41.52070472607375,1.5824792447415477,0.0,1.162968293867569,0.31175354388570853,-0.9363521051872256,-0.6090957362539624,-0.7897480595222799,0.07971609098986994,0.13593454446056957,-0.6258195138624059,-0.9363521051872256,-0.6090957362539624,1.4173083985958501,0.0,0.4418509160412349,45,True
artery_aorta,raw,ENSG00000295300.1,ENSG00000295300,1.1842464491066054,399.8148592861764,-0.9951198902687425,0.004212858734873265,740.8745621779095,129.5843578832285,0.0,1.6382028931290966,0.26279749806700275,-1.0,-0.6090957362539624,-0.9799547938103869,0.06644147051664732,3.3968815426814434,10.764046663061814,-1.0,-0.6090957362539624,397.628734227982,0.0,104.49583651466243,472,True
artery_coronary,excluded_at_or_below_-1,ENSG00000295300.1,ENSG00000295300,,,,,,,,,,-0.9242250574890754,-0.7558021902150627,,,,,,,,,,5,False
artery_coronary,raw,ENSG00000295300.1,ENSG00000295300,0.12820512820567767,292.51675579014625,-0.9973129073519978,0.0011177524944447968,6.358974365735506,305.56651256068767,0.0,3.39978920650549,0.003160397238599155,-1.0,-0.7558021902150627,-0.9973678311450183,0.02057969025564182,8.815868577227258,84.81953258131523,-1.0,-0.7558021902150627,286.0870617801642,0.0,0.9041487600489733,268,True
artery_tibial,excluded_at_or_below_-1,ENSG00000295300.1,ENSG00000295300,0.3626048040656043,0.5720499721848256,-0.9031664374925731,0.029605770051870265,22.35240712781421,8.025544713161617,0.0,1.18526457083133,0.49538240171831677,-0.9279792884425936,-0.7351561470805921,-0.8447445231934646,0.06280328318188297,0.35916659462474443,-1.3920233290526285,-0.9279792884425936,-0.7351561470805921,0.5720495342820477,0.0,0.2833832721944854,20,True
artery_tibial,raw,ENSG00000295300.1,ENSG00000295300,0.5128205128205128,821.2274242965761,-0.9970516837225937,0.0008043730653858586,23.743589743589745,460.453284405326,0.0,5.18360080054857,1.512717641960985e-06,-1.0,-0.7351561470805921,-0.9955063537827341,0.02805462562385494,6.832006154285402,48.53938496679234,-1.0,-0.7351561470805921,794.3659204999587,0.0,0.0012016513421129194,691,True
bladder,excluded_at_or_below_-1,ENSG00000295300.1,ENSG00000295300,,,,,,,,,,,,,,,,,,,,,0,False
bladder,raw,ENSG00000295300.1,ENSG00000295300,0.0,77.0,-0.9875,1.0001e-06,0.0,-17675.90193946968,0.0,,,-1.0,-1.0,-1.0,0.0,,,,-1.0,6.288505735813509e-188,0.0,,77,True
brain_amygdala,excluded_at_or_below_-1,ENSG00000295300.1,ENSG00000295300,,,,,,,,,,-0.9595381632554124,-0.8304533548661828,,,,,,,,,,6,False
brain_amygdala,raw,ENSG00000295300.1,ENSG00000295300,0.15384615384652134,197.58658272768707,-0.998156885600577,0.0007899352172865989,5.07692308395022,300.23804792132165,0.0,3.299710309945258,0.004456364409694353,-1.0,-0.8304533548661828,-0.996568646090634,0.020492109001054585,6.544829137485206,43.89768135596143,-1.0,-0.8304533548661828,191.62777475157455,0.0,0.8539631953118364,181,True
brain_anterior_cingulate_cortex_ba24,excluded_at_or_below_-1,ENSG00000295300.1,ENSG00000295300,,,,,,,,,,-0.941701516560544,-0.8877829590881445,,,,,,,,,,6,False
brain_anterior_cingulate_cortex_ba24,raw,ENSG00000295300.1,ENSG00000295300,0.15384615388123044,229.8514989930054,-0.9985346802328391,0.0005457215407570941,5.076923077805879,287.0082531132963,0.0,3.797312242902531,0.0007420877290654832,-1.0,-0.8877829590881445,-0.9978030845356564,0.013938384848206161,6.476613699129927,41.556311147109426,-1.0,-0.8877829590881445,228.99184632219047,0.0,0.169932039211742,233,True
brain_caudate_basal_ganglia,excluded_at_or_below_-1,ENSG00000295300.1,ENSG00000295300,,,,,,,,,,-0.94887991334332,-0.9138738831639728,,,,,,,,,,5,False
brain_caudate_basal_ganglia,raw,ENSG00000295300.1,ENSG00000295300,0.1282051281526942,395.9545948023616,-0.9990282880309388,0.00019315013151755033,6.3589743589743595,623.4865765428198,0.0,7.1147155560808715,1.0525893941747563e-11,-1.0,-0.9138738831639728,-0.9989174586347712,0.008475723151488694,7.978427348585126,64.07032790408499,-1.0,-0.9138738831639728,383.3290003058247,0.0,4.034880402015162e-09,300,True
brain_cerebellar_hemisphere,excluded_at_or_below_-1,ENSG00000295300.1,ENSG00000295300,,,,,,,,,,-0.9445683129429486,-0.8804950786426804,,,,,,,,,,6,False
brain_cerebellar_hemisphere,raw,ENSG00000295300.1,ENSG00000295300,0.15384615384615383,296.29857420245565,-0.9985719079542367,0.00021928834980408218,9.076923076923077,761.4898537181995,0.0,9.20991535227761,3.8252958054974163e-19,-1.0,-0.8804950786426804,-0.9979146098562015,0.014387329562794976,6.9907988074298055,48.229520982271126,-1.0,-0.8804950786426804,290.2319405023492,0.0,1.1102230246251565e-16,277,True
brain_cerebellum,excluded_at_or_below_-1,ENSG00000295300.1,ENSG00000295300,,,,,,,,,,-0.9321603109821328,-0.8635618407631824,,,,,,,,,,5,False
brain_cerebellum,raw,ENSG00000295300.1,ENSG00000295300,0.12820512820510196,311.6394470158721,-0.9985632389219762,0.0006372439804013198,6.358974358974622,299.6039414844834,0.0,3.1885542506835542,0.00627402352764428,-1.0,-0.8635618407631824,-0.9980141773768917,0.014827435391991979,7.7119953820164895,59.989730010962894,-1.0,-0.8635618407631824,307.8908125611171,0.0,1.9317142019539628,266,True
brain_cortex,excluded_at_or_below_-1,ENSG00000295300.1,ENSG00000295300,,,,,,,,,,-0.937183363910051,-0.7928567950582511,,,,,,,,,,8,False
brain_cortex,raw,ENSG00000295300.1,ENSG00000295300,0.20512820383796349,328.9435967789714,-0.9978922681967303,0.0010077931287269027,6.358974393812099,287.7216946758898,0.0,2.957732908731463,0.012612965007929066,-1.0,-0.7928567950582511,-0.9964837523522782,0.021757620267420195,6.858735825352724,49.86746363526131,-1.0,-0.7928567950582511,328.5944590534312,0.0,4.144550413840338,270,True
brain_frontal_cortex_ba9,excluded_at_or_below_-1,ENSG00000295300.1,ENSG00000295300,,,,,,,,,,-0.9313319406033954,-0.7803996264585535,,,,,,,,,,5,False
brain_frontal_cortex_ba9,raw,ENSG00000295300.1,ENSG00000295300,0.12820512820512822,296.40448096907653,-0.9974154822547996,0.00047067527586686515,6.358974358985334,652.0562737267433,0.0,7.765566272256724,8.050086609779974e-14,-1.0,-0.7803996264585535,-0.9977379415057572,0.018155043676814232,9.272606861897316,93.65169170824413,-1.0,-0.7803996264585535,295.95986280480594,0.0,2.3825025285972856e-11,269,True
brain_hippocampus,excluded_at_or_below_-1,ENSG00000295300.1,ENSG00000295300,0.16832322556570617,1.3946430636097147,-0.9458316871731041,0.007864043804510959,9.54770146008904,22.901995922490705,0.0,1.338923758274589,0.4080553414305541,-0.9532770655559156,-0.8184801301402462,-0.9071391668473839,0.049615276461287196,0.7295244505142715,-1.0525114518113843,-0.9532770655559156,-0.8184801301402462,1.3946347763571973,0.0,0.5690881698373607,12,True
brain_hippocampus,raw,ENSG00000295300.1,ENSG00000295300,0.30769091697379447,264.3234696061955,-0.9979919453567148,0.0008930362957682144,16.307692335113416,284.2751687566724,0.0,3.1799582211576403,0.006473775325693935,-1.0,-0.8184801301402462,-0.9956300784398768,0.022244747195986424,5.885221267485622,36.69884699424527,-1.0,-0.8184801301402462,260.1093971533515,0.0,1.6838897972724904,255,True
brain_hypothalamus,excluded_at_or_below_-1,ENSG00000295300.1,ENSG00000295300,0.2588321851690004,1.6349715667699398,-0.9329670159719277,0.0045533130524663575,9.213900435895011,40.89026734940401,0.0,4.062275307207835,0.0002609994152896645,-0.9460462365869404,-0.8013134998449476,-0.8916297199959192,0.0470804835868335,0.48014434839123626,-1.1438023846880914,-0.9460462365869404,-0.8013134998449476,1.6348931801635458,0.0,0.0004267061640837455,14,True
brain_hypothalamus,raw,ENSG00000295300.1,ENSG00000295300,0.3589743484400668,260.0906344008806,-0.997757374662387,0.0009143441467793559,14.97435897952739,303.8391977358889,0.0,3.4686624056656945,0.0024582726604269753,-1.0,-0.8013134998449476,-0.9940965606223459,0.026829647640940802,4.964574230120305,25.201217440281596,-1.0,-0.8013134998449476,258.14387076275256,0.0,0.6345880199528685,257,True
brain_nucleus_accumbens_basal_ganglia,excluded_at_or_below_-1,ENSG00000295300.1,ENSG00000295300,,,,,,,,,,-0.955271563875038,-0.8117814020432866,,,,,,,,,,16,False
brain_nucleus_accumbens_basal_ganglia,raw,ENSG00000295300.1,ENSG00000295300,0.4102564102556766,271.3615528825163,-0.9977362679935492,0.0008783565413688234,17.43589743592747,299.3999373037133,0.0,3.64476195522132,0.0013112092517565234,-1.0,-0.8117814020432866,-0.994181882048076,0.02596627563843136,4.91731695804537,25.15792567143943,-1.0,-0.8117814020432866,269.91651154418213,0.0,0.353917027138578,285,True
brain_putamen_basal_ganglia,excluded_at_or_below_-1,ENSG00000295300.1,ENSG00000295300,,,,,,,,,,-0.9408551884507812,-0.9098538666671736,,,,,,,,,,3,False
brain_putamen_basal_ganglia,raw,ENSG00000295300.1,ENSG00000295300,0.07692307564669361,265.4657916032746,-0.9989748869203549,0.00042851904655817245,2.7692307880905878,294.1203116801636,0.0,3.3831140805631774,0.003285112776725274,-1.0,-0.9098538666671736,-0.9991577409957473,0.007858165481288612,9.548580702596352,92.45665579064912,-1.0,-0.9098538666671736,264.3066132263695,0.0,0.8682770320829305,254,True
brain_spinal_cord_cervical_c-1,excluded_at_or_below_-1,ENSG00000295300.1,ENSG00000295300,,,,,,,,,,-0.951505715015346,-0.8859395386650611,,,,,,,,,,6,False
brain_spinal_cord_cervical_c-1,raw,ENSG00000295300.1,ENSG00000295300,0.15384615401201945,202.916011188391,-0.9986645179816958,0.0005675174607216734,5.076923077763146,280.90271331051434,0.0,3.3279271798788823,0.003936239759027859,-1.0,-0.8859395386650611,-0.9974979873843788,0.014899615238948623,6.089042979233899,36.63673330078242,-1.0,-0.8859395386650611,202.9118981168227,0.0,0.7987098809472477,204,True
brain_substantia_nigra,excluded_at_or_below_-1,ENSG00000295300.1,ENSG00000295300,,,,,,,,,,-0.9443642451076776,-0.8952205343208336,,,,,,,,,,5,False
brain_substantia_nigra,raw,ENSG00000295300.1,ENSG00000295300,0.13157799789844826,177.7907673397771,-0.9986898605865866,0.000708168894414113,4.365510637966706,206.62828549635103,0.0,2.616348927019287,0.03310716253192523,-1.0,-0.8952205343208336,-0.9976821160959519,0.014192409096916448,6.169917212347966,37.19216097498358,-1.0,-0.8952205343208336,175.20770745659246,0.0,5.800630047611412,183,True
breast_mammary_tissue,excluded_at_or_below_-1,ENSG00000295300.1,ENSG00000295300,0.1682516906941748,2.4120408912467894,-0.8845998287171883,0.16896034321092207,26.763348139211054,8.337883733445294,0.0,0.6956406074376372,0.7850906459782023,-0.9677101020954813,0.1115521915559856,-0.7391899601098485,0.25285337950791503,2.026731227808196,3.7131970892798014,-0.9677101020954813,0.1115521915559856,2.412036472209511,0.0,1.893667272089949,27,True
breast_mammary_tissue,raw,ENSG00000295300.1,ENSG00000295300,0.6578946064933718,562.7733143524401,-0.991221365974337,0.013390195030958096,44.552628432327026,116.47009753630299,0.0,0.9271607522892341,0.6515373797403384,-1.0,0.1115521915559856,-0.9862998617178325,0.08143955398134345,8.938693102237409,95.70488296700158,-1.0,0.1115521915559856,561.9899050199542,0.0,366.15743015722256,514,True
cells_cultured_fibroblasts,excluded_at_or_below_-1,ENSG00000295300.1,ENSG00000295300,,,,,,,,,,-0.917605327454524,-0.7015528259887884,,,,,,,,,,9,False
cells_cultured_fibroblasts,raw,ENSG00000295300.1,ENSG00000295300,0.23076923076922098,692.5894801218581,-0.9959406806971662,0.0012031480229474304,10.923076923077097,346.03165095729776,0.0,4.771436517018973,1.1426407942538149e-05,-1.0,-0.7015528259887884,-0.9979617440020013,0.019376240560652812,11.505664588598128,148.38384145993,-1.0,-0.7015528259887884,690.0179558402189,0.0,0.007884426651106613,652,True
cells_ebv-transformed_lymphocytes,excluded_at_or_below_-1,ENSG00000295300.1,ENSG00000295300,,,,,,,,,,-0.940802569055446,-0.897836399741238,,,,,,,,,,6,False
cells_ebv-transformed_lymphocytes,raw,ENSG00000295300.1,ENSG00000295300,0.15384615384434833,403.8772986134098,-0.9989685290772452,0.0005118909913489365,7.076923079090106,279.40016783995026,0.0,2.8496695445047866,0.017248052340875696,-1.0,-0.897836399741238,-0.9985529503488298,0.010738416381026798,7.469669309493615,55.310506002991985,-1.0,-0.897836399741238,403.7754508625192,0.0,6.964340110437415,327,True
cervix_ectocervix,excluded_at_or_below_-1,ENSG00000295300.1,ENSG00000295300,,,,,,,,,,-0.6757274119236171,-0.6757274119236171,,,,,,,,,,1,False
cervix_ectocervix,raw,ENSG00000295300.1,ENSG00000295300,0.025641025641905502,33.42768176114949,-0.9970310063245884,0.0017708264802672176,0.9743589743815289,256.59877232720737,0.0,2.3710912216161684,0.06147582267217385,-1.0,-0.6757274119236171,-0.9864886421634841,0.06619186486323789,4.587317109255646,19.04347826086957,-1.0,-0.6757274119236171,32.70274011960359,0.0,2.010427852486935,24,True
cervix_endocervix,excluded_at_or_below_-1,ENSG00000295300.1,ENSG00000295300,,,,,,,,,,-0.913138803151177,-0.8065108317627604,,,,,,,,,,2,False
cervix_endocervix,raw,ENSG00000295300.1,ENSG00000295300,0.0512820512960402,23.65723493331141,-0.9978215817098229,0.0006888320521640556,1.8974358976743304,392.7724564397407,0.0,4.472423547672971,4.60002436126961e-05,-1.0,-0.8065108317627604,-0.9878108536919104,0.04346665081394345,3.5866329221387248,11.80305641054769,-1.0,-0.8065108317627604,23.31849110922806,0.0,0.0010726562717050178,23,True
colon_sigmoid,excluded_at_or_below_-1,ENSG00000295300.1,ENSG00000295300,0.3253465190261598,1.7089607784092848,-0.9170560513028259,0.004455803425020427,12.155211350754637,52.36824653747459,0.0,5.021117188441844,3.3550438424242484e-06,-0.9328762299243244,-0.7520579078170307,-0.8500729969983416,0.06484422524262624,0.19745172965371963,-1.581009434653667,-0.9328762299243244,-0.7520579078170307,1.707657013876491,0.0,5.72926414937891e-06,16,True
colon_sigmoid,raw,ENSG00000295300.1,ENSG00000295300,0.41025642669805445,431.4788918864645,-0.9970401651150526,0.0005296894620370177,21.435897480047622,654.0761250549955,0.0,7.902438950890992,2.7892544075742042e-14,-1.0,-0.7520579078170307,-0.9942748638471921,0.03128001573960464,5.945308860461627,36.05603093900935,-1.0,-0.7520579078170307,425.54203141840947,0.0,1.186944986741878e-11,419,True
colon_transverse,excluded_at_or_below_-1,ENSG00000295300.1,ENSG00000295300,0.32135774658116456,4.12411202817003,-0.9004848405177833,0.07625540398291919,32.041307477959265,7.380926113541852,0.0,1.0967230673114743,0.5480566349174945,-0.959620930554204,-0.5025000399677477,-0.8553599812428809,0.08980043143149344,1.7101725678001642,3.3523248087006214,-0.959620930554204,-0.5025000399677477,4.124012662167964,0.0,2.2601925019849127,55,True
colon_transverse,raw,ENSG00000295300.1,ENSG00000295300,1.4102564241919482,484.9974401246794,-0.9941282099816204,0.0009348605438185489,127.43589749562982,743.7122363068004,0.0,8.882570918525717,7.353407230168235e-18,-1.0,-0.5025000399677477,-0.9833920646521054,0.05515257092801501,4.3318512193940375,22.71149675121601,-1.0,-0.5025000399677477,483.1384374069572,0.0,3.552713678800501e-15,479,True
esophagus_gastroesophageal_junction,excluded_at_or_below_-1,ENSG00000295300.1,ENSG00000295300,0.19258127183395982,0.8474126831561835,-0.8880286200912081,0.020208732255207133,10.2902235750701,13.338110456226518,0.0,2.6399055444713357,0.03066754760332124,-0.925752161815512,-0.6974306013959601,-0.8318003617958175,0.08377261893529503,0.6716654285558102,-1.159301300920145,-0.925752161815512,-0.6974306013959601,0.847412363642078,0.0,0.025988059001636393,13,True
esophagus_gastroesophageal_junction,raw,ENSG00000295300.1,ENSG00000295300,0.3333333174154748,473.51780876815707,-0.9969153911296499,0.0015799592191883052,12.666666670737566,268.06733124632643,0.0,2.761017908618201,0.022138265535762196,-1.0,-0.6974306013959601,-0.9945742052192199,0.03308870712076317,6.9904952653739905,52.092361709510335,-1.0,-0.6974306013959601,472.96778223327414,0.0,10.470686352940822,403,True
esophagus_mucosa,excluded_at_or_below_-1,ENSG00000295300.1,ENSG00000295300,,,,,,,,,,-0.9277061982422496,-0.7907400464541715,,,,,,,,,,4,False
esophagus_mucosa,raw,ENSG00000295300.1,ENSG00000295300,0.10256410256409211,665.4146128458765,-0.9976588580101884,0.0009303675364513269,3.589743589743674,314.52880517392265,0.0,3.558673990347281,0.0018008211777060523,-1.0,-0.7907400464541715,-0.9992047838813519,0.010686738695501257,15.500060518703258,264.7138814130445,-1.0,-0.7907400464541715,657.1041620335857,0.0,1.1833270909488696,614,True
esophagus_muscularis,excluded_at_or_below_-1,ENSG00000295300.1,ENSG00000295300,0.23076923076923078,0.8624905338129524,-0.7701623325542318,0.0005746703301878841,8.92307692307693,6.760034275382445,1.1948161796982577e-10,495.77071100486864,0.0,-0.9716203907788532,-0.767415370403341,-0.8654913807895154,0.06720130882691956,-0.06229829786579515,-1.135571976959842,-0.9716203907788532,-0.767415370403341,0.8614793078370495,1.0293094154789628e-10,0.0,10,True
esophagus_muscularis,raw,ENSG00000295300.1,ENSG00000295300,0.2564102564101846,588.2877779958105,-0.9968438419850721,0.0009690377709804276,9.435897435898855,334.8278734038819,0.0,4.606096483925349,2.478143459602384e-05,-1.0,-0.767415370403341,-0.9976023419035563,0.01974592059102045,9.053197525887425,85.55060019360292,-1.0,-0.767415370403341,586.7328626463305,0.0,0.014540082061007709,561,True
fallopian_tube,excluded_at_or_below_-1,ENSG00000295300.1,ENSG00000295300,,,,,,,,,,-0.9224794286309502,-0.4503751826636352,,,,,,,,,,2,False
fallopian_tube,raw,ENSG00000295300.1,ENSG00000295300,0.05128205128205127,27.9366855029309,-0.9934979281376807,0.0019406520332631524,1.8974358974359025,395.79045574243474,0.0,4.738262219917343,1.3351203228866402e-05,-1.0,-0.4503751826636352,-0.9783742969411926,0.102562597412955,4.955688038944082,22.98640487245855,-1.0,-0.4503751826636352,27.890338346246118,0.0,0.00037236957538257925,29,True
heart_atrial_appendage,excluded_at_or_below_-1,ENSG00000295300.1,ENSG00000295300,,,,,,,,,,-0.930827170668078,-0.8679246509223683,,,,,,,,,,4,False
heart_atrial_appendage,raw,ENSG00000295300.1,ENSG00000295300,-0.26611319372076325,426.33906380321383,-0.9983648854380461,0.0016756221021217996,1034.7317245330908,110.09066334086215,0.0,1.3800254762819468,0.3870340363844003,-1.0,-0.8679246509223683,-0.9992220691910645,0.00864637550346623,11.925280837914107,150.89296964883792,-1.0,-0.8679246509223683,425.06514393382844,0.0,164.51467838302443,461,True
heart_left_ventricle,excluded_at_or_below_-1,ENSG00000295300.1,ENSG00000295300,,,,,,,,,,-0.9372165137227184,-0.8633938492876678,,,,,,,,,,3,False
heart_left_ventricle,raw,ENSG00000295300.1,ENSG00000295300,0.07692307692306449,493.33650930358056,-0.9984813206207472,0.0006150042851160127,2.7692307711873996,310.6361023645386,0.0,3.4922309112537517,0.0022839055832771706,-1.0,-0.8633938492876678,-0.9994012658314743,0.007810938743277641,14.480270119811355,225.07055462232364,-1.0,-0.8633938492876678,485.5204815991576,0.0,1.1088829387197363,452,True
kidney_cortex,excluded_at_or_below_-1,ENSG00000295300.1,ENSG00000295300,,,,,,,,,,-0.9557471842391978,-0.766012573946437,,,,,,,,,,7,False
kidney_cortex,raw,ENSG00000295300.1,ENSG00000295300,0.17948717948717957,102.75431900663193,-0.9973432544032098,0.0010992623922006243,5.743589745989351,297.60954983644814,0.0,3.4179334082685964,0.0029200846009027584,-1.0,-0.766012573946437,-0.9932562946403432,0.03055210452812605,5.649102984567531,34.53188332599195,-1.0,-0.766012573946437,102.24267816300305,0.0,0.2985572700588418,104,True
kidney_medulla,excluded_at_or_below_-1,ENSG00000295300.1,ENSG00000295300,,,,,,,,,,-0.9361229718855696,-0.9361229718855696,,,,,,,,,,1,False
kidney_medulla,raw,ENSG00000295300.1,ENSG00000295300,0.025641025641025637,13.245166267132571,-0.9993382436135746,0.00025670004822110946,0.9743589747299722,348.26598298820835,0.0,3.6457525549965717,0.0013090359461086455,-1.0,-0.9361229718855696,-0.9941929974441428,0.019259648634413522,2.8460498941515606,6.100000000000071,-1.0,-0.9361229718855696,13.148940189276605,0.0,0.017212435360995683,11,True
liver,excluded_at_or_below_-1,ENSG00000295300.1,ENSG00000295300,,,,,,,,,,-0.9157057389589376,-0.8190234320865899,,,,,,,,,,3,False
liver,raw,ENSG00000295300.1,ENSG00000295300,0.07692307692307691,285.58106080373346,-0.997923345711462,0.0005927421425120311,2.7692307692307696,426.83431126298586,0.0,4.9546547285546,4.689734801559883e-06,-1.0,-0.8190234320865899,-0.9985045509921665,0.014553860436959155,10.339961864385792,110.94333161899706,-1.0,-0.8190234320865899,284.39345877435034,0.0,0.0013337299009500564,262,True
lung,excluded_at_or_below_-1,ENSG00000295300.1,ENSG00000295300,,,,,,,,,,-0.9264224066099636,-0.8046876819878865,,,,,,,,,,6,False
lung,raw,ENSG00000295300.1,ENSG00000295300,0.15384615384615383,646.746367853842,-0.9976506105218754,0.00032816152384678517,5.076923076923077,831.5746080439551,0.0,10.124704518414351,0.0,-1.0,-0.8046876819878865,-0.998859251204436,0.012066454851803007,11.786265876791624,152.009255578959,-1.0,-0.8046876819878865,620.3862458378476,0.0,0.0,604,True
minor_salivary_gland,excluded_at_or_below_-1,ENSG00000295300.1,ENSG00000295300,,,,,,,,,,-0.9438604461073284,-0.8299711282540296,,,,,,,,,,7,False
minor_salivary_gland,raw,ENSG00000295300.1,ENSG00000295300,0.17948718128267135,192.02505363553428,-0.9981592332057295,0.0009017565891639164,5.743589753316499,263.76729808323887,0.0,2.886851503948413,0.015864705949145425,-1.0,-0.8299711282540296,-0.9959965492676555,0.021494518048697033,5.781498098020483,34.18586946587215,-1.0,-0.8299711282540296,187.60307673761505,0.0,2.9762676475973366,181,True
muscle_skeletal,excluded_at_or_below_-1,ENSG00000295300.1,ENSG00000295300,,,,,,,,,,-0.9388708277492446,-0.7239810363170632,,,,,,,,,,8,False
muscle_skeletal,raw,ENSG00000295300.1,ENSG00000295300,2.581086023833249,753.1280991673959,-0.9965490172998576,0.0027282967245506585,3190.0875789915185,141.28570837103695,0.0,1.7888180908402664,0.20329226296315106,-1.0,-0.7239810363170632,-0.9989978427114106,0.012343938458538208,16.907507983234275,333.22907859716764,-1.0,-0.7239810363170632,748.005901014895,0.0,152.06381232710874,818,True
nerve_tibial,excluded_at_or_below_-1,ENSG00000295300.1,ENSG00000295300,,,,,,,,,,-0.9131537455955404,-0.7361206627917424,,,,,,,,,,13,False
nerve_tibial,raw,ENSG00000295300.1,ENSG00000295300,0.3333333333842146,721.9169695080905,-0.9970485105142961,0.001127404407374579,24.66666668880937,327.30730750767304,0.0,3.702341797301197,0.0010702012540730675,-1.0,-0.7361206627917424,-0.9971212354885166,0.021400124576784113,8.029835016972026,68.99460756526314,-1.0,-0.7361206627917424,712.0522544871102,0.0,0.7620392157176765,670,True
ovary,excluded_at_or_below_-1,ENSG00000295300.1,ENSG00000295300,,,,,,,,,,-0.8768132366687165,-0.6457893431985965,,,,,,,,,,9,False
ovary,raw,ENSG00000295300.1,ENSG00000295300,0.23509890470596007,190.0951265800685,-0.9959692185509111,0.0021564388350531214,8.923808925330366,229.65136823886033,0.0,2.6434256792276796,0.03046080173734025,-1.0,-0.6457893431985965,-0.9902891179457454,0.04733559865657053,5.260032597000987,28.24704672898682,-1.0,-0.6457893431985965,189.61383624835173,0.0,5.775789472617512,193,True
pancreas,excluded_at_or_below_-1,ENSG00000295300.1,ENSG00000295300,0.2260354464616192,0.963674778367583,-0.924190397163887,0.004573464794138307,6.602621203946132,22.041163603877777,0.0,10.618513762282976,0.0,-0.9585299058137569,-0.8529108617060142,-0.9159804266236513,0.031195661102043054,0.6889550049652589,-0.25835554179005094,-0.9585299058137569,-0.8529108617060142,0.963585641217501,0.0,0.0,12,True
pancreas,raw,ENSG00000295300.1,ENSG00000295300,0.3076903001979445,407.61704406876845,-0.9979053292877549,0.0006540346051443031,10.30769230949756,313.5203258517519,0.0,4.529288980526246,3.6211847014184197e-05,-1.0,-0.8529108617060142,-0.9972148207720548,0.01601663017887468,6.247777094224148,41.074885110153964,-1.0,-0.8529108617060142,395.1332337564091,0.0,0.014308504211007822,362,True
pituitary,excluded_at_or_below_-1,ENSG00000295300.1,ENSG00000295300,0.1384037640356856,2.2463046710176346,-0.8982550818689453,0.05741053445785857,32.41439211992576,6.3117012594172905,0.0,1.1670215932566876,0.5061347255430615,-0.9456307648459216,-0.6420291819889885,-0.8682977212495433,0.06805955491916715,1.9134387136705884,3.3367296434625207,-0.9456307648459216,-0.6420291819889885,2.2462657769032846,0.0,1.1369131124897154,32,True
pituitary,raw,ENSG00000295300.1,ENSG00000295300,0.8205128214324086,298.50896665783796,-0.9959770714253923,0.0017943872714582755,75.74358974417788,278.9575659481233,0.0,3.1705976971431564,0.006615384597728154,-1.0,-0.6420291819889885,-0.9865352302874932,0.04535840087922793,4.1813950496264445,20.621834335194166,-1.0,-0.6420291819889885,296.13411286937924,0.0,1.959041049137959,313,True
prostate,excluded_at_or_below_-1,ENSG00000295300.1,ENSG00000295300,0.05518357882281036,3.868822916304392,-0.8486663430666036,0.16724594401784648,20.631369215421145,5.848952639542455,0.0,0.8856753504272084,0.6755641036129505,-0.953406966418409,-0.1569648690159097,-0.7894057339242749,0.14647809640677997,2.515912209994925,7.818263182623367,-0.953406966418409,-0.1569648690159097,3.8688103802561713,0.0,2.6136294165862384,49,True
prostate,raw,ENSG00000295300.1,ENSG00000295300,1.256410263545802,255.40481932152358,-0.990574097127844,0.0035665201933806298,141.43589743700272,330.5466987971289,0.0,3.7376038706174,0.0009391086765656285,-1.0,-0.1569648690159097,-0.963407379298899,0.10027406682605627,4.101534445374793,22.718181633367607,-1.0,-0.1569648690159097,251.78808854155304,0.0,0.23645637860524715,282,True
skin_not_sun_exposed_suprapubic,excluded_at_or_below_-1,ENSG00000295300.1,ENSG00000295300,0.18954833955854658,408468420596.7377,-1.760315131896323,0.16428125061631194,8.813963994607736,8.637658052210826,0.0,-7.243193313523966,1.0,-0.918914025542414,-0.756926884910404,-0.8641107592670446,0.056367915589058445,0.8151502675342821,-0.9154893820906511,-0.918914025542414,-0.756926884910404,1.654899401498947,0.0,1.6548994014989291,14,True
skin_not_sun_exposed_suprapubic,raw,ENSG00000295300.1,ENSG00000295300,0.35897435897435903,656.5232489474016,-0.9970942175812461,0.0007563259692835827,12.974358974358974,449.07607684528085,0.0,5.433367453718783,3.9148816593533934e-07,-1.0,-0.756926884910404,-0.9970776507369257,0.021277225952235194,8.18395085883236,72.06418044712791,-1.0,-0.756926884910404,651.6631012414314,0.0,0.0002551183923127365,651,True
skin_sun_exposed_lower_leg,excluded_at_or_below_-1,ENSG00000295300.1,ENSG00000295300,0.2510696031384743,0.22984627278019862,-0.9311810374001065,0.04855988182459112,12.474486199240342,4.573549214340914,0.0,0.32996083835012263,0.9470195690396737,-0.9425109098771728,-0.7741389786358909,-0.8641734071407103,0.05956309108618608,0.3752223388973168,-1.3164488813244049,-0.9425109098771728,-0.7741389786358909,0.22983895002553761,0.0,0.21766198340171566,13,True
skin_sun_exposed_lower_leg,raw,ENSG00000295300.1,ENSG00000295300,0.3333333333333333,793.2329062200514,-0.9973464745103677,0.0006482198181263371,14.666666667356521,486.96917166376977,0.0,5.789165388969407,5.280045286730047e-08,-1.0,-0.7741389786358909,-0.9976581621920813,0.019223756711433677,9.14215977249869,88.544455283824,-1.0,-0.7741389786358909,792.858682839776,0.0,4.1863297513711206e-05,754,True
small_intestine_terminal_ileum,excluded_at_or_below_-1,ENSG00000295300.1,ENSG00000295300,0.01747115631449077,4.445731252201003,-1.0666553339367502,0.23081284333797114,34.252996378822864,3.5987719410060963,0.0,-0.7536688939323515,1.0,-0.9436495411963628,-0.479302188465085,-0.8449200460012611,0.09275120087232577,1.960261462298314,5.035048255849242,-0.9436495411963628,-0.479302188465085,3.339720965734386,0.0,3.339720965734386,36,True
small_intestine_terminal_ileum,raw,ENSG00000295300.1,ENSG00000295300,0.9230769230767416,177.48930052520154,-0.9930255568196809,0.002254836280393238,84.76923077604752,322.20279634154036,0.0,4.374309665572659,6.998622308749772e-05,-1.0,-0.479302188465085,-0.9730295732176105,0.0702394444740396,3.3987632548463775,14.502035299858537,-1.0,-0.479302188465085,177.47503506935215,0.0,0.012420807396825162,207,True
spleen,excluded_at_or_below_-1,ENSG00000295300.1,ENSG00000295300,,,,,,,,,,-0.9286794039450024,-0.719133931644229,,,,,,,,,,7,False
spleen,raw,ENSG00000295300.1,ENSG00000295300,0.1794871794928641,286.6798244534653,-0.9967856307675438,0.0012041798721611455,7.743589750854654,326.0798553387375,0.0,3.775021214111624,0.0008069767318574998,-1.0,-0.719133931644229,-0.996487945558139,0.02401695196893858,8.123666882837181,75.08927482466225,-1.0,-0.719133931644229,285.77052776325957,0.0,0.23061016655558805,277,True
stomach,excluded_at_or_below_-1,ENSG00000295300.1,ENSG00000295300,0.08166660756836971,3.6152001063396004,-1.0342390172011613,0.1731651674076852,14.284106111747674,4.001325463325997,0.0,-0.8096596463418578,1.0,-0.9350992182822718,-0.5442916626115277,-0.8489918186337051,0.08639027302165,1.8955875437859044,3.9178835757107544,-0.9350992182822718,-0.5442916626115277,2.6036377757432447,0.0,2.6036377757432447,27,True
stomach,raw,ENSG00000295300.1,ENSG00000295300,0.6923076924290223,524.6788479579645,-0.9955912571002974,0.0022605714603762426,38.307692330531026,282.3330376440612,0.0,2.7581096687551376,0.022397064605343756,-1.0,-0.5442916626115277,-0.9899822582385998,0.04351814150076751,5.6418187344831985,39.02878149600514,-1.0,-0.5442916626115277,522.1877815233288,0.0,11.695473478899123,407,True
testis,excluded_at_or_below_-1,ENSG00000295300.1,ENSG00000295300,0.40548159344354273,3.997109375385146,-0.9103765294324543,0.04387504529038111,36.4846488346474,13.210182528921793,0.0,1.0031260072287538,0.6046475513921785,-0.9414978537996644,-0.5005393081162747,-0.8500424562641609,0.09420499470677879,1.9428677828638123,4.042228053898629,-0.9414978537996644,-0.5005393081162747,3.9970240667820094,0.0,2.416790814835349,40,True
testis,raw,ENSG00000295300.1,ENSG00000295300,1.0256410211891638,444.5499853945529,-0.9945714162753456,0.0019443847553900619,96.9743592600344,359.3254399210566,0.0,3.9483835216267185,0.0004304000600886174,-1.0,-0.5005393081162747,-0.9855113484313199,0.05296743832683368,4.918826621466743,29.866412868757607,-1.0,-0.5005393081162747,425.3837464254474,0.0,0.18308519002223322,414,True
thyroid,excluded_at_or_below_-1,ENSG00000295300.1,ENSG00000295300,0.8559578083869404,12.076921363397997,-0.8829032263455514,0.010042250182049548,48.03173686939559,62.62762245943778,0.0,5.555852155551121,1.9829503938030662e-07,-0.9223550169413794,-0.4381880363785793,-0.8170631080626177,0.10682847870283665,1.9823803132407427,3.7119386677540254,-0.9223550169413794,-0.4381880363785793,12.074062252993976,0.0,2.394226649937714e-06,52,True
thyroid,raw,ENSG00000295300.1,ENSG00000295300,1.3333333303037749,798.1490534592739,-0.9943191805431922,0.0027649373127873354,226.66666670185063,284.45064663791715,0.0,2.9056325740389486,0.014684269905132667,-1.0,-0.4381880363785793,-0.9860925169872166,0.05662490801835311,5.379738572611056,35.29433152233091,-1.0,-0.4381880363785793,797.8522809715008,0.0,11.715878238211262,684,True
uterus,excluded_at_or_below_-1,ENSG00000295300.1,ENSG00000295300,,,,,,,,,,-0.879279137883693,-0.8368478137691823,,,,,,,,,,3,False
uterus,raw,ENSG00000295300.1,ENSG00000295300,0.0769230769230772,174.82647713779946,-0.9982308603189368,0.0006894277887135661,2.7692307716322815,331.0427820056631,0.0,3.629011437674547,0.0014350166724691772,-1.0,-0.8368478137691823,-0.9972919121748649,0.019380378204882177,7.123512881035759,49.716659457816505,-1.0,-0.8368478137691823,168.2600546297445,0.0,0.2414559837042562,153,True
vagina,excluded_at_or_below_-1,ENSG00000295300.1,ENSG00000295300,,,,,,,,,,-0.9240087913417412,-0.6770900525135151,,,,,,,,,,8,False
vagina,raw,ENSG00000295300.1,ENSG00000295300,0.2051282051282067,179.55563610592966,-0.9963238408559246,0.0011161441894978908,10.358974358974361,404.4860487466891,0.0,4.6578875452753605,1.9592944110374458e-05,-1.0,-0.6770900525135151,-0.9924704066899409,0.039935997381624205,6.332580225970788,42.598047116235875,-1.0,-0.6770900525135151,178.19313123733733,0.0,0.0034913280611857667,170,True
whole_blood,excluded_at_or_below_-1,ENSG00000295300.1,ENSG00000295300,0.3589743589744228,2.6776506680363883,-0.9228734390505198,0.0005834114213200719,8.974358974359049,277.18960053652216,0.0,2.5066389623073153,0.04385630597311827,-0.9239075132799324,-0.8085232566404519,-0.8760517674322015,0.03515070969554988,0.254261428769537,-0.9792604127747122,-0.9239075132799324,-0.8085232566404519,2.6383589463993737,0.0,0.11570867722020445,16,True
whole_blood,raw,ENSG00000295300.1,ENSG00000295300,0.41021196523707143,1128.5886494902038,-0.9982648104636391,0.0010955709117018155,13.4358975310035,244.92716618924754,0.0,2.2398628417374375,0.0826714047367345,-1.0,-0.8085232566404519,-0.9975302967358844,0.017986083908359117,7.630598188322411,59.589861384724294,-1.0,-0.8085232566404519,1111.1067628432806,0.0,91.85675689674201,803,True
adipose_subcutaneous,excluded_at_or_below_-1,ENSG00000295301.1,ENSG00000295301,0.45685453313795676,3.478659199401918,-0.9025863766092337,0.02628957613834793,43.779929665357045,9.955603742231204,0.0,2.5605193970185245,0.03770042146161798,-0.9501852481182004,-0.7175163068911778,-0.8822672660814611,0.04738460473661107,1.2423256181176894,1.5857797757066914,-0.9501852481182004,-0.7175163068911778,3.4784999291000793,0.0,0.13114091338128125,46,True
adipose_subcutaneous,raw,ENSG00000295301.1,ENSG00000295301,1.179487157051206,779.5276376255173,-0.9970040359108175,0.0013540189123166697,111.74358986232433,291.9127150300771,0.0,3.1291535212425012,0.007591727966010622,-1.0,-0.7175163068911778,-0.9924149779268167,0.03127864481250037,4.607112037358637,23.027593823254332,-1.0,-0.7175163068911778,767.8414862082224,0.0,5.82924368431023,714,True
adipose_visceral_omentum,excluded_at_or_below_-1,ENSG00000295301.1,ENSG00000295301,0.42746190246062654,0.7119704559874739,-0.9076028144659536,0.02337637313863722,12.944248130108512,6.3107633495583135,0.0,2.692146733335742,0.026680415393627668,-0.9521029014802632,-0.8032884713045407,-0.8874816228910865,0.040763726075538395,0.46397226529116875,-0.7222465324265008,-0.9521029014802632,-0.8032884713045407,0.7119693078560231,0.0,0.018995636881112277,25,True
adipose_visceral_omentum,raw,ENSG00000295301.1,ENSG00000295301,0.6409967725149602,619.7426712429368,-0.9978375295481845,0.0009423641681204481,26.974359006901416,291.9613521212619,0.0,3.2452369738213425,0.005274596719177306,-1.0,-0.8032884713045407,-0.9952079055745776,0.02419030124710799,5.407755225627401,29.984296447763327,-1.0,-0.8032884713045407,606.9071969142193,0.0,3.2011907096889383,587,True
adrenal_gland,excluded_at_or_below_-1,ENSG00000295301.1,ENSG00000295301,,,,,,,,,,-0.943606531479774,-0.6606425210848723,,,,,,,,,,9,False
adrenal_gland,raw,ENSG00000295301.1,ENSG00000295301,-0.03160192900878363,267.9515055053789,-0.9957788893254768,0.00405228440005295,351.26607026364013,116.95980598107418,0.0,1.4731325284352412,0.3392257082712414,-1.0,-0.6606425210848723,-0.9965933543008583,0.024063961424420414,10.448668477587956,131.23639561623705,-1.0,-0.6606425210848723,266.88981048513676,0.0,90.53588499219788,295,True
artery_aorta,excluded_at_or_below_-1,ENSG00000295301.1,ENSG00000295301,0.08336832685617002,1.7579375375973467,-0.8638601264816342,0.04315974798893279,7.856012965260552,10.720013549141312,0.0,3.1873234972640803,0.006223055063038517,-0.9611326195202984,-0.5367008518650735,-0.8340043500777743,0.09974053304986724,1.9295909825407749,3.3690965938015465,-0.9611326195202984,-0.5367008518650735,1.7579002468946043,0.0,0.010939510031754127,16,True
artery_aorta,raw,ENSG00000295301.1,ENSG00000295301,0.4102564102564102,503.8852012230102,-0.9944675583297315,0.0008153150619775838,23.43589743589752,794.024193684014,0.0,9.596356559579442,0.0,-1.0,-0.5367008518650735,-0.9943730288161957,0.03494462279286027,8.243608738976631,83.05498280314589,-1.0,-0.5367008518650735,493.3944791714727,0.0,0.0,472,True
artery_coronary,excluded_at_or_below_-1,ENSG00000295301.1,ENSG00000295301,0.18624107100065232,1.036726562879034,-0.9013150273674121,0.01827581759670389,15.366302744591485,12.623634393933157,0.0,3.2359845931826032,0.005322664499298585,-0.9431335092037124,-0.7381803737837864,-0.8595854056175368,0.07102227350797918,0.7298764733375768,-1.1163630512900886,-0.9431335092037124,-0.7381803737837864,1.0367090543942497,0.0,0.005518054479925677,14,True
artery_coronary,raw,ENSG00000295301.1,ENSG00000295301,0.35897435897435903,261.1868206215718,-0.9968951458541808,0.0009805637873883156,16.974358974358974,373.1301768982455,0.0,4.477961453076814,4.432572866633363e-05,-1.0,-0.7381803737837864,-0.9926649092486773,0.035005745203530655,5.454139438213793,31.253395222492586,-1.0,-0.7381803737837864,260.63261710713016,0.0,0.011552730667487077,268,True
artery_tibial,excluded_at_or_below_-1,ENSG00000295301.1,ENSG00000295301,0.3700165902505258,2.114556969851609,-0.8761810403027904,0.036715409708734846,26.577225927535714,6.32958750657129,0.0,2.785325152678207,0.02067111434245357,-0.948492858597774,-0.7118540922560677,-0.854933770308374,0.05226651398173963,0.968727668223072,0.6593227727234221,-0.948492858597774,-0.7118540922560677,2.1145565384456444,0.0,0.04371023998979273,38,True
artery_tibial,raw,ENSG00000295301.1,ENSG00000295301,0.9743589743589747,710.4593681315874,-0.996762054126752,0.00124206366550651,56.974359313020216,324.3961762147583,0.0,3.6867248397528654,0.0011304703232403637,-1.0,-0.7118540922560677,-0.9920224070502435,0.03523789908848813,4.7793267428815085,23.897498403925493,-1.0,-0.7118540922560677,702.7936027551256,0.0,0.7944873112778464,691,True
bladder,excluded_at_or_below_-1,ENSG00000295301.1,ENSG00000295301,0.18421053091614756,11.026366751616303,-0.9290425042493129,0.001238313386566329,7.710527115149791,153.12967260943017,0.0,4.24934109341124,0.00012007284503456999,-0.9327633114173812,-0.7949591320360072,-0.890543215561982,0.04715651042834873,0.9237381619036179,-0.5783118105257232,-0.9327633114173812,-0.7949591320360072,11.01492834900113,0.0,0.001322593784716497,11,True
bladder,raw,ENSG00000295301.1,ENSG00000295301,0.28205128205128205,84.12496890841852,-0.9977407684336337,0.0006113220320892957,15.897435897435901,469.1087926499656,0.0,5.226436728900053,1.2310206674503802e-06,-1.0,-0.7949591320360072,-0.9843633165088543,0.042177425518502946,2.8267766740824807,7.472826139935634,-1.0,-0.7949591320360072,80.00986179602869,0.0,9.849379347076637e-05,77,True
brain_amygdala,excluded_at_or_below_-1,ENSG00000295301.1,ENSG00000295301,,,,,,,,,,-0.9123647245653403,-0.8433030959035954,,,,,,,,,,3,False
brain_amygdala,raw,ENSG00000295301.1,ENSG00000295301,0.0769230769230769,213.0257202038547,-0.9982360746531616,0.00045903634514200093,2.7692307692313296,477.3223779017296,0.0,5.434356505563667,3.9489428670827296e-07,-1.0,-0.8433030959035954,-0.9978217748562994,0.0172969255079079,8.113569043922396,65.64729398691745,-1.0,-0.8433030959035954,208.50131167370554,0.0,8.233597675112725e-05,181,True
brain_anterior_cingulate_cortex_ba24,excluded_at_or_below_-1,ENSG00000295301.1,ENSG00000295301,,,,,,,,,,-0.9487935827839517,-0.8914126514523462,,,,,,,,,,4,False
brain_anterior_cingulate_cortex_ba24,raw,ENSG00000295301.1,ENSG00000295301,0.10256415935532585,229.36644665833504,-0.9986657044975186,0.0005093865615715098,3.5897435899283017,297.76742000114683,0.0,3.704414168291319,0.0010648786396862465,-1.0,-0.8914126514523462,-0.9987363942941472,0.010034688852039503,8.497307500257255,75.44585283973512,-1.0,-0.8914126514523462,225.62474590012286,0.0,0.24026297249367767,233,True
brain_caudate_basal_ganglia,excluded_at_or_below_-1,ENSG00000295301.1,ENSG00000295301,,,,,,,,,,-0.972981871212974,-0.8212432974287847,,,,,,,,,,8,False
brain_caudate_basal_ganglia,raw,ENSG00000295301.1,ENSG00000295301,0.2051282018319104,325.5191993314313,-0.9980560111929333,0.0008783155721997848,10.358974372798814,284.6937316379193,0.0,3.130099730749503,0.007661768064268675,-1.0,-0.8212432974287847,-0.9981801476533413,0.01347920558275111,9.885890411323759,112.02196276537524,-1.0,-0.8212432974287847,316.7686782479279,0.0,2.427008142760662,300,True
brain_cerebellar_hemisphere,excluded_at_or_below_-1,ENSG00000295301.1,ENSG00000295301,,,,,,,,,,-0.9220980245666278,-0.9220980245666278,,,,,,,,,,1,False
brain_cerebellar_hemisphere,raw,ENSG00000295301.1,ENSG00000295301,0.02564102564102563,276.7245119119811,-0.999041436222016,0.0002919438101979829,0.9743589756256558,372.72383416696914,0.0,4.643406874444793,2.137332753083333e-05,-1.0,-0.9220980245666278,-0.9997187654316484,0.00468067606599041,16.553054799293204,272.0036231884045,-1.0,-0.9220980245666278,269.28641663636967,0.0,0.005755546782373486,277,True
brain_cerebellum,excluded_at_or_below_-1,ENSG00000295301.1,ENSG00000295301,0.08194129786804069,0.4636892950304709,-0.8659973523912534,0.08592066223995404,8.792106492485708,4.125554952156682,0.0,1.4689970233176233,0.339811617944519,-0.9552463883432032,-0.6153489192070805,-0.8401174574651266,0.09428132485482085,1.1173904568936308,1.059501345529572,-0.9552463883432032,-0.6153489192070805,0.4635942747952853,0.0,0.15753472058800183,11,True
brain_cerebellum,raw,ENSG00000295301.1,ENSG00000295301,0.2820512869412293,356.69519602504226,-0.9964821306507472,0.002223527583208829,11.897435915151458,242.40929627533384,0.0,2.237444042493241,0.08340863590193913,-1.0,-0.6153489192070805,-0.993388315910212,0.03677819094094772,6.789223401668482,52.877203063652814,-1.0,-0.6153489192070805,349.95589413767874,0.0,29.18934375586719,266,True
brain_cortex,excluded_at_or_below_-1,ENSG00000295301.1,ENSG00000295301,0.17948718499502425,4.106173760271993,-0.933796078324714,0.0004057831244780055,7.743589743633992,253.86206696374128,0.0,2.3357838672330757,0.06663723224098761,-0.9344662894589932,-0.8609549279781337,-0.906996200850491,0.030453599630285506,0.724149860899418,-1.23308234476739,-0.9344662894589932,-0.8609549279781337,4.027075032680245,0.0,0.26835313420459617,10,True
brain_cortex,raw,ENSG00000295301.1,ENSG00000295301,0.2564104865264016,265.9922218823772,-0.9983686168526072,0.0006919074637790788,13.435897439742883,280.8645846954563,0.0,3.33444035979737,0.003852016588513338,-1.0,-0.8609549279781337,-0.9965554148463144,0.018457251632851553,5.680301612243881,33.00675383060346,-1.0,-0.8609549279781337,265.9688746591382,0.0,1.024516517215225,270,True
brain_frontal_cortex_ba9,excluded_at_or_below_-1,ENSG00000295301.1,ENSG00000295301,,,,,,,,,,-0.9425039782122708,-0.8868983035283062,,,,,,,,,,6,False
brain_frontal_cortex_ba9,raw,ENSG00000295301.1,ENSG00000295301,0.15384615384615388,326.1146494909607,-0.998774040312796,0.0004044060665920567,7.07692309302335,391.23098620750443,0.0,4.287197843438124,0.00010760043635323055,-1.0,-0.8868983035283062,-0.9982382525475039,0.011953406873892812,6.968955912456218,49.23043613531547,-1.0,-0.8868983035283062,309.297063498419,0.0,0.033280498995202246,269,True
brain_hippocampus,excluded_at_or_below_-1,ENSG00000295301.1,ENSG00000295301,,,,,,,,,,-0.9612281182463588,-0.8887189092602892,,,,,,,,,,8,False
brain_hippocampus,raw,ENSG00000295301.1,ENSG00000295301,0.20512820512820518,266.26677338543425,-0.9987313143180894,0.00044390187221924964,8.35897435897436,350.48519728968336,0.0,4.041867381132818,0.00028494152351701,-1.0,-0.8887189092602892,-0.9976473793264833,0.013788746494684614,6.202289326192326,39.28223720130687,-1.0,-0.8887189092602892,264.90713476683044,0.0,0.07548304257098645,255,True
brain_hypothalamus,excluded_at_or_below_-1,ENSG00000295301.1,ENSG00000295301,,,,,,,,,,-0.9563251340859212,-0.7810725556233195,,,,,,,,,,8,False
brain_hypothalamus,raw,ENSG00000295301.1,ENSG00000295301,0.21052630924080465,260.8662408230849,-0.997433492946728,0.0007812229953566051,6.360110803550571,391.668670468217,0.0,4.646034620379659,2.0548725829172655e-05,-1.0,-0.7810725556233195,-0.9970156389606871,0.01894633401543214,7.9463036564420415,73.58672939422898,-1.0,-0.7810725556233195,260.8382710724102,0.0,0.005359894118022374,257,True
brain_nucleus_accumbens_basal_ganglia,excluded_at_or_below_-1,ENSG00000295301.1,ENSG00000295301,,,,,,,,,,-0.964100245199953,-0.8671626074331317,,,,,,,,,,5,False
brain_nucleus_accumbens_basal_ganglia,raw,ENSG00000295301.1,ENSG00000295301,0.1282051282051282,374.2406866537291,-0.9986303496251177,0.000539506036414092,4.358974358974384,344.6179495196095,0.0,3.5902807478165704,0.0015966995672082704,-1.0,-0.8671626074331317,-0.9983471780645521,0.013237853228099715,8.459285556324023,72.60973060504793,-1.0,-0.8671626074331317,372.2842830737192,0.0,0.5944261536622477,285,True
brain_putamen_basal_ganglia,excluded_at_or_below_-1,ENSG00000295301.1,ENSG00000295301,,,,,,,,,,-0.96151746179913,-0.9164516589793352,,,,,,,,,,7,False
brain_putamen_basal_ganglia,raw,ENSG00000295301.1,ENSG00000295301,0.17948717948717952,259.6195673462053,-0.9990023827324568,0.00020786177733328942,9.743589743589745,561.6441589845028,0.0,6.787413674211197,1.0018208604468026e-10,-1.0,-0.9164516589793352,-0.9982443771661129,0.010812605428134623,6.329297863041923,39.8168960248405,-1.0,-0.9164516589793352,256.91798005846204,0.0,2.5738579184642063e-08,254,True
brain_spinal_cord_cervical_c-1,excluded_at_or_below_-1,ENSG00000295301.1,ENSG00000295301,,,,,,,,,,-0.9426994639365148,-0.7963152068112225,,,,,,,,,,6,False
brain_spinal_cord_cervical_c-1,raw,ENSG00000295301.1,ENSG00000295301,0.15384615384575437,232.8655344661405,-0.9978567686127348,0.0009978481330623276,5.0769230769279226,285.637463896273,0.0,3.037523241009033,0.010025510123220864,-1.0,-0.7963152068112225,-0.9964332576503255,0.022187709654452815,6.770497280858873,47.72638014682873,-1.0,-0.7963152068112225,230.3983768374547,0.0,2.309861259357556,204,True
brain_substantia_nigra,excluded_at_or_below_-1,ENSG00000295301.1,ENSG00000295301,,,,,,,,,,-0.9363948991740284,-0.7711505323382022,,,,,,,,,,6,False
brain_substantia_nigra,raw,ENSG00000295301.1,ENSG00000295301,0.15384599714885344,213.53597986749548,-0.9976851431862688,0.0012569500668562804,5.076923079119409,254.87752254909418,0.0,2.6044804700304716,0.033663616760885494,-1.0,-0.7711505323382022,-0.9957866391319865,0.025387530155334678,6.7851907362126935,48.53814203719905,-1.0,-0.7711505323382022,213.46731491758277,0.0,7.186081880360761,183,True
breast_mammary_tissue,excluded_at_or_below_-1,ENSG00000295301.1,ENSG00000295301,0.38893314770728915,4.831237385907697,-0.9012059283606596,0.019741420196888848,13.82096968707348,17.606824581463265,0.0,3.976646344370092,0.00036824110698924526,-0.9567170962262106,-0.655427121224684,-0.8734370984966968,0.061152492367358584,1.7598774730418996,3.1704539649550503,-0.9567170962262106,-0.655427121224684,4.830824710546712,0.0,0.0017789082390827216,38,True
breast_mammary_tissue,raw,ENSG00000295301.1,ENSG00000295301,0.974330434168049,576.7450762549813,-0.9961356478810042,0.001005264089676608,80.97435900612612,479.3114805966346,0.0,5.436401471604583,3.923388648121744e-07,-1.0,-0.655427121224684,-0.9906432096164873,0.03699365468577897,4.784470480249045,26.801379023293478,-1.0,-0.655427121224684,561.892077907308,0.0,0.000220452099993107,514,True
cells_cultured_fibroblasts,excluded_at_or_below_-1,ENSG00000295301.1,ENSG00000295301,,,,,,,,,,-0.9339425061157942,-0.6073726371819637,,,,,,,,,,6,False
cells_cultured_fibroblasts,raw,ENSG00000295301.1,ENSG00000295301,0.15384615376510913,710.2721917579998,-0.995739555100874,0.002099472350100862,5.076923082936277,261.60561841720636,0.0,2.8698539220095074,0.01667774519063777,-1.0,-0.6073726371819637,-0.998394054532567,0.020174686035567335,15.520213456606204,264.40691966964715,-1.0,-0.6073726371819637,693.1854513889956,0.0,11.560770328122876,652,True
cells_ebv-transformed_lymphocytes,excluded_at_or_below_-1,ENSG00000295301.1,ENSG00000295301,,,,,,,,,,-0.9413274641919168,-0.8589701212411089,,,,,,,,,,4,False
cells_ebv-transformed_lymphocytes,raw,ENSG00000295301.1,ENSG00000295301,-0.3216847723257388,300.2392020174725,-0.9982637131463264,0.0018360694161657712,592.280746440064,107.28945490274224,0.0,1.337357071043139,0.4098537772498457,-1.0,-0.8589701212411089,-0.9989140015713898,0.010372992398601732,10.578853757047632,120.67836555955921,-1.0,-0.8589701212411089,299.54730540786136,0.0,122.77059458642508,327,True
cervix_ectocervix,excluded_at_or_below_-1,ENSG00000295301.1,ENSG00000295301,,,,,,,,,,-0.963454467388864,-0.9131320111821728,,,,,,,,,,2,False
cervix_ectocervix,raw,ENSG00000295301.1,ENSG00000295301,0.05128205126442373,25.65709041814462,-0.9990634130252283,0.0003777749274337926,1.897435898093498,321.687187515851,0.0,3.506145871198563,0.0022081884727056045,-1.0,-0.9131320111821728,-0.9948577699404598,0.01893582148875287,3.753584210255168,13.090422028681346,-1.0,-0.9131320111821728,24.8752497478282,0.0,0.05492923974883207,24,True
cervix_endocervix,excluded_at_or_below_-1,ENSG00000295301.1,ENSG00000295301,,,,,,,,,,-0.9389786935228388,-0.833607189285133,,,,,,,,,,3,False
cervix_endocervix,raw,ENSG00000295301.1,ENSG00000295301,0.07692307734951893,32.95184119389179,-0.9985605382683308,0.0009028737218163835,2.7692307696454055,258.37418639407724,0.0,2.2546965918428095,0.0789693921248644,-1.0,-0.833607189285133,-0.9838574917244973,0.045782857942743324,2.6548078416008725,5.449058860285753,-1.0,-0.833607189285133,32.84875091198847,0.0,2.594045891580813,23,True
colon_sigmoid,excluded_at_or_below_-1,ENSG00000295301.1,ENSG00000295301,0.2607963626458308,1.0681838829818082,-0.8844137912852839,0.008206598207414434,8.446286895147118,15.363632035767074,0.0,8.081680128914558,6.549084104300579e-15,-0.9313113062175792,-0.7952595373036366,-0.8814456499504157,0.03918552578101118,1.0753334628126978,0.3827696670940175,-0.9313113062175792,-0.7952595373036366,1.0679974396031162,0.0,6.994405055138486e-15,15,True
colon_sigmoid,raw,ENSG00000295301.1,ENSG00000295301,0.38461538461537326,465.4343302505588,-0.9977819829983086,0.000903935323844653,15.230769246781868,316.84787819575797,0.0,3.4701041574799647,0.002512190433380561,-1.0,-0.7952595373036366,-0.9957558108574135,0.023189286550742746,5.881711525982544,36.40007807012972,-1.0,-0.7952595373036366,449.78055357260837,0.0,1.1299344038057153,419,True
colon_transverse,excluded_at_or_below_-1,ENSG00000295301.1,ENSG00000295301,,,,,,,,,,-0.9554072395820412,-0.8455827019915313,,,,,,,,,,19,False
colon_transverse,raw,ENSG00000295301.1,ENSG00000295301,0.4871794871860586,489.2964033317477,-0.9982495897944896,0.0007174928071023229,21.7435897735942,300.91393407578084,0.0,3.450144486251396,0.002616137530110584,-1.0,-0.8455827019915313,-0.9960666801515476,0.02026311516129224,5.370434564630734,28.923673472603543,-1.0,-0.8455827019915313,486.51913543964895,0.0,1.2728009693406195,479,True
esophagus_gastroesophageal_junction,excluded_at_or_below_-1,ENSG00000295301.1,ENSG00000295301,0.4047740006440189,2.5935272741680295,-0.9190926700870129,0.004295997431718042,12.915945768975238,60.74352575632267,0.0,7.6863095048945445,1.4836201925251968e-13,-0.9424415947268016,-0.7345703054416253,-0.8805131678240482,0.053289401535944865,1.360904876953811,1.344960760604037,-0.9424415947268016,-0.7345703054416253,2.592181325569437,0.0,3.8458125573015423e-13,20,True
esophagus_gastroesophageal_junction,raw,ENSG00000295301.1,ENSG00000295301,0.5128205128151008,470.84678911940824,-0.9973033686386849,0.0013626903250441155,23.743589743990768,272.66698414775954,0.0,2.798590827133882,0.019934933463468956,-1.0,-0.7345703054416253,-0.9940701323982158,0.028447677613978765,5.5609816566712595,34.56548919101316,-1.0,-0.7345703054416253,470.4826485381731,0.0,9.37904029432513,403,True
esophagus_mucosa,excluded_at_or_below_-1,ENSG00000295301.1,ENSG00000295301,0.18049424456493787,1.782936309838293,-0.9309362248028925,0.03303337178080908,9.797984792803359,11.702757637163172,0.0,0.21478572768287246,0.977205625508644,-0.9359532158603492,-0.6575817936373352,-0.8575690884626284,0.08907759071971157,1.0772545286949433,-0.14364904460876637,-0.9359532158603492,-0.6575817936373352,1.78292156224203,0.0,1.742280980463572,16,True
esophagus_mucosa,raw,ENSG00000295301.1,ENSG00000295301,0.41025641025641024,661.2155355508239,-0.9959335502565286,0.0006720865924579522,21.435897435897438,711.9642742963373,0.0,8.556677729419274,1.274485510969549e-16,-1.0,-0.6575817936373352,-0.9962884453019577,0.026643347054411196,8.914611729765506,88.86951198986281,-1.0,-0.6575817936373352,655.0782314370829,0.0,8.348877145181177e-14,614,True
esophagus_muscularis,excluded_at_or_below_-1,ENSG00000295301.1,ENSG00000295301,0.22323052739514432,3.5880686014107916,-0.8965154650573973,0.03270600746539163,24.40576676563776,12.537504009494935,0.0,1.5951755099957257,0.2802004289437438,-0.9334065142784104,-0.6065651275398876,-0.8665055747400358,0.0696153902432225,2.1372814579815644,4.669711241891489,-0.9334065142784104,-0.6065651275398876,3.5879166871903116,0.0,1.0053357947651418,33,True
esophagus_muscularis,raw,ENSG00000295301.1,ENSG00000295301,0.8461538461538463,536.2077323535526,-0.995105208215421,0.00017735498272356597,83.07692307692383,3098.185589030334,0.0,39.03065377946532,0.0,-1.0,-0.6065651275398876,-0.9921473867494138,0.03557119548002405,5.812469046250038,41.60830150619001,-1.0,-0.6065651275398876,32.43263568721294,0.0,0.0,561,True
fallopian_tube,excluded_at_or_below_-1,ENSG00000295301.1,ENSG00000295301,,,,,,,,,,-0.9362251111511032,-0.8465201985828967,,,,,,,,,,3,False
fallopian_tube,raw,ENSG00000295301.1,ENSG00000295301,0.07692307697248044,28.403262801718917,-0.9982989239790768,0.0007192800771394915,2.7692307695206875,298.4199601198638,0.0,3.344573075045676,0.0037856319864675537,-1.0,-0.8465201985828967,-0.9898228909424445,0.033104367817170875,3.3860084374381745,10.898390434748611,-1.0,-0.8465201985828967,27.937278208526433,0.0,0.10576025400104018,29,True
heart_atrial_appendage,excluded_at_or_below_-1,ENSG00000295301.1,ENSG00000295301,,,,,,,,,,-0.9398017812805745,-0.7176835632974123,,,,,,,,,,6,False
heart_atrial_appendage,raw,ENSG00000295301.1,ENSG00000295301,0.15384615384615383,501.229327382664,-0.9967715391044136,0.0009643106019834612,7.076923076924151,409.29758489607974,0.0,4.734712212785597,1.3628190877038748e-05,-1.0,-0.7176835632974123,-0.9985257499589724,0.015700967821513423,14.25963455878895,232.17030189052218,-1.0,-0.7176835632974123,498.54004577051165,0.0,0.006794198903608162,461,True
heart_left_ventricle,excluded_at_or_below_-1,ENSG00000295301.1,ENSG00000295301,,,,,,,,,,-0.9607647276350838,-0.9223509156397794,,,,,,,,,,8,False
heart_left_ventricle,raw,ENSG00000295301.1,ENSG00000295301,0.20512711782719956,570.5828195605083,-0.9992570049278798,0.0004540612210543817,8.358974437613469,239.53077130821902,0.0,2.3141234244336832,0.0691337432960458,-1.0,-0.9223509156397794,-0.9989622121189803,0.007929784339685681,7.832619528710197,61.6465547084034,-1.0,-0.9223509156397794,567.2425891114278,0.0,39.21560354221375,452,True
kidney_cortex,excluded_at_or_below_-1,ENSG00000295301.1,ENSG00000295301,,,,,,,,,,-0.9489495385253184,-0.9472572062101422,,,,,,,,,,3,False
kidney_cortex,raw,ENSG00000295301.1,ENSG00000295301,0.3844735701484753,95.70815343219043,-0.999348560050221,0.0006520886742235864,36.18499856610891,112.97282408827124,0.0,1.4128066449646084,0.36968009904867216,-1.0,-0.9472572062101422,-0.9985032070038452,0.008727693899143475,5.631589305528911,29.721316752608608,-1.0,-0.9472572062101422,95.4315683753924,0.0,35.27915164938517,104,True
kidney_medulla,excluded_at_or_below_-1,ENSG00000295301.1,ENSG00000295301,,,,,,,,,,,,,,,,,,,,,0,False
kidney_medulla,raw,ENSG00000295301.1,ENSG00000295301,0.0,11.0,-0.9875,1.0001e-06,0.0,-17675.90193946968,0.0,,,-1.0,-1.0,-1.0,0.0,,,,-1.0,8.983579622590726e-189,0.0,,11,True
liver,excluded_at_or_below_-1,ENSG00000295301.1,ENSG00000295301,,,,,,,,,,-0.9175739877866296,-0.9175739877866296,,,,,,,,,,1,False
liver,raw,ENSG00000295301.1,ENSG00000295301,0.025641022303713498,281.92480055844464,-0.9991011556709988,0.0004731537862622618,0.9743589817105487,243.6772776030073,0.0,2.6865638138025165,0.027590372169733705,-1.0,-0.9175739877866296,-0.999685396899949,0.00509229604080228,16.0935959753445,257.0038314176245,-1.0,-0.9175739877866296,276.7504532700867,0.0,7.635648003864151,262,True
lung,excluded_at_or_below_-1,ENSG00000295301.1,ENSG00000295301,0.5836689423459064,3.7664046301961305,-0.889366002646781,0.02362871904625976,32.759032509644825,12.340743332329394,0.0,3.6227722730207623,0.001412720382044998,-0.949895381296032,-0.6831765240702162,-0.8522751705684863,0.06890300776474573,1.0214942182199682,-0.026506531704975078,-0.949895381296032,-0.6831765240702162,3.7663994074892617,0.0,0.005320869209882284,47,True
lung,raw,ENSG00000295301.1,ENSG00000295301,1.205128205697262,569.3291205723039,-0.9958715943239921,0.001083816887290226,100.35897436300175,408.018747840086,0.0,5.386931470117732,5.041001610107364e-07,-1.0,-0.6831765240702162,-0.9885048559879451,0.04394030620221227,4.351793874149457,20.090975135264376,-1.0,-0.6831765240702162,564.2143377483744,0.0,0.000284420538503527,604,True
minor_salivary_gland,excluded_at_or_below_-1,ENSG00000295301.1,ENSG00000295301,0.0871287654029516,1.6678942418467337,-0.9119789335463602,0.014081111638020373,14.751286873147135,9.947275758988692,0.0,3.411305520617082,0.0029720529332379095,-0.9459447893019788,-0.8129354056215863,-0.9050087487375253,0.030228214512167565,1.9177100062685193,3.7178626564545665,-0.9459447893019788,-0.8129354056215863,1.6678936816738954,0.0,0.004957068308947876,16,True
minor_salivary_gland,raw,ENSG00000295301.1,ENSG00000295301,0.42181468533708205,162.4061917321849,-0.997682353913732,0.002088819228405601,38.16848749214368,125.08102009441113,0.0,1.5691384316119312,0.2931328068576237,-1.0,-0.8129354056215863,-0.9916029833138145,0.028413346766107357,3.551050543026591,12.96376857328024,-1.0,-0.8129354056215863,161.76300816720965,0.0,47.41804462978688,181,True
muscle_skeletal,excluded_at_or_below_-1,ENSG00000295301.1,ENSG00000295301,0.4102564102832399,6.726221701503759,-0.9462136991847976,0.0006820361121877897,11.435897435938898,283.0321485137342,0.0,2.6973292558618707,0.026669794572878394,-0.9475145465305628,-0.8097151169815975,-0.900998558012908,0.04476187333501789,0.7042934468720908,-0.8876494698939763,-0.9475145465305628,-0.8097151169815975,6.635570587846333,0.0,0.176969304451695,21,True
muscle_skeletal,raw,ENSG00000295301.1,ENSG00000295301,0.5384615384615382,808.2899242254977,-0.9977084722701469,0.0007168103649051467,31.692307726771617,370.89691458391684,0.0,4.521013859141756,3.676999304627794e-05,-1.0,-0.8097151169815975,-0.9974583981885954,0.017161320930790418,7.6727766667005675,63.29843345558223,-1.0,-0.8097151169815975,801.0842365423356,0.0,0.029455861807143657,818,True
nerve_tibial,excluded_at_or_below_-1,ENSG00000295301.1,ENSG00000295301,0.5913612496090561,5.296866803922893,-0.8842246985387615,0.037243620238980965,50.18983916528805,15.712792982918238,0.0,3.000445689113413,0.011094161682638562,-0.9632420851387822,-0.4704248946622201,-0.8418085463447812,0.09134479214810695,1.7402416150741977,3.985883736288435,-0.9632420851387822,-0.4704248946622201,5.29686212633823,0.0,0.05876424484024101,52,True
nerve_tibial,raw,ENSG00000295301.1,ENSG00000295301,1.333329093695078,880.9491485051313,-0.9950428894375468,0.002783862294758981,122.66666675109971,266.5081116522964,0.0,2.5182326729316036,0.04263124327548613,-1.0,-0.4704248946622201,-0.9877224543431772,0.04929728540251565,5.165121273561507,32.83410351552029,-1.0,-0.4704248946622201,867.3303154135123,0.0,36.97536967659753,670,True
ovary,excluded_at_or_below_-1,ENSG00000295301.1,ENSG00000295301,0.28865914177479945,1.1492907912806158,-0.8941906373727563,0.02417443593258129,15.685106545453602,14.992085509062978,0.0,2.824239951863075,0.018533698004275078,-0.9424679340916362,-0.6379173132600513,-0.8362517358635487,0.08443880931597515,0.9186270502360784,-0.05628416407211345,-0.9424679340916362,-0.6379173132600513,1.1492896847989769,0.0,0.021300587937492732,18,True
ovary,raw,ENSG00000295301.1,ENSG00000295301,0.47369344156887894,172.3324787101511,-0.9954892314948507,0.003797368187341712,25.40006024073308,133.16671740630244,0.0,1.6798976770206424,0.24521650117055394,-1.0,-0.6379173132600513,-0.9847281411686212,0.053950115762375676,4.03778897919792,17.15837363750463,-1.0,-0.6379173132600513,171.40193654126608,0.0,42.03058317250677,193,True
pancreas,excluded_at_or_below_-1,ENSG00000295301.1,ENSG00000295301,0.1056189196879572,0.7213440263130562,-0.9289927439024815,0.019495597552470257,9.498288856083994,8.485350341025523,0.0,1.5564173383667943,0.29783550521945856,-0.9504486872336776,-0.8120182078481404,-0.9095399869588854,0.04041505951305539,1.4369154035304623,1.1393612054835707,-0.9504486872336776,-0.8120182078481404,0.7213414837284629,0.0,0.21484110524202057,11,True
pancreas,raw,ENSG00000295301.1,ENSG00000295301,0.2820560160540195,355.7131609990999,-0.9976509575806322,6.138348822639756e-06,9.897435898309993,42767.91037421096,,541.1956446344614,,-1.0,-0.8120182078481404,-0.9972512150733363,0.016941460034506126,7.198166671814536,58.46293989036994,-1.0,-0.8120182078481404,0.0,0.0,0.0,362,True
pituitary,excluded_at_or_below_-1,ENSG00000295301.1,ENSG00000295301,0.4245327963157751,10.761007254033828,-0.9104814521987771,0.1975823806823216,128.3336881315989,6.232932547573501,0.0,0.2573238094431654,0.9674378703991036,-0.9464326354067144,-0.0396669697557049,-0.7840759388251605,0.14358880367371088,1.9610102826258995,5.792569618303542,-0.9464326354067144,-0.0396669697557049,10.760967411924526,0.0,10.410567396426416,117,True
pituitary,raw,ENSG00000295301.1,ENSG00000295301,3.070392332469033,191.5850801628419,-0.9879998735874562,0.007894327449614892,760.1143131530359,169.887208606852,0.0,2.149738737229488,0.10015989405316907,-1.0,-0.0396669697557049,-0.9192871720209066,0.1364325150345273,2.3093523771723103,7.229702729818767,-1.0,-0.0396669697557049,189.73552011322977,0.0,19.00388959266402,313,True
prostate,excluded_at_or_below_-1,ENSG00000295301.1,ENSG00000295301,0.5733674652749093,3.8511055519154214,-0.890612346670197,0.03582692550725704,44.296509925264914,9.740102698875548,0.0,2.639567471125887,0.030695439769847788,-0.9574817288310628,-0.6438618253132351,-0.858218910134935,0.06732661278602964,1.204843607671035,1.145561410364385,-0.9574817288310628,-0.6438618253132351,3.851039928897329,0.0,0.11820936418874683,54,True
prostate,raw,ENSG00000295301.1,ENSG00000295301,1.4207025830285807,211.2359858025192,-0.9955578872872093,0.0039818443136692095,368.7217112403913,124.91029319488408,0.0,1.577684999499612,0.28950230066422905,-1.0,-0.6438618253132351,-0.9728504296003067,0.06307318443173074,2.538989790268817,6.403941755510125,-1.0,-0.6438618253132351,210.19233253748914,0.0,60.85116385158356,282,True
skin_not_sun_exposed_suprapubic,excluded_at_or_below_-1,ENSG00000295301.1,ENSG00000295301,0.49754182294577337,4.371707704967808,-0.9062528649705637,0.011715802526207053,16.66020621121956,31.85664019767159,0.0,4.37386079393616,7.013071405195303e-05,-0.9424873423523864,-0.6423421547111706,-0.863227563817913,0.06629785261399225,1.5065399920176483,2.2369435155547546,-0.9424873423523864,-0.6423421547111706,4.37092345278628,0.0,0.0003065359828103298,32,True
skin_not_sun_exposed_suprapubic,raw,ENSG00000295301.1,ENSG00000295301,0.8205128205128205,621.0585558787931,-0.9955253099493686,5.819644699455082e-05,67.74358974358974,8582.592820251552,0.0,108.73803614869132,0.0,-1.0,-0.6423421547111706,-0.9932769309403584,0.032943937543997825,5.888801303733223,40.153019974929,-1.0,-0.6423421547111706,4.2673261591019696e-09,0.0,0.0,651,True
skin_sun_exposed_lower_leg,excluded_at_or_below_-1,ENSG00000295301.1,ENSG00000295301,0.19387267855176185,6.8536019889711355,-0.8985736102246624,0.035924400838100036,27.337127700331095,17.62198317070099,0.0,1.92827038816503,0.15581125402079885,-0.9475562817190856,-0.4509331662140549,-0.872432479571984,0.08069098008062539,3.7008008779121866,16.142716231408954,-0.9475562817190856,-0.4509331662140549,6.853578477392678,0.0,1.0678646570925105,42,True
skin_sun_exposed_lower_leg,raw,ENSG00000295301.1,ENSG00000295301,1.0769230657911917,716.8879937969923,-0.9934083659734815,0.002972405647268037,230.7692311297805,258.0992891922248,0.0,3.136172967195893,0.007340723722269653,-1.0,-0.4509331662140549,-0.9928941168992352,0.03480864184390086,7.826688637625259,89.86305087031931,-1.0,-0.4509331662140549,714.4028469857416,0.0,5.244233926125232,754,True
small_intestine_terminal_ileum,excluded_at_or_below_-1,ENSG00000295301.1,ENSG00000295301,0.31578941998822585,12.738066023458066,-0.8539204151636721,0.0025460396135148235,10.210527145297466,105.61688021260785,0.0,45.440691092929434,0.0,-0.9357282853936462,-0.6637760352540927,-0.8401425156756019,0.07882742504754836,0.9624219238287391,0.32653235392755153,-0.9357282853936462,-0.6637760352540927,12.723543496827405,0.0,0.0,17,True
small_intestine_terminal_ileum,raw,ENSG00000295301.1,ENSG00000295301,0.5174689726845333,187.54503676074413,-0.9958124267752582,0.003486057258363898,24.48504905742125,134.69955691750096,0.0,1.6988025178450232,0.23752790825153342,-1.0,-0.6637760352540927,-0.9868716075675615,0.04917611735118434,4.27002034492326,19.48487990321802,-1.0,-0.6637760352540927,186.51733228887522,0.0,44.30307179123271,207,True
spleen,excluded_at_or_below_-1,ENSG00000295301.1,ENSG00000295301,0.1654427403635988,1.8165470093011595,-0.8811252036602633,0.031222021317863728,17.861338143780266,11.898188893372096,0.0,2.7722009993404715,0.021439113121966395,-0.9423279250891056,-0.6184452823551185,-0.8534288894077434,0.07229717693939418,1.9832960780321716,4.06680450700005,-0.9423279250891056,-0.6184452823551185,1.816527243275287,0.0,0.03894473305771265,19,True
spleen,raw,ENSG00000295301.1,ENSG00000295301,0.4871519369842186,304.3697696219252,-0.9952378276564587,1.776028445200274e-05,25.743589773288548,30003.186559669408,,379.20162443313325,,-1.0,-0.6184452823551185,-0.9899463859160547,0.04145299296779761,5.0826087352420775,30.971514688675192,-1.0,-0.6184452823551185,0.0,0.0,0.0,277,True
stomach,excluded_at_or_below_-1,ENSG00000295301.1,ENSG00000295301,0.21874111487304448,3.9146791738490827,-0.9146439735817441,0.020893627196259423,11.270948393533878,24.79942589602111,0.0,2.6491624449506284,0.02992701828763909,-0.9537827670283642,-0.548256623651897,-0.878595840572746,0.08936853047562279,2.5042466380379693,6.362320768982119,-0.9537827670283642,-0.548256623651897,3.914533374640644,0.0,0.11715031189044409,23,True
stomach,raw,ENSG00000295301.1,ENSG00000295301,0.5897395033411699,438.3118483852232,-0.9952388614476146,0.0024209998209960486,45.43589745350209,261.1021848694352,0.0,2.7811925695850364,0.021110167453151668,-1.0,-0.548256623651897,-0.9931393226859292,0.034936516036853535,7.707819375640103,76.52193033246137,-1.0,-0.548256623651897,434.16084230749226,0.0,9.165208082712534,407,True
testis,excluded_at_or_below_-1,ENSG00000295301.1,ENSG00000295301,0.8538135013986616,18.315651354613834,-0.948979077462535,0.2415244946303528,370.0850770829083,4.4548385918340685,0.0,-0.05239131503474053,1.0,-0.9400314996543064,-0.1881656697993859,-0.772768726537231,0.14824939993845723,1.5188474278944775,2.2768753140960296,-0.9400314996543064,-0.1881656697993859,18.289633466993475,0.0,18.28963346699348,234,True
testis,raw,ENSG00000295301.1,ENSG00000295301,6.0,198.72767753245748,-0.989837936992135,3.877317653200198e-05,1884.0,29240.20919221382,,370.65127525858236,,-1.0,-0.1881656697993859,-0.871564932390609,0.15848901110126445,1.5300625267314651,2.4517894152399036,-1.0,-0.1881656697993859,0.0,0.0,0.0,414,True
thyroid,excluded_at_or_below_-1,ENSG00000295301.1,ENSG00000295301,0.3876496387443552,6.372714970356335,-0.8986788323209736,0.038282131469955426,33.15152466288629,19.199612252702178,0.0,2.1088319290455964,0.10822574335149959,-0.9557639737053446,-0.3789538770626213,-0.8478117582891542,0.10240104853485067,2.4756133421339785,8.048135203009362,-0.9557639737053446,-0.3789538770626213,6.3723961171301235,0.0,0.6896573067066173,45,True
thyroid,raw,ENSG00000295301.1,ENSG00000295301,1.1538461602651149,706.1913109829035,-0.9930159611106643,0.0024417851080309433,141.0769230946854,355.647564785142,0.0,4.044959765277833,0.00028350092596668295,-1.0,-0.3789538770626213,-0.9899876156769181,0.04583805772896445,6.711034453020042,60.898616150995935,-1.0,-0.3789538770626213,697.3807956259103,0.0,0.19770810131132555,684,True
uterus,excluded_at_or_below_-1,ENSG00000295301.1,ENSG00000295301,0.05243761202361573,160966068975.95618,-2.277761986318756,0.2723559305660868,9.28399668119323,8.047575584864404,0.0,-7.1283013458270625,1.0,-0.904960029066678,-0.7279218521746971,-0.8655814653097829,0.04981380054651869,2.0662748967688453,3.5314392422428504,-0.904960029066678,-0.7279218521746971,1.4876301593470487,0.0,1.4876301593470487,11,True
uterus,raw,ENSG00000295301.1,ENSG00000295301,0.2820512820512823,147.5894944122466,-0.9968192774314258,0.0010931672130460588,11.897435905930367,347.86845154790524,0.0,4.114851727111282,0.0002105049886032093,-1.0,-0.7279218521746971,-0.9903359223425334,0.03710551913688171,4.257435167489511,19.929990962825038,-1.0,-0.7279218521746971,147.58932294873156,0.0,0.031068288745278116,153,True
vagina,excluded_at_or_below_-1,ENSG00000295301.1,ENSG00000295301,0.37463369541965147,1.7282268564174605,-0.8886567709800296,0.014235145318161056,13.58662909291122,16.756319959140214,0.0,4.864183824311664,7.281995831309514e-06,-0.937618515822254,-0.7199915453293119,-0.8490890771505039,0.06559704656153005,0.6774011544540376,-0.8051997871159218,-0.937618515822254,-0.7199915453293119,1.7281636776190914,0.0,1.2584480696242739e-05,23,True
vagina,raw,ENSG00000295301.1,ENSG00000295301,0.5897435927086239,173.04316887687244,-0.9971152070096719,0.0015051158512036564,23.435897444930333,260.38662770672596,0.0,2.7105643517727867,0.0254573183159202,-1.0,-0.7199915453293119,-0.979582639849774,0.05692319058008443,2.9289863539414323,7.980928739222922,-1.0,-0.7199915453293119,172.55457488913734,0.0,4.392776739821094,170,True
whole_blood,excluded_at_or_below_-1,ENSG00000295301.1,ENSG00000295301,0.043668811837055066,2153845167723.0996,-4.605188569252556,0.7069167261620286,17.666874930168138,8.381258047707618,0.0,-7.387258484043395,1.0,-0.9125520949638716,-0.415685895934577,-0.8265260460414976,0.11463369209724707,2.6897347223668637,7.370857012305754,-0.9125520949638716,-0.415685895934577,3.0406974271485536,0.0,3.040697427148554,18,True
whole_blood,raw,ENSG00000295301.1,ENSG00000295301,0.4615384615384615,825.0283902427395,-0.9930277051563232,0.001478345378204638,35.69230769230769,552.2962555055877,0.0,6.669831065299992,2.207817906101704e-10,-1.0,-0.415685895934577,-0.9961114182176176,0.03064010842639737,11.63867626697807,177.73677225411774,-1.0,-0.415685895934577,817.2465739514621,0.0,1.8043316196703074e-07,803,True
adipose_subcutaneous,excluded_at_or_below_-1,ENSG00000295302.1,ENSG00000295302,0.20601858122927505,1.7195980425390034,-0.9214858529883608,0.0399036668429629,12.827657199492776,6.883494295715903,0.0,1.1371978046233304,0.5238190603502643,-0.9535732007112124,-0.7272601218825392,-0.890807227350876,0.05590796250963463,1.4824088545793066,1.5488600962626924,-0.9535732007112124,-0.7272601218825392,1.7195972436988007,0.0,0.9007578123752104,27,True
adipose_subcutaneous,raw,ENSG00000295302.1,ENSG00000295302,0.6923076923026308,706.3547560375863,-0.9963822520873912,0.0012287751914097933,38.30769230795718,309.73620653406556,0.0,4.1637137525447345,0.00017202909077473794,-1.0,-0.7272601218825392,-0.9958708615384785,0.023418185120199397,6.938291696649229,55.666871206080856,-1.0,-0.7272601218825392,706.065814676604,0.0,0.12146386012594079,714,True
adipose_visceral_omentum,excluded_at_or_below_-1,ENSG00000295302.1,ENSG00000295302,0.14126385189046203,0.6015460690850968,-0.9095999989692536,0.010170120022504005,6.1228734134010425,6.548009033002793,4.868900726505749e-10,7.319066558051239,0.0,-0.9622340475518246,-0.8625109032726094,-0.913758225573595,0.026170595316189083,0.09356488538140628,0.36848124708180796,-0.9622340475518246,-0.8625109032726094,0.6015422838369631,2.928849662797717e-10,0.0,10,True
adipose_visceral_omentum,raw,ENSG00000295302.1,ENSG00000295302,0.25641025641025644,620.0751403661982,-0.9983996913514309,0.0004395465643535411,9.435897447993723,437.21367122537623,0.0,5.148892923593365,1.7509770926702853e-06,-1.0,-0.8625109032726094,-0.9985308045242519,0.011630948831823973,8.328141715421648,71.71534390444533,-1.0,-0.8625109032726094,619.9433374747556,0.0,0.001085506582671869,587,True
adrenal_gland,excluded_at_or_below_-1,ENSG00000295302.1,ENSG00000295302,,,,,,,,,,-0.9340610299091376,-0.8322515825547427,,,,,,,,,,4,False
adrenal_gland,raw,ENSG00000295302.1,ENSG00000295302,0.10256410254163956,321.4801230560568,-0.9981584113046424,0.0008073635443345644,3.5897436017403725,290.60971226016994,0.0,3.225807912140005,0.0056207670364661405,-1.0,-0.8322515825547427,-0.9986423421409842,0.012489761541321358,10.459483164079826,119.681385257759,-1.0,-0.8322515825547427,314.6007939004384,0.0,1.768297772001656,295,True
artery_aorta,excluded_at_or_below_-1,ENSG00000295302.1,ENSG00000295302,,,,,,,,,,-0.9695961147897646,-0.907869706195559,,,,,,,,,,5,False
artery_aorta,raw,ENSG00000295302.1,ENSG00000295302,0.13157894498248643,489.3610458869404,-0.9989209235184546,0.00033446925214637214,6.359418282658757,384.9856618576944,0.0,4.562585604645651,3.0173666772005184e-05,-1.0,-0.907869706195559,-0.9992086442470622,0.008006402373656128,10.413340703254494,108.38562476945552,-1.0,-0.907869706195559,489.3352451502167,0.0,0.014765038626960103,472,True
artery_coronary,excluded_at_or_below_-1,ENSG00000295302.1,ENSG00000295302,,,,,,,,,,-0.933333502524314,-0.8518416135607637,,,,,,,,,,5,False
artery_coronary,raw,ENSG00000295302.1,ENSG00000295302,0.1282051282051282,269.9414592893964,-0.9982330603575519,0.0005220169206139549,6.3589743589743595,396.59398249379814,0.0,4.786875496882314,1.0623378355763808e-05,-1.0,-0.8518416135607637,-0.9982905337404894,0.013141172353260205,8.44152128204832,76.27313795060665,-1.0,-0.8518416135607637,268.6931673784896,0.0,0.002854429178670348,268,True
artery_tibial,excluded_at_or_below_-1,ENSG00000295302.1,ENSG00000295302,0.15193453470889284,0.19894563265500553,-0.9311053298040574,0.044129006818490205,7.810843896918152,2.371905878792763,0.0,0.9154203147597298,0.635847621524788,-0.9596700320432509,-0.8570925685896736,-0.914735706808538,0.03061344272725353,0.3477733552774495,-0.6854723504499893,-0.9596700320432509,-0.8570925685896736,0.18700350192724335,0.0,0.11890573191724382,11,True
artery_tibial,raw,ENSG00000295302.1,ENSG00000295302,0.2820512820479728,757.7027679450565,-0.9984448857395425,0.0007016170729302381,7.897435897855075,284.91661862122885,0.0,3.1345640849275203,0.007552197710253355,-1.0,-0.8570925685896736,-0.9986426812950708,0.0112976069265337,9.002423341856538,85.33702882399828,-1.0,-0.8570925685896736,737.6443894737365,0.0,5.57083626916506,691,True
bladder,excluded_at_or_below_-1,ENSG00000295302.1,ENSG00000295302,,,,,,,,,,-0.94548905937714,-0.8938634431944568,,,,,,,,,,7,False
bladder,raw,ENSG00000295302.1,ENSG00000295302,0.17948717978064085,120.43909685430741,-0.9991466928590961,0.0006411263829672242,7.743589745611897,232.23658161959818,0.0,1.8822475000190955,0.17053139939917958,-1.0,-0.8938634431944568,-0.9930111733390993,0.023018570399332288,3.1924631709119025,8.929647675419984,-1.0,-0.8938634431944568,120.12732449254997,0.0,20.485480751794242,77,True
brain_amygdala,excluded_at_or_below_-1,ENSG00000295302.1,ENSG00000295302,,,,,,,,,,-0.958112225321478,-0.9533776329432072,,,,,,,,,,3,False
brain_amygdala,raw,ENSG00000295302.1,ENSG00000295302,0.07692307692297416,199.72563849545813,-0.9994923538591337,0.00022098689935512613,2.7692307709134893,295.1128050335293,0.0,3.2486996260625194,0.005254325479484981,-1.0,-0.9533776329432072,-0.9992705312990712,0.005640246296540417,7.596935288469807,55.84038699972953,-1.0,-0.9533776329432072,194.14855778403873,0.0,1.0201197139701026,181,True
brain_anterior_cingulate_cortex_ba24,excluded_at_or_below_-1,ENSG00000295302.1,ENSG00000295302,,,,,,,,,,-0.9643704602508362,-0.8880859749119687,,,,,,,,,,3,False
brain_anterior_cingulate_cortex_ba24,raw,ENSG00000295302.1,ENSG00000295302,0.07692307695516479,249.77149381166984,-0.998463304661817,0.00047877913377962185,2.769230769238129,326.03157844095387,0.0,4.53907707158838,3.3838590422515766e-05,-1.0,-0.8880859749119687,-0.9990114975119042,0.009381441953395877,10.219208438064857,107.42415361606258,-1.0,-0.8880859749119687,247.85522920242371,0.0,0.00838707158505958,233,True
brain_caudate_basal_ganglia,excluded_at_or_below_-1,ENSG00000295302.1,ENSG00000295302,,,,,,,,,,-0.9549261379745164,-0.8137352623989732,,,,,,,,,,4,False
brain_caudate_basal_ganglia,raw,ENSG00000295302.1,ENSG00000295302,0.10256410256410257,328.8057924684084,-0.9978085981227722,0.000421593996198988,3.58974358974359,617.463745211838,0.0,7.350935457637007,1.848008193985533e-12,-1.0,-0.8137352623989732,-0.9986081125055836,0.013822416185450622,11.34880521353019,135.2365527525866,-1.0,-0.8137352623989732,328.4070803876504,0.0,6.068989755192433e-10,300,True
brain_cerebellar_hemisphere,excluded_at_or_below_-1,ENSG00000295302.1,ENSG00000295302,,,,,,,,,,-0.9491152599749064,-0.8136300261115478,,,,,,,,,,8,False
brain_cerebellar_hemisphere,raw,ENSG00000295302.1,ENSG00000295302,0.20512820509725335,366.87613552064954,-0.9978002452864989,0.00023284966897917748,8.35897435897436,1118.5586944756728,0.0,13.360220623748317,0.0,-1.0,-0.8136300261115478,-0.9971141644140656,0.018180661123307598,7.088190920582324,54.390977993414154,-1.0,-0.8136300261115478,363.67197670047705,0.0,0.0,277,True
brain_cerebellum,excluded_at_or_below_-1,ENSG00000295302.1,ENSG00000295302,,,,,,,,,,-0.938081440489772,-0.8433949875960318,,,,,,,,,,9,False
brain_cerebellum,raw,ENSG00000295302.1,ENSG00000295302,0.23076923068692753,295.60657530406814,-0.998334247488679,0.0007775336103243735,10.923076924086814,281.81058641673326,0.0,3.0297465753082804,0.010315677044055315,-1.0,-0.8433949875960318,-0.9968397219091125,0.017704713963362102,5.9717655879383065,37.179789040425334,-1.0,-0.8433949875960318,291.0333237508692,0.0,3.0022057768719512,266,True
brain_cortex,excluded_at_or_below_-1,ENSG00000295302.1,ENSG00000295302,,,,,,,,,,-0.952704523738909,-0.8627391317308157,,,,,,,,,,4,False
brain_cortex,raw,ENSG00000295302.1,ENSG00000295302,0.10256410256229731,271.0851332895678,-0.9983752199880528,0.0006545170634143212,3.589743589758252,293.06859405618616,0.0,3.5106585560688472,0.0021093854297292453,-1.0,-0.8627391317308157,-0.9986053667433689,0.012277589093374206,9.542167818894532,93.9983578768049,-1.0,-0.8627391317308157,270.81334163997604,0.0,0.5712497170316538,270,True
brain_frontal_cortex_ba9,excluded_at_or_below_-1,ENSG00000295302.1,ENSG00000295302,,,,,,,,,,-0.9268858662632214,-0.9113888911244198,,,,,,,,,,2,False
brain_frontal_cortex_ba9,raw,ENSG00000295302.1,ENSG00000295302,0.05128205128205128,301.8603974750839,-0.9988939006640728,4.391334678055478e-06,1.8974358974359065,28180.674063622566,,356.215318777022,,-1.0,-0.9113888911244198,-0.9993987909196567,0.006991565943532385,11.626622982561113,134.375469123503,-1.0,-0.9113888911244198,0.0,0.0,0.0,269,True
brain_hippocampus,excluded_at_or_below_-1,ENSG00000295302.1,ENSG00000295302,,,,,,,,,,-0.952201991368539,-0.7944711068482553,,,,,,,,,,7,False
brain_hippocampus,raw,ENSG00000295302.1,ENSG00000295302,0.1794871794871795,272.14723857287663,-0.9976235464457577,0.0006295917542842947,7.743589743645133,456.3289359381238,0.0,5.338082692300173,6.502314077302238e-07,-1.0,-0.7944711068482553,-0.9974313122425011,0.017483527737279302,8.40645346528192,80.6374958399555,-1.0,-0.7944711068482553,271.7051167814752,0.0,0.00017667120057232588,255,True
brain_hypothalamus,excluded_at_or_below_-1,ENSG00000295302.1,ENSG00000295302,,,,,,,,,,-0.9497281769256432,-0.8819659305918024,,,,,,,,,,9,False
brain_hypothalamus,raw,ENSG00000295302.1,ENSG00000295302,0.23076923017937254,258.260360764417,-0.9986549108763575,0.0006400258724970503,14.92307693333758,257.83823059225637,0.0,2.972134976097444,0.012107557194862418,-1.0,-0.8819659305918024,-0.9971888417855591,0.01566204533943106,5.964313184934706,36.43346191542241,-1.0,-0.8819659305918024,257.5208088813875,0.0,3.1179479223985735,257,True
brain_nucleus_accumbens_basal_ganglia,excluded_at_or_below_-1,ENSG00000295302.1,ENSG00000295302,,,,,,,,,,-0.9519786998238344,-0.930010560149837,,,,,,,,,,4,False
brain_nucleus_accumbens_basal_ganglia,raw,ENSG00000295302.1,ENSG00000295302,0.10253794814724199,367.40745623790895,-0.9993349087128923,0.0004048552701508878,3.5897436221569743,242.15921384452722,0.0,2.3232527468232096,0.06782277197072224,-1.0,-0.930010560149837,-0.9991652649195789,0.007073071477413532,8.487093424298317,71.21505665573024,-1.0,-0.930010560149837,364.51841630775624,0.0,24.72264942836846,285,True
brain_putamen_basal_ganglia,excluded_at_or_below_-1,ENSG00000295302.1,ENSG00000295302,,,,,,,,,,-0.9601302643724762,-0.9601302643724762,,,,,,,,,,1,False
brain_putamen_basal_ganglia,raw,ENSG00000295302.1,ENSG00000295302,0.025641025621674852,265.51689013505717,-0.9994608461345763,0.00018539204138111117,0.9743589743975872,300.02281505517203,0.0,4.1127909429538105,0.00021257189457064366,-1.0,-0.9601302643724762,-0.9998430325368995,0.0025016497068813485,15.843104259240715,249.00395256917096,-1.0,-0.9601302643724762,265.1734351543792,0.0,0.056368419500574536,254,True
brain_spinal_cord_cervical_c-1,excluded_at_or_below_-1,ENSG00000295302.1,ENSG00000295302,,,,,,,,,,-0.961138236917433,-0.873122269628236,,,,,,,,,,6,False
brain_spinal_cord_cervical_c-1,raw,ENSG00000295302.1,ENSG00000295302,0.15384614643567585,252.40947556924124,-0.9987722666446328,0.0007258809400296565,7.076923128743113,244.80037991556492,0.0,2.391958606968387,0.05742949277830626,-1.0,-0.873122269628236,-0.9979177959948932,0.012921306259297454,6.9899398227981875,53.16482011926903,-1.0,-0.873122269628236,251.51860910207185,0.0,14.444586145037063,204,True
brain_substantia_nigra,excluded_at_or_below_-1,ENSG00000295302.1,ENSG00000295302,,,,,,,,,,-0.9601934174576708,-0.9354164766198362,,,,,,,,,,4,False
brain_substantia_nigra,raw,ENSG00000295302.1,ENSG00000295302,0.10256407117282934,200.07202093844623,-0.9993120890542451,0.00035694048095759236,5.589743593482127,253.15716905646192,0.0,2.7255328019441043,0.02469703376946225,-1.0,-0.9354164766198362,-0.9988311875952941,0.008011384873009555,6.9546818489451185,47.97330964440277,-1.0,-0.9354164766198362,197.44992582072763,0.0,4.876427485772642,183,True
breast_mammary_tissue,excluded_at_or_below_-1,ENSG00000295302.1,ENSG00000295302,0.3469971179348107,1.1790662822274112,-0.9265808040111086,0.02052676655636172,13.916582926584898,10.668239177234213,0.0,1.6172277424762453,0.2704391645136938,-0.9500542433992708,-0.7717354107940784,-0.8845738892984945,0.05553950426142897,0.6737953929850765,-0.8705871066356821,-0.9500542433992708,-0.7717354107940784,1.1790607649249174,0.0,0.3188642081771714,23,True
breast_mammary_tissue,raw,ENSG00000295302.1,ENSG00000295302,0.5897435351641055,544.9716990041396,-0.9975174474935676,0.0011415046134588542,27.435897441678197,279.72205690270476,0.0,3.0756419049958494,0.009063258893106678,-1.0,-0.7717354107940784,-0.9948350183927342,0.02651209990690908,5.831646074260659,36.02576822433634,-1.0,-0.7717354107940784,530.8469889836198,0.0,4.811203693784682,514,True
cells_cultured_fibroblasts,excluded_at_or_below_-1,ENSG00000295302.1,ENSG00000295302,0.03781617456553639,5.1339611535536775,-1.0502707998139327,0.22521992916426367,36.85537859663532,4.065474940611884,0.0,-0.6596696561486347,1.0,-0.9452154127192828,-0.4028254616379585,-0.8405521332309643,0.10081818460219921,2.2118544625082888,6.901672205742212,-0.9452154127192828,-0.4028254616379585,4.128752089678877,0.0,4.128752089678873,40,True
cells_cultured_fibroblasts,raw,ENSG00000295302.1,ENSG00000295302,1.025641035443869,694.6235159528421,-0.9934550983269723,0.0025677058476571207,108.97435897435902,325.3006738708943,0.0,3.6047309386468367,0.0015515438556989638,-1.0,-0.4028254616379585,-0.9902179222841082,0.045554504402033145,6.485019867350397,55.7679783261842,-1.0,-0.4028254616379585,675.08069571693,0.0,1.0474173055405687,652,True
cells_ebv-transformed_lymphocytes,excluded_at_or_below_-1,ENSG00000295302.1,ENSG00000295302,0.04093302642790934,0.5302924087526919,-0.963326490379051,0.08830934012630566,6.56855023340921,2.599861197981502,0.0,-0.37139101946007075,1.0,-0.940135300073734,-0.8009804113126968,-0.8935935080732451,0.03987823225219571,1.1330745814748941,1.0027848444821617,-0.940135300073734,-0.8009804113126968,0.4768914337097567,0.0,0.47689143370975673,10,True
cells_ebv-transformed_lymphocytes,raw,ENSG00000295302.1,ENSG00000295302,0.25641025428674313,428.9794458652508,-0.9980944525753868,0.0010571149290318793,7.4358974387844885,263.70013593806647,0.0,2.5492507367210804,0.03906945093526156,-1.0,-0.8009804113126968,-0.9967459788401603,0.019508798246932826,6.6234032933928715,47.578942475288784,-1.0,-0.8009804113126968,426.01892496397545,0.0,16.6443254863729,327,True
cervix_ectocervix,excluded_at_or_below_-1,ENSG00000295302.1,ENSG00000295302,,,,,,,,,,-0.9714167038035338,-0.9087740907483108,,,,,,,,,,2,False
cervix_ectocervix,raw,ENSG00000295302.1,ENSG00000295302,0.05128125955622556,25.594934722791336,-0.9990650640948405,0.0005239094928270759,1.8974358988433542,243.7266757231218,0.0,2.523716510444777,0.04146348086603784,-1.0,-0.9087740907483108,-0.9950079497729934,0.019270475016140976,4.04438183177181,15.299099238034362,-1.0,-0.9087740907483108,25.553241443026433,0.0,1.0595263376381532,24,True
cervix_endocervix,excluded_at_or_below_-1,ENSG00000295302.1,ENSG00000295302,,,,,,,,,,-0.8842249522865836,-0.8842249522865836,,,,,,,,,,1,False
cervix_endocervix,raw,ENSG00000295302.1,ENSG00000295302,0.025641025641025637,53.116671457076215,-0.9990719772587392,0.0005526117715434879,0.9743589743641428,293.91017107756716,0.0,2.3749446075247302,0.059883314791235064,-1.0,-0.8842249522865836,-0.9949663022733297,0.024140766236392892,4.477215043467819,18.045454545454547,-1.0,-0.8842249522865836,52.861075845581595,0.0,3.16549644506431,23,True
colon_sigmoid,excluded_at_or_below_-1,ENSG00000295302.1,ENSG00000295302,0.20530587790219315,8533339.836872092,-1.6663512736088062,0.1755288262418886,8.144835514199965,6.453402444696884,0.0,-5.77480807190334,1.0,-0.9495958205409908,-0.865370299785182,-0.915351017073701,0.027224803273520247,0.5840919224815638,-0.8057764113759442,-0.9495958205409908,-0.865370299785182,0.4816108705220198,0.0,0.4816108705220198,13,True
colon_sigmoid,raw,ENSG00000295302.1,ENSG00000295302,0.33333333331095205,469.20924540236587,-0.9985828748470348,0.0006966420012027453,12.666666676357995,270.42732135854715,0.0,2.876825697335929,0.016109087487867036,-1.0,-0.865370299785182,-0.9973736592409502,0.015401718899316748,6.222145786598141,39.84694563712478,-1.0,-0.865370299785182,464.68395170680924,0.0,7.485634432252762,419,True
colon_transverse,excluded_at_or_below_-1,ENSG00000295302.1,ENSG00000295302,0.2051282051469073,1.9898144306487904,-0.9507637021953009,0.000598829396760235,8.3589743594113,240.6202367097416,0.0,2.5859677866691997,0.035707738312826406,-0.951858694897205,-0.8488763529073963,-0.9054528483194512,0.03720257923759216,0.29326827109122844,-1.0763949346780664,-0.951858694897205,-0.8488763529073963,1.9676000293096796,0.0,0.07025854695089676,10,True
colon_transverse,raw,ENSG00000295302.1,ENSG00000295302,0.2564102564092552,654.3542393477538,-0.9985521755510088,0.000763919868083765,11.435897438656404,277.08871988486703,0.0,2.680298100944688,0.0277491711969264,-1.0,-0.8488763529073963,-0.9980261554972746,0.01446259873162966,7.973805296722279,66.60025879885329,-1.0,-0.8488763529073963,649.4976424069931,0.0,18.02302127115171,479,True
esophagus_gastroesophageal_junction,excluded_at_or_below_-1,ENSG00000295302.1,ENSG00000295302,0.1481466903446558,1.4861110764832413,-0.9215358585794267,0.013620724951122676,17.879539274231426,13.523774484973593,0.0,2.8649619931066947,0.016506966730472587,-0.9491291870142388,-0.7912842350186,-0.9031403923371784,0.04642614291133654,1.433386614451902,0.6886930373703648,-0.9491291870142388,-0.7912842350186,1.4860652308506013,0.0,0.024530429324962938,15,True
esophagus_gastroesophageal_junction,raw,ENSG00000295302.1,ENSG00000295302,0.3846153846153845,527.5711314382878,-0.9979001262786926,0.0009168844996705934,23.23076923076923,318.68680921839683,0.0,3.2388702143083026,0.0052736172983684874,-1.0,-0.7912842350186,-0.9963948036850065,0.02030024629647442,6.707183436007451,50.69303294786239,-1.0,-0.7912842350186,527.5176515969814,0.0,2.781926212656562,403,True
esophagus_mucosa,excluded_at_or_below_-1,ENSG00000295302.1,ENSG00000295302,,,,,,,,,,-0.9488687736260152,-0.8051879992445081,,,,,,,,,,12,False
esophagus_mucosa,raw,ENSG00000295302.1,ENSG00000295302,0.30769869419761586,656.079628796477,-0.9978324670593043,0.0009097361487706258,14.30769230928869,299.4719067369094,0.0,3.369498382321757,0.0034742171216612765,-1.0,-0.8051879992445081,-0.9978656638718704,0.01629453354595763,8.472497457624389,76.38296070194737,-1.0,-0.8051879992445081,646.7168780091216,0.0,2.24683485044655,614,True
esophagus_muscularis,excluded_at_or_below_-1,ENSG00000295302.1,ENSG00000295302,0.2166898915169789,0.9689061090364931,-0.9292673138515992,0.0026061682281956246,6.512950137672123,25.482975485906106,0.0,16.167431957514243,0.0,-0.9590612916638922,-0.8823062870037068,-0.9262496752163457,0.02193538177469718,0.5846363325133205,-0.2646887392085211,-0.9590612916638922,-0.8823062870037068,0.9683524264248443,0.0,0.0,11,True
esophagus_muscularis,raw,ENSG00000295302.1,ENSG00000295302,0.2820512820512855,556.5664241320112,-0.998582993870398,0.0004867841197767721,9.897435908005619,337.8090803668037,0.0,4.116710478082744,0.0002104332265519855,-1.0,-0.8823062870037068,-0.9985539152003204,0.010645982033696781,7.789941857198275,63.059738584570994,-1.0,-0.8823062870037068,552.5125304232088,0.0,0.11626699448735761,561,True
fallopian_tube,excluded_at_or_below_-1,ENSG00000295302.1,ENSG00000295302,,,,,,,,,,-0.9283059667303166,-0.9283059667303166,,,,,,,,,,1,False
fallopian_tube,raw,ENSG00000295302.1,ENSG00000295302,0.026315792406530248,27.932124000011846,-0.9991038035190067,0.0003645615459105415,0.9761039901090298,274.64021396763366,0.0,3.476541155228437,0.002435668077448747,-1.0,-0.9283059667303166,-0.9975277919562179,0.013313247753290666,5.1025203856245795,24.03571428571436,-1.0,-0.9283059667303166,27.225183745758113,0.0,0.06631151095222562,29,True
heart_atrial_appendage,excluded_at_or_below_-1,ENSG00000295302.1,ENSG00000295302,,,,,,,,,,-0.9597233441235752,-0.8207042553847287,,,,,,,,,,6,False
heart_atrial_appendage,raw,ENSG00000295302.1,ENSG00000295302,0.15384615384615385,466.0346385217458,-0.9978677918563252,0.0006991521825538659,5.076923076923077,358.3584265172612,0.0,4.312934651184008,9.16153036266693e-05,-1.0,-0.8207042553847287,-0.9989514444267897,0.010680009430738985,12.868008883645064,187.75228986144344,-1.0,-0.8207042553847287,464.73601762110553,0.0,0.042576931360606696,461,True
heart_left_ventricle,excluded_at_or_below_-1,ENSG00000295302.1,ENSG00000295302,,,,,,,,,,-0.9587458015237432,-0.8742351798383101,,,,,,,,,,6,False
heart_left_ventricle,raw,ENSG00000295302.1,ENSG00000295302,0.1538461538461547,461.2031049131205,-0.9985200361711882,0.0005004581550763732,9.076923099910777,351.20884261886977,0.0,4.18213770181869,0.0001593005743408405,-1.0,-0.8742351798383101,-0.9991765146168328,0.007862768004698664,11.654877466942915,156.59985972851948,-1.0,-0.8742351798383101,461.00937443283743,0.0,0.07343905812366258,452,True
kidney_cortex,excluded_at_or_below_-1,ENSG00000295302.1,ENSG00000295302,,,,,,,,,,-0.9479931824921882,-0.9479931824921882,,,,,,,,,,1,False
kidney_cortex,raw,ENSG00000295302.1,ENSG00000295302,0.025641025640827455,139.08397189696848,-0.9994933607174439,0.00026163454578558096,0.9743589754128641,278.37398265623835,0.0,2.7385379957014537,0.023592909450435785,-1.0,-0.9479931824921882,-0.9994999344470402,0.005099688025234444,10.050358637275767,99.00970873786376,-1.0,-0.9479931824921882,138.66927024924323,0.0,3.2716115365482468,104,True
kidney_medulla,excluded_at_or_below_-1,ENSG00000295302.1,ENSG00000295302,,,,,,,,,,,,,,,,,,,,,0,False
kidney_medulla,raw,ENSG00000295302.1,ENSG00000295302,0.0,11.0,-0.9875,1.0001e-06,0.0,-17675.90193946968,0.0,,,-1.0,-1.0,-1.0,0.0,,,,-1.0,8.983579622590726e-189,0.0,,11,True
liver,excluded_at_or_below_-1,ENSG00000295302.1,ENSG00000295302,,,,,,,,,,-0.9612140739195882,-0.7699052235697108,,,,,,,,,,5,False
liver,raw,ENSG00000295302.1,ENSG00000295302,0.12820512818831423,274.5542094626086,-0.9968505303274239,0.0010591834608024097,4.358974359142806,303.01561779537,0.0,4.205147540602207,0.00014534103087746476,-1.0,-0.7699052235697108,-0.9979075567809375,0.017900530746225024,10.294838997655392,114.96167281258617,-1.0,-0.7699052235697108,273.12879121972327,0.0,0.03969682007819103,262,True
lung,excluded_at_or_below_-1,ENSG00000295302.1,ENSG00000295302,0.10879507611388449,4.424775676766246,-0.9560868909119032,0.08567400197222659,15.2450937993512,8.938787414748361,0.0,-0.29785324242704414,1.0,-0.9380427425894192,-0.4145691803085681,-0.8548478746926809,0.12259866257847991,2.5580175480257923,5.959603367690162,-0.9380427425894192,-0.4145691803085681,4.232789811827077,0.0,4.232789811827077,24,True
lung,raw,ENSG00000295302.1,ENSG00000295302,0.6290579067597611,573.7665988789054,-0.9926895191340644,0.005693411802429594,98.21635971331997,143.60205307858658,0.0,1.815885017075943,0.19360565512008915,-1.0,-0.4145691803085681,-0.9942323658818285,0.03712885680615455,10.232936599052852,130.86179745722725,-1.0,-0.4145691803085681,569.8854570430984,0.0,110.33304725424047,604,True
minor_salivary_gland,excluded_at_or_below_-1,ENSG00000295302.1,ENSG00000295302,,,,,,,,,,-0.952504885757226,-0.8899027342020805,,,,,,,,,,6,False
minor_salivary_gland,raw,ENSG00000295302.1,ENSG00000295302,0.15384615384615385,179.54512919635076,-0.9985551638886386,0.00042137110386651877,5.076923076923077,364.6613121724526,0.0,4.849185920307004,7.860838353847565e-06,-1.0,-0.8899027342020805,-0.9972824703828166,0.015151595678626268,5.637516671712955,30.99358751898589,-1.0,-0.8899027342020805,178.88476794212528,0.0,0.0014061842447585793,181,True
muscle_skeletal,excluded_at_or_below_-1,ENSG00000295302.1,ENSG00000295302,0.3157895009454398,12.921294424203692,-0.9371773674829499,0.0011126788365871756,10.210528242059567,102.24931638320747,0.0,49.413267912169275,0.0,-0.9760548743286764,-0.8567293690885698,-0.9267330477467319,0.028124812804069966,0.8662466571425314,0.8200923094986825,-0.9760548743286764,-0.8567293690885698,12.910628202657493,0.0,0.0,17,True
muscle_skeletal,raw,ENSG00000295302.1,ENSG00000295302,0.4358843737919894,887.5063993178219,-0.9984420637367531,0.0007254858450562415,19.589743597226143,276.24524461447163,0.0,3.0369367063610744,0.010195852063253035,-1.0,-0.8567293690885698,-0.9984773371781106,0.011174390079103499,8.161484360518934,72.69861172305667,-1.0,-0.8567293690885698,864.9725345539279,0.0,8.819132001088846,818,True
nerve_tibial,excluded_at_or_below_-1,ENSG00000295302.1,ENSG00000295302,2.9063228702621333,26.839600517433695,-0.9088329988246434,0.026798385897588005,343.55903960720224,24.44372534936634,0.0,2.1208651614406993,0.10550428553103874,-0.9490219522792164,-0.4456410155800657,-0.8423166945224447,0.09322779314001421,1.555575530641128,2.6173388129976747,-0.9490219522792164,-0.4456410155800657,26.838773581610624,0.0,2.8316056312571463,216,True
nerve_tibial,raw,ENSG00000295302.1,ENSG00000295302,5.232168943494813,423.7064829082132,-0.9930937261448687,0.006024654681253333,3108.049816036858,128.50778824681018,0.0,1.6211628164815364,0.2700795825821314,-1.0,-0.4456410155800657,-0.9491647850997733,0.09073572548213465,2.1490348737701854,5.073397028180677,-1.0,-0.4456410155800657,421.5739186622599,0.0,113.85850797981686,670,True
ovary,excluded_at_or_below_-1,ENSG00000295302.1,ENSG00000295302,,,,,,,,,,-0.940366455840076,-0.8661419157358976,,,,,,,,,,5,False
ovary,raw,ENSG00000295302.1,ENSG00000295302,0.12820512817155097,201.61362979334768,-0.9985118516208686,0.0006965815678584422,4.358974359409986,268.7400402432488,0.0,3.0212680290428233,0.010545207928435286,-1.0,-0.8661419157358976,-0.9973189387867749,0.01694843186728196,6.401113728149696,40.21792863279057,-1.0,-0.8661419157358976,199.2193815589068,0.0,2.1008098019129555,193,True
pancreas,excluded_at_or_below_-1,ENSG00000295302.1,ENSG00000295302,,,,,,,,,,-0.9357779602708888,-0.9095448896406886,,,,,,,,,,2,False
pancreas,raw,ENSG00000295302.1,ENSG00000295302,0.05128205128205134,472.08065893491784,-0.9986972134390001,0.00033047558505550014,1.8974359036412638,381.51207270417814,0.0,5.575051552247719,1.834044927756224e-07,-1.0,-0.9095448896406886,-0.9995727150550043,0.005822990578597503,13.898684833212785,195.73209831584302,-1.0,-0.9095448896406886,458.57402714921506,0.0,8.41045368493859e-05,362,True
pituitary,excluded_at_or_below_-1,ENSG00000295302.1,ENSG00000295302,0.052438198645304905,0.5435388644050653,-0.9679755043456244,0.06963197355199595,10.862836028409385,2.6647773278759126,0.0,-0.2633263901389238,1.0,-0.9550100394953738,-0.8367692216783524,-0.9158765187947757,0.03337950754236239,1.085601763765329,0.8991009565467536,-0.9550100394953738,-0.8367692216783524,0.5094122363720888,0.0,0.5094122363720888,11,True
pituitary,raw,ENSG00000295302.1,ENSG00000295302,0.28205128205128205,383.6989576643529,-0.9981332765217303,0.00035421480266354917,13.8974358974864,644.2509830843511,0.0,7.452951260981018,8.790240203599394e-13,-1.0,-0.8367692216783524,-0.997043583727612,0.01662660556279064,6.2666341331190765,42.72958509979435,-1.0,-0.8367692216783524,378.63822547372166,0.0,3.3283209521783874e-10,313,True
prostate,excluded_at_or_below_-1,ENSG00000295302.1,ENSG00000295302,,,,,,,,,,-0.9634854131077496,-0.570857558480258,,,,,,,,,,7,False
prostate,raw,ENSG00000295302.1,ENSG00000295302,0.09067956207237442,257.21244301239733,-0.9946540570073635,0.005007737923585084,328.4295964187016,119.68253232273588,0.0,1.5097245900694782,0.3213362168765718,-1.0,-0.570857558480258,-0.9961867404036624,0.031218684388459577,10.8461299906943,131.61866797451538,-1.0,-0.570857558480258,256.0916787283568,0.0,82.29153121614083,282,True
skin_not_sun_exposed_suprapubic,excluded_at_or_below_-1,ENSG00000295302.1,ENSG00000295302,0.15204534643365025,4.898474642555645,-0.9119740724188792,0.060151126952441014,64.59295291358814,8.790264948095897,0.0,1.2818309952136222,0.4397549072727018,-0.9664945359302644,-0.538095362083745,-0.8858531460479672,0.06702338963532319,3.0221902338321787,12.778133169218231,-0.9664945359302644,-0.538095362083745,4.89843734594969,0.0,2.154111860849245,50,True
skin_not_sun_exposed_suprapubic,raw,ENSG00000295302.1,ENSG00000295302,1.2820512886882462,661.2711955779905,-0.9935949103078385,0.002019601838793291,229.89743589778342,318.9607111559294,0.0,4.485124016466369,4.342372986786938e-05,-1.0,-0.538095362083745,-0.9912329605259574,0.03555176762429649,5.887611769775812,49.78764181793232,-1.0,-0.538095362083745,652.2968893537056,0.0,0.028325163916946394,651,True
skin_sun_exposed_lower_leg,excluded_at_or_below_-1,ENSG00000295302.1,ENSG00000295302,0.462631572958315,1.8505465556794356,-0.9102132145853361,0.037937642377014316,42.05109527533639,5.801687403708372,0.0,1.8341525506718641,0.18599102360317116,-0.9594161252231852,-0.754577356069188,-0.8856713714628037,0.050129555082045814,0.9138021973151297,0.2288423896896421,-0.9594161252231852,-0.754577356069188,1.8505443594014657,0.0,0.3441846396281533,42,True
skin_sun_exposed_lower_leg,raw,ENSG00000295302.1,ENSG00000295302,1.076923076923077,806.6584342460353,-0.9972084712951885,0.0007772225612759767,58.769230769230774,441.48514325548456,0.0,5.079391606462825,2.5221025643881e-06,-1.0,-0.754577356069188,-0.9936315618056204,0.02872767601301866,5.083853394682612,27.735296162063904,-1.0,-0.754577356069188,798.8781511271526,0.0,0.0020148526335914685,754,True
small_intestine_terminal_ileum,excluded_at_or_below_-1,ENSG00000295302.1,ENSG00000295302,,,,,,,,,,-0.960771747594575,-0.929976201154595,,,,,,,,,,4,False
small_intestine_terminal_ileum,raw,ENSG00000295302.1,ENSG00000295302,0.1025641025639525,249.29406271956168,-0.999279234817465,0.00034053091491503064,3.5897435914949445,287.81319353658427,0.0,2.993313827855616,0.01137050852085385,-1.0,-0.929976201154595,-0.9989634582624121,0.007596772382489642,7.525327356528635,56.98681655794627,-1.0,-0.929976201154595,248.48974718052756,0.0,2.825454787661006,207,True
spleen,excluded_at_or_below_-1,ENSG00000295302.1,ENSG00000295302,0.11162807806799185,534877126709.26086,-4.3882389229307215,0.6645758293883924,13.80927542257987,7.972427869789023,0.0,-7.330019255619426,1.0,-0.9436717402614496,-0.641787181290309,-0.8545604771918731,0.084740269927975,1.1757457383692702,0.7621686930002811,-0.9436717402614496,-0.641787181290309,1.1426504879724482,0.0,1.1426504879724484,14,True
spleen,raw,ENSG00000295302.1,ENSG00000295302,0.35897435928921817,328.407974332301,-0.9963961792197684,0.0018485162294067077,16.974358978775292,271.2948072802863,0.0,2.7571152163491086,0.022353555051026926,-1.0,-0.641787181290309,-0.9926492659952572,0.03683698023780141,6.128294664664584,42.547324091420926,-1.0,-0.641787181290309,328.3842476390826,0.0,7.340555357490293,277,True
stomach,excluded_at_or_below_-1,ENSG00000295302.1,ENSG00000295302,0.2894737253219153,12.814319021186387,-0.9312471906430781,0.0013015192384491145,17.81579102602878,123.78303972913007,0.0,35.40107914539081,0.0,-0.9638272668037604,-0.8173280401783967,-0.9198499052397997,0.04059163067731527,1.3452507927109802,1.1711708431412813,-0.9638272668037604,-0.8173280401783967,12.7939844097552,0.0,0.0,16,True
stomach,raw,ENSG00000295302.1,ENSG00000295302,0.41025641025641024,528.4607024022964,-0.9978341186323537,0.00021373621947686186,21.435897435897438,1194.3420018617987,0.0,14.330836449314074,0.0,-1.0,-0.8173280401783967,-0.9968491363239234,0.017438077490222692,6.654118443476451,50.49485691202226,-1.0,-0.8173280401783967,517.3539902775782,0.0,0.0,407,True
testis,excluded_at_or_below_-1,ENSG00000295302.1,ENSG00000295302,3.0095764312401103,17.073837431119024,-0.8368421993142591,0.09174951080784118,390.2977112465571,8.237847078432178,0.0,1.7398791199992776,0.2201246271288085,-0.9497198172157884,-0.3023978553584079,-0.7614515004036522,0.13268938504168978,1.027814946598554,0.45138316892579367,-0.9497198172157884,-0.3023978553584079,17.07335476002933,0.0,3.7582658503893236,285,True
testis,raw,ENSG00000295302.1,ENSG00000295302,7.307692292892708,150.54830291887436,-0.9920838992609882,0.0017427791285033376,1970.3076923076924,559.6597647483286,0.0,6.423680914652988,1.1160467343882082e-09,-1.0,-0.3023978553584079,-0.8357818299880215,0.15602262869406155,0.8562550769835966,0.1679864807983109,-1.0,-0.3023978553584079,147.8086944485654,0.0,1.649614107535058e-07,414,True
thyroid,excluded_at_or_below_-1,ENSG00000295302.1,ENSG00000295302,0.1378862273282422,1.565762387972409,-0.9103118053466202,0.011530212055512913,12.738968529315057,9.564858230370003,0.0,5.408972207704598,4.435541043248686e-07,-0.9544116486917488,-0.8323286445204556,-0.9015830506898088,0.03235671718966673,0.9746828786773845,0.34076753625789724,-0.9544116486917488,-0.8323286445204556,1.5656933030877438,0.0,6.944696906985293e-07,16,True
thyroid,raw,ENSG00000295302.1,ENSG00000295302,0.41023565719740085,967.8499635998024,-0.9984805724603508,0.0009459096181535341,21.435897460624535,248.41095322164009,0.0,2.2716705617283908,0.07698118742913738,-1.0,-0.8323286445204556,-0.9976978491389429,0.01563930744237252,7.356779815677472,57.5843415040236,-1.0,-0.8323286445204556,952.4405730462533,0.0,73.32000626878855,684,True
uterus,excluded_at_or_below_-1,ENSG00000295302.1,ENSG00000295302,,,,,,,,,,-0.924533087398925,-0.8702804483664056,,,,,,,,,,3,False
uterus,raw,ENSG00000295302.1,ENSG00000295302,0.0769230707767219,170.70343451201606,-0.9986171853075879,0.0006624728806851707,2.7692307771539735,273.96676788522154,0.0,2.9519627886282676,0.013021245289940257,-1.0,-0.8702804483664056,-0.9979179940088855,0.015111383073157576,7.366515548661643,53.861939994825455,-1.0,-0.8702804483664056,168.01589691585482,0.0,2.187776206350747,153,True
vagina,excluded_at_or_below_-1,ENSG00000295302.1,ENSG00000295302,,,,,,,,,,-0.934981988289654,-0.0689917450170808,,,,,,,,,,8,False
vagina,raw,ENSG00000295302.1,ENSG00000295302,0.20512820489663913,183.8965369966214,-0.9902081001336428,0.005158011333286431,12.358974362744577,252.57731693576434,0.0,2.684724149991073,0.02744146583636549,-1.0,-0.0689917450170808,-0.990713876297951,0.07368369662467976,11.696021314960621,142.86402626944127,-1.0,-0.0689917450170808,182.399890555288,0.0,5.00532036522974,170,True
whole_blood,excluded_at_or_below_-1,ENSG00000295302.1,ENSG00000295302,0.18988741308039186,0.22907266721036967,-0.9124600990218399,0.024451165721232824,7.25494040872824,5.900971262323959,0.0,3.651462555467219,0.0012727048617653793,-0.9755923715753476,-0.8104347542717869,-0.8963098069167306,0.04899859024082044,0.18822445584577957,-0.6817583489392511,-0.9755923715753476,-0.8104347542717869,0.22907263566626251,0.0,0.0002915418571098616,10,True
whole_blood,raw,ENSG00000295302.1,ENSG00000295302,-0.018132476339755323,729.1606708977508,-0.9976421249424364,0.0023489294978135543,4238.783961414279,112.7114299620645,0.0,1.4195993910807467,0.3664305416801799,-1.0,-0.8104347542717869,-0.9987087149055632,0.012622733223780868,10.894725634591683,127.0486124600157,-1.0,-0.8104347542717869,726.4787151072928,0.0,266.20398909588636,803,True
adipose_subcutaneous,excluded_at_or_below_-1,ENSG00000295303.1,ENSG00000295303,1.590623212199387,30.687597428848093,-0.9651319415733494,0.06999716748892519,1251.4119401538921,6.408599003692828,0.0,0.4677604605431671,0.8963756563718354,-0.988283966255106,-0.6479353103388785,-0.921586716362079,0.058898947204473265,1.8807824139691598,4.540785916665689,-0.988283966255106,-0.6479353103388785,30.687467588605692,0.0,27.50749890212585,368,True
adipose_subcutaneous,raw,ENSG00000295303.1,ENSG00000295303,9.4358973871821,390.08511133617907,-0.9956593535661551,0.000156608480467876,6107.589743589744,3140.034667510189,0.0,39.19711779255702,0.0,-1.0,-0.6479353103388785,-0.9595853103939007,0.0576496813045442,2.0754589216163435,5.562863066383494,-1.0,-0.6479353103388785,48.28266320966615,0.0,0.0,714,True
adipose_visceral_omentum,excluded_at_or_below_-1,ENSG00000295303.1,ENSG00000295303,0.3368373992383404,94.85336100624417,-1.0279969283354575,0.12601124732029065,72.68733940667346,11.017839395698259,0.0,-0.4626299572283639,1.0,-0.9867750227413298,-0.046269895045773,-0.915364083539565,0.09142328006996235,5.01880763701835,35.798321426702984,-0.9867750227413298,-0.046269895045773,85.22705173388059,0.0,85.22705173388057,303,True
adipose_visceral_omentum,raw,ENSG00000295303.1,ENSG00000295303,2.580031809724297,850955854314.2076,-2.1064571526577365,0.23965896789825286,2894.9145914646842,12.157044596720523,0.0,-6.529138989439406,1.0,-1.0,-0.046269895045773,-0.9563122952512576,0.0780990572748396,5.247123599894735,44.44157413175569,-1.0,-0.046269895045773,470.97175185791355,0.0,470.9717518579102,587,True
adrenal_gland,excluded_at_or_below_-1,ENSG00000295303.1,ENSG00000295303,0.2157856438049898,11.611911682398327,-0.9897256022943636,0.045516203826626,74.82956676806683,6.897762722014914,0.0,-0.10775195242199763,1.0,-0.98625762549111,-0.7677223756557372,-0.95519146669229,0.0322539149360761,2.838072552092171,11.997292860840481,-0.98625762549111,-0.7677223756557372,11.544697016261448,0.0,11.544697016261448,87,True
adrenal_gland,raw,ENSG00000295303.1,ENSG00000295303,2.2307692341947853,220.1966079525803,-0.997093130904762,1.3056298466992376e-05,534.9230769230769,24844.655145177156,,314.86211110458186,,-1.0,-0.7677223756557372,-0.9867852800075567,0.026892997496798743,3.308352361946406,16.820343876891883,-1.0,-0.7677223756557372,0.0,0.0,0.0,295,True
artery_aorta,excluded_at_or_below_-1,ENSG00000295303.1,ENSG00000295303,0.6557247610607114,21.93917974636932,-0.9526092811820911,0.05068854055177452,563.0951233745316,9.201897246153983,0.0,0.8989410248480065,0.6676214838000593,-0.9848293148488598,-0.6227929407615871,-0.9275113381204054,0.04900930721768785,2.5088967571867937,9.427856986015732,-0.9848293148488598,-0.6227929407615871,21.938881901816305,0.0,14.646868888204867,204,True
artery_aorta,raw,ENSG00000295303.1,ENSG00000295303,5.23076930424117,263.41027482757016,-0.995309718388004,0.0005024237994265688,2970.923077019766,1048.5535910760486,0.0,13.202121146739747,0.0,-1.0,-0.6227929407615871,-0.9686701546113619,0.04824371672666266,2.384890808442624,8.833866835702533,-1.0,-0.6227929407615871,192.1475063949039,0.0,0.0,472,True
artery_coronary,excluded_at_or_below_-1,ENSG00000295303.1,ENSG00000295303,0.25263987375951297,263788944938.1194,-2.841546655518191,0.39884002108375993,42.01390969298968,10.421569817881677,0.0,-6.604477978696359,1.0,-0.9789353736334876,0.0975703466656943,-0.9135900096082444,0.12368292997049937,5.705742273558416,38.85140198158472,-0.9789353736334876,0.0975703466656943,89.01905819466782,0.0,89.0190581946672,146,True
artery_coronary,raw,ENSG00000295303.1,ENSG00000295303,0.36619945457626174,394747220280.58813,-2.61541036495995,0.3488827174459481,57.517852965911786,10.997203143007553,0.0,-6.548146791703354,1.0,-1.0,0.0975703466656943,-0.9529259007567302,0.10082782409080566,6.654673634651693,58.012256534884045,-1.0,0.0975703466656943,192.943663144681,0.0,192.94366314468098,268,True
artery_tibial,excluded_at_or_below_-1,ENSG00000295303.1,ENSG00000295303,5.600928643870038,78.20124957767098,-0.9659991138096445,0.00799599734686809,2351.410371981013,54.725929932986844,0.0,2.8846407484208556,0.015598572410796699,-0.9823089416777464,-0.6565773954839027,-0.9284589662435772,0.050310720933670804,2.2271213430335126,7.241314700485326,-0.9823089416777464,-0.6565773954839027,78.20123059960144,0.0,1.2198275581212936,360,True
artery_tibial,raw,ENSG00000295303.1,ENSG00000295303,9.23076926828959,569.7341056163474,-0.996660686576572,0.001261424214683765,9712.923076923078,381.27570170381017,0.0,3.7437860138197236,0.0009104233806983804,-1.0,-0.6565773954839027,-0.9627282602716177,0.05095163096454512,2.1100842064714977,6.6834067613592385,-1.0,-0.6565773954839027,566.1186725924155,0.0,0.5154076757780661,691,True
bladder,excluded_at_or_below_-1,ENSG00000295303.1,ENSG00000295303,0.10778043996739799,4.798550602537014,-0.9838433304008877,0.10858078902186229,72.04830284053429,4.6550854608538,0.0,-0.06509042343485306,1.0,-0.97884580405666,-0.6264341909668554,-0.9087879299933467,0.06510534247140068,1.9943024570638517,5.351388308291977,-0.97884580405666,-0.6264341909668554,4.788301670718284,0.0,4.788301670718284,54,True
bladder,raw,ENSG00000295303.1,ENSG00000295303,1.3846153773170704,245.63831036757833,-0.9986819859208127,0.0021498304197742927,161.23076931155828,244.87414232543762,0.0,0.867023449403505,0.6874385500740227,-1.0,-0.6264341909668554,-0.9360330937615677,0.06871433411320786,1.7280099909511542,4.396691704413398,-1.0,-0.6264341909668554,245.37267449136488,0.0,168.67863558012957,77,True
brain_amygdala,excluded_at_or_below_-1,ENSG00000295303.1,ENSG00000295303,0.35051500008681197,7.158771406104835,-0.9676339566725524,0.023519234232659433,13.099036230351274,13.162171988432732,0.0,1.3174419202192047,0.4198936804822668,-0.989543819464114,-0.7487390073927281,-0.9458717530852501,0.04606215033779739,2.2318509033331297,5.284776554292565,-0.989543819464114,-0.7487390073927281,7.158249800399211,0.0,3.0057038545010766,59,True
brain_amygdala,raw,ENSG00000295303.1,ENSG00000295303,1.4843062064832446,118.03360627364671,-0.9968652928659986,0.002839318563220482,233.80228003482569,123.58724471534707,0.0,1.5613413022399227,0.29700421187159626,-1.0,-0.7487390073927281,-0.9823559858123191,0.036482467945594545,3.2362825467638,12.944904644761017,-1.0,-0.7487390073927281,117.45849189458008,0.0,34.88566681277603,181,True
brain_anterior_cingulate_cortex_ba24,excluded_at_or_below_-1,ENSG00000295303.1,ENSG00000295303,0.12911534299012664,7.315251726966467,-0.9646366406851337,0.0235927429194784,44.96168163629517,12.618807648417537,0.0,1.6136283631682482,0.2720155359909147,-0.9915561386681148,-0.7541222652608929,-0.9553744156496883,0.03461972391531892,3.9328175789377147,19.689337596672118,-0.9915561386681148,-0.7541222652608929,7.315235995484151,0.0,1.9898578402116542,54,True
brain_anterior_cingulate_cortex_ba24,raw,ENSG00000295303.1,ENSG00000295303,1.38461537519072,212.48049547577318,-0.9973160539648299,0.0009200889266788215,247.23076926228862,373.7986017410909,0.0,4.125332642917379,0.00021033622214569473,-1.0,-0.7541222652608929,-0.9896575898930609,0.025097808753973907,4.666685025278057,34.0404167385098,-1.0,-0.7541222652608929,203.66342228843578,0.0,0.04283779483341066,233,True
brain_caudate_basal_ganglia,excluded_at_or_below_-1,ENSG00000295303.1,ENSG00000295303,0.526067817163926,6.9751988235507065,-0.9731087392687947,0.03202896822192547,99.19636598875894,5.528391901853978,0.0,0.7907861523239119,0.7314902687723893,-0.9910183854615664,-0.84790226886435,-0.9567485704938984,0.027198080498248817,1.4747832077923189,2.4035727589021194,-0.9910183854615664,-0.84790226886435,6.975196569173519,0.0,5.1022884131249855,108,True
brain_caudate_basal_ganglia,raw,ENSG00000295303.1,ENSG00000295303,2.7692128606075705,227.14852661128336,-0.9984122181252622,0.0007334322667803982,420.92307693561264,290.2152266237832,0.0,3.0615815025453097,0.00928864216307428,-1.0,-0.84790226886435,-0.9844294853778035,0.026403958248484863,2.056303973800234,4.607861872009832,-1.0,-0.84790226886435,225.4112147796174,0.0,2.0937641136317424,300,True
brain_cerebellar_hemisphere,excluded_at_or_below_-1,ENSG00000295303.1,ENSG00000295303,-0.3014378836296441,16.626196449356215,-0.8750501829445171,0.5278011688446395,309.2388123019491,3.3418618675834293,0.0,0.28351234183882706,0.9604591285556923,-0.9808603302841568,0.3721720519123506,-0.6544889802777752,0.23161755676680024,0.8790988261478857,0.8646780743864251,-0.9808603302841568,0.3721720519123506,16.563717205877126,0.0,15.90877339319967,269,True
brain_cerebellar_hemisphere,raw,ENSG00000295303.1,ENSG00000295303,-0.23403887866553644,16.578348908778516,-0.8620580832310694,0.5169071274030811,260.04361879113566,3.376747782485691,0.0,0.37739725218035286,0.9310326344612256,-1.0,0.3721720519123506,-0.6644676378870814,0.2354825037822836,0.8479391992190156,0.7799054492775128,-1.0,0.3721720519123506,16.522930317662563,0.0,15.383387342672632,277,True
brain_cerebellum,excluded_at_or_below_-1,ENSG00000295303.1,ENSG00000295303,0.3482122668399352,14.186825726004074,-0.8059632582834856,0.33092486825296946,294.11664187842746,3.7138211896168993,0.0,0.7174190800296021,0.7728716446961428,-0.9738387622792032,0.0630679973825716,-0.6971089260560762,0.19053924407021802,0.9998634104636062,1.278373341314622,-0.9738387622792032,0.0630679973825716,14.172474320212844,0.0,10.953503537276747,259,True
brain_cerebellum,raw,ENSG00000295303.1,ENSG00000295303,0.47849194934759076,14.454215688807984,-0.7891257960826571,0.30685255100343417,208.4496321800322,3.927567219329439,0.0,0.9718712070645243,0.6234194389651002,-1.0,0.0630679973825716,-0.7050797437914426,0.19417987676160317,0.9426773383421699,1.163153699633443,-1.0,0.0630679973825716,14.447738587207953,0.0,9.00700108435161,266,True
brain_cortex,excluded_at_or_below_-1,ENSG00000295303.1,ENSG00000295303,0.05822456518029231,435125499398.7395,-2.668278946844868,0.34392844293765035,117.63005338725232,7.838629867458813,0.0,-6.91899304164216,1.0,-0.9856204242414528,-0.7619701425679399,-0.9506562032337414,0.034577280721261566,2.110686572874351,7.079797677450218,-0.9856204242414528,-0.7619701425679399,17.48839754666386,0.0,17.488397546663737,110,True
brain_cortex,raw,ENSG00000295303.1,ENSG00000295303,2.890069578621233,154.15005410714332,-0.9970275238198192,0.0021595591023487143,991.1464701199052,153.93018701862474,0.0,1.9465622048828357,0.15156447130779294,-1.0,-0.7619701425679399,-0.9798969716878206,0.03277912384395977,2.36338537895783,8.113834414236452,-1.0,-0.7619701425679399,152.95113449053002,0.0,23.181957834984317,270,True
brain_frontal_cortex_ba9,excluded_at_or_below_-1,ENSG00000295303.1,ENSG00000295303,0.44585468671507544,13.167826479875488,-0.9635251558230414,0.02367234874554101,54.7936940037299,16.521232077029573,0.0,1.6492442990766505,0.2566759255179185,-0.9911316554728008,-0.6869782623134142,-0.9431858254965391,0.05022029673309566,2.8005121020842347,8.999144155544172,-0.9911316554728008,-0.6869782623134142,13.167004846151697,0.0,3.3796531551849047,87,True
brain_frontal_cortex_ba9,raw,ENSG00000295303.1,ENSG00000295303,2.236842128318906,190.34572550807223,-0.9960837193770897,1.4671173182071086e-05,638.924515250811,29795.921850148487,,377.506086408079,,-1.0,-0.6869782623134142,-0.9816251554579885,0.038965059030171334,3.7379330048334136,18.58531955986795,-1.0,-0.6869782623134142,0.0,0.0,0.0,269,True
brain_hippocampus,excluded_at_or_below_-1,ENSG00000295303.1,ENSG00000295303,0.23994309163153296,26.954778575641555,-0.9966560258763062,0.09018551232785764,49.626211792900605,10.063701353804825,0.0,-0.11455952028834918,1.0,-0.9893504750711636,-0.354885867071959,-0.9292757190532958,0.07006067631186408,4.61277718903871,32.677513491743056,-0.9893504750711636,-0.354885867071959,26.77848194292366,0.0,26.77848194292366,133,True
brain_hippocampus,raw,ENSG00000295303.1,ENSG00000295303,1.849571739962007,405163578427.63135,-1.6152578027352882,0.1331816758341444,967.8982693949902,13.383485932923959,0.0,-6.5332255622589335,1.0,-1.0,-0.354885867071959,-0.9631124338591699,0.06167609921144867,4.596967811318566,36.79771522599024,-1.0,-0.354885867071959,218.3367501057,0.0,218.3367501057,255,True
brain_hypothalamus,excluded_at_or_below_-1,ENSG00000295303.1,ENSG00000295303,0.3377731522315372,21.838464987031717,-0.9659556560237412,0.06264796828500188,103.93605498132808,9.812001181015816,0.0,0.4445568461206145,0.9059101115600787,-0.9856489922620888,-0.5312957466892624,-0.9318559371041518,0.05272082134499899,3.4756520827274233,20.615314702006067,-0.9856489922620888,-0.5312957466892624,21.83846057038822,0.0,19.783682251620778,157,True
brain_hypothalamus,raw,ENSG00000295303.1,ENSG00000295303,3.323115903126963,502967214969.54333,-1.3608912378128155,0.07751560410670685,1700.595295664209,15.13534221078188,0.0,-6.584187647611184,1.0,-1.0,-0.5312957466892624,-0.9583711366745208,0.05293257978119339,2.8871213956389035,16.42490273628246,-1.0,-0.5312957466892624,194.03282319078443,0.0,194.03282319077817,257,True
brain_nucleus_accumbens_basal_ganglia,excluded_at_or_below_-1,ENSG00000295303.1,ENSG00000295303,-1.2718427464615227,9.492585677823417,-1.124814661116113,0.17806216510394146,45.5669114019371,2.029247486712872,0.0,-1.103586160907878,1.0,-0.9858632704504354,-0.8693142115167619,-0.9510419396281291,0.02592167647552523,0.7506079180731369,0.04173284237928776,-0.9858632704504354,-0.8693142115167619,3.952045138691047,0.0,3.9520451386910462,66,True
brain_nucleus_accumbens_basal_ganglia,raw,ENSG00000295303.1,ENSG00000295303,1.6923443899097255,236.25652701566426,-0.9985684607217499,0.0006987289745099081,116.307692375957,261.6080324252444,0.0,2.8974070579955318,0.015317867556676489,-1.0,-0.8693142115167619,-0.9886623439138826,0.024120875100488794,2.2539284022739623,4.531593925400496,-1.0,-0.8693142115167619,231.8683332572267,0.0,3.551728419421369,285,True
brain_putamen_basal_ganglia,excluded_at_or_below_-1,ENSG00000295303.1,ENSG00000295303,0.2565357311858246,2.949840886687534,-0.9718587859550384,0.017523829758191826,31.452278278580533,6.431484326196106,0.0,1.7251274808200123,0.22581855924078997,-0.9932352181215776,-0.8921648561106531,-0.9640502374319683,0.022673659533328616,1.6674205327889697,2.7873638137366363,-0.9932352181215776,-0.8921648561106531,2.949814397876068,0.0,0.6661228373561121,45,True
brain_putamen_basal_ganglia,raw,ENSG00000295303.1,ENSG00000295303,1.4098533180527553,199.02116107798875,-0.9987245761267465,0.0014842801270922514,226.414108580201,101.52948793073261,0.0,1.2152165257802914,0.47793999726592723,-1.0,-0.8921648561106531,-0.9936309475765299,0.016689923896286388,3.3766098582836785,13.33568354919672,-1.0,-0.8921648561106531,199.0001616397294,0.0,95.1101367100112,254,True
brain_spinal_cord_cervical_c-1,excluded_at_or_below_-1,ENSG00000295303.1,ENSG00000295303,1.3892570958218102,11.42192822154899,-0.9410671746940004,0.06070308049623275,191.93660228308823,9.406496514769646,0.0,1.0448563932081048,0.5793431057768405,-0.9859161306306724,-0.5373068584901075,-0.8777764594603782,0.09705769219645728,1.475554239199888,1.7017930695378514,-0.9859161306306724,-0.5373068584901075,11.421904833161515,0.0,6.617201819931296,149,True
brain_spinal_cord_cervical_c-1,raw,ENSG00000295303.1,ENSG00000295303,3.815675595808049,4192.93761184633,-1.0170190247135982,0.010863686705924722,797.7099426856975,62.447994854145605,0.0,-2.2155034676402465,1.0,-1.0,-0.5373068584901075,-0.9107288846058644,0.09911668248166897,1.5367689978837582,2.145551411632514,-1.0,-0.5373068584901075,360.29713296819114,0.0,360.2971329681873,204,True
brain_substantia_nigra,excluded_at_or_below_-1,ENSG00000295303.1,ENSG00000295303,0.4857218395499656,10.916154016195119,-0.9586898856771932,0.053732364749579944,63.967334227245516,9.328147322366956,0.0,0.7714095299698904,0.7426520969647352,-0.987999220093482,-0.6042714104914723,-0.9253792484441288,0.059194490337672746,2.47835455776304,8.870239473363977,-0.987999220093482,-0.6042714104914723,10.916058537618996,0.0,8.10683376355255,104,True
brain_substantia_nigra,raw,ENSG00000295303.1,ENSG00000295303,2.4830573238916895,87010807566.13704,-1.1690424748674404,0.038101555277505715,571.7621255147948,20.962579953997857,0.0,-6.274341265953104,1.0,-1.0,-0.6042714104914723,-0.9575925783507616,0.057936311755953464,2.4087854066919174,8.901368206912313,-1.0,-0.6042714104914723,246.0707292695013,0.0,246.0707292694978,183,True
breast_mammary_tissue,excluded_at_or_below_-1,ENSG00000295303.1,ENSG00000295303,2.1937860084168235,5945776286130.553,-7.885203758216645,1.37496042308733,297.4061260863438,8.438831603011,0.0,-7.093909641747089,1.0,-0.9881938144054656,0.3193982764070611,-0.7594676670632189,0.24924972235110282,1.6383606377895248,2.4608299854014675,-0.9881938144054656,0.3193982764070611,70.23846699324412,0.0,70.23846699324412,376,True
breast_mammary_tissue,raw,ENSG00000295303.1,ENSG00000295303,5.05945357913704,1911777300501.6875,-3.0253924570954407,0.42425549752824765,1512.2936925164154,11.149527693048086,0.0,-6.751444586199681,1.0,-1.0,0.3193982764070611,-0.8240463868011094,0.23832400340953658,1.9263552241267305,3.695131023679604,-1.0,0.3193982764070611,241.78585770033703,0.0,241.78585770033533,514,True
cells_cultured_fibroblasts,excluded_at_or_below_-1,ENSG00000295303.1,ENSG00000295303,0.957039812612166,16.22561791480631,-0.9651015116804038,0.012828735026431297,65.81338835092092,30.229780580287045,0.0,3.143039605971649,0.007161158631760227,-0.9936129213821526,-0.6908785404900386,-0.9341269308825806,0.054188922088546046,2.2046238975397405,5.390702820495935,-0.9936129213821526,-0.6908785404900386,16.2213107257053,0.0,0.11616337932184928,87,True
cells_cultured_fibroblasts,raw,ENSG00000295303.1,ENSG00000295303,2.236842118452208,714.2371054021216,-0.9969051435233276,0.0015813495359231445,570.3981994832345,273.6820434857222,0.0,2.7677549482147916,0.021704562126316045,-1.0,-0.6908785404900386,-0.9912101886300375,0.029840216426334082,5.151504278673588,33.602463396687796,-1.0,-0.6908785404900386,714.2364465992398,0.0,15.502189328092411,652,True
cells_ebv-transformed_lymphocytes,excluded_at_or_below_-1,ENSG00000295303.1,ENSG00000295303,0.6652541523884292,8300.173978067747,-1.614425548253137,0.2933072544930033,82.67496655463052,11.38048878516818,0.0,-3.0359849183197327,1.0,-0.9847636465667482,0.7458826889022592,-0.8363723923549837,0.24949723373013577,3.3532449155866155,13.804458178891348,-0.9847636465667482,0.7458826889022592,82.71736391156685,0.0,82.71736391156685,144,True
cells_ebv-transformed_lymphocytes,raw,ENSG00000295303.1,ENSG00000295303,1.1137632528268528,457686298247.4034,-2.2453049260532416,0.2735713930554773,131.12413348382603,15.462793991090534,0.0,-6.437541206501008,1.0,-1.0,0.7458826889022592,-0.9279438058076992,0.18418472645135403,4.872049194879521,30.228115409064486,-1.0,0.7458826889022592,458.73901581724715,0.0,458.73901581724715,327,True
cervix_ectocervix,excluded_at_or_below_-1,ENSG00000295303.1,ENSG00000295303,0.17333064773569828,1.2997348003782276,-1.035629452832009,0.08808779061022824,15.27184478317478,3.236470038543623,0.0,-0.9157007756021673,1.0,-0.9785927645064396,-0.834037909194772,-0.9283034783525012,0.04325254908716528,0.9095395426334366,-0.05271459899413111,-0.9785927645064396,-0.834037909194772,0.8477168913434557,0.0,0.8477168913434554,17,True
cervix_ectocervix,raw,ENSG00000295303.1,ENSG00000295303,0.43589743589743585,9.012961976843794,-0.9981751175851032,0.0004433616886165107,21.589743589743588,523.5568885530022,0.0,5.82092121882791,4.6921962022723256e-08,-1.0,-0.834037909194772,-0.9492149638330215,0.04908745574061876,0.848155042604058,-0.03664538727323574,-1.0,-0.834037909194772,8.430717158746893,0.0,3.9558579034704167e-07,24,True
cervix_endocervix,excluded_at_or_below_-1,ENSG00000295303.1,ENSG00000295303,0.2301153937567921,1.6439113974781852,-0.9539323849985255,0.011140567470728037,8.70590056719384,40.7168351858032,0.0,2.550890425294755,0.03864790376342857,-0.9740272049391174,-0.6331826328742536,-0.8654635584619709,0.10190219261200625,0.9605617725497934,0.12143616018886405,-0.9740272049391174,-0.6331826328742536,1.6434869300580046,0.0,0.06351732470933444,13,True
cervix_endocervix,raw,ENSG00000295303.1,ENSG00000295303,0.33333333333333337,16.540458170008986,-0.9955930472028203,0.0002432351481950514,14.666666666666666,2107.1203191313243,0.0,25.622828200441713,0.0,-1.0,-0.6331826328742536,-0.9239576634785054,0.10155905938015604,1.4104702131034959,1.2502017884898535,-1.0,-0.6331826328742536,12.952764376111523,0.0,0.0,23,True
colon_sigmoid,excluded_at_or_below_-1,ENSG00000295303.1,ENSG00000295303,0.5335445187390505,30.154065094434916,-0.9838249437848668,0.07081244972851193,525.8189314353697,8.645477819732623,0.0,0.05731805335988257,0.9983589862766256,-0.986694971254602,-0.5509288948589339,-0.9337883609287668,0.053926354780693526,3.1764329131713698,16.014767361668337,-0.986694971254602,-0.5509288948589339,30.154055506673107,0.0,30.104572287771266,203,True
colon_sigmoid,raw,ENSG00000295303.1,ENSG00000295303,4.90859063712673,92484489518.5009,-1.1519050204168233,0.03531184058637999,3815.7409326165834,24.068657235449194,0.0,-6.083685712743443,1.0,-1.0,-0.5509288948589339,-0.9679213299965147,0.05002885331649281,3.088649558556794,16.3842264579922,-1.0,-0.5509288948589339,849.5364610611971,0.0,849.5364610611186,419,True
colon_transverse,excluded_at_or_below_-1,ENSG00000295303.1,ENSG00000295303,2.2115351007541046,40.41506014038777,-0.9601659936913628,0.03998710526513361,799.6449093876886,15.809216806480643,0.0,1.2726461905256465,0.4449658951389445,-0.9961502598162232,-0.5131579650459096,-0.9216846198588187,0.07246789417925424,2.575882947813835,8.849986511553851,-0.9961502598162232,-0.5131579650459096,40.41277581481877,0.0,17.982306965490324,302,True
colon_transverse,raw,ENSG00000295303.1,ENSG00000295303,4.599399159938215,1069642710487.9946,-1.6819327327391722,0.14474489782128971,4094.1303737282237,11.419380943375542,0.0,-6.662746209241765,1.0,-1.0,-0.5131579650459096,-0.950623706048775,0.06883938789272469,2.6823484001592424,10.195736718339855,-1.0,-0.5131579650459096,245.243665367553,0.0,245.24366536755042,479,True
esophagus_gastroesophageal_junction,excluded_at_or_below_-1,ENSG00000295303.1,ENSG00000295303,2.911136014743494,33.863851817511275,-0.970227813710711,0.011902019373512089,659.7682814693766,29.47767256713989,0.0,2.5456782534305993,0.03916274206546113,-0.9916522383500964,-0.7221437623942905,-0.9410399401863391,0.04162959004128707,1.8279135951622483,4.318769207217227,-0.9916522383500964,-0.7221437623942905,33.85676000251189,0.0,1.3259235591505942,222,True
esophagus_gastroesophageal_junction,raw,ENSG00000295303.1,ENSG00000295303,5.69230766638814,362.87624645073026,-0.996540571494965,1.6149255875285536e-05,3086.3076923076924,24029.323202188338,,302.94712943199784,,-1.0,-0.7221437623942905,-0.9675207610952044,0.04260220446355072,1.8497986131476931,4.447877905371958,-1.0,-0.7221437623942905,0.0,0.0,0.0,403,True
esophagus_mucosa,excluded_at_or_below_-1,ENSG00000295303.1,ENSG00000295303,2.6693296033609757,23.436066381671164,-0.9720305218412829,0.009806829312899928,415.2426147188595,21.279588814504763,0.0,2.5148003098452856,0.04233946481428978,-0.9894693430001582,-0.8244677343635824,-0.9483219740733153,0.03332663872448734,1.4001976767638926,1.6704112799915007,-0.9894693430001582,-0.8244677343635824,23.43431704650403,0.0,0.9921964420373683,205,True
esophagus_mucosa,raw,ENSG00000295303.1,ENSG00000295303,5.2558220965246925,458.64089431115474,-0.9979995292729174,0.0005424493596332528,1925.4359109272475,452.4127708983728,0.0,5.2154045039036605,1.2511550326932479e-06,-1.0,-0.8244677343635824,-0.9827459359691036,0.03105704166778916,2.191399390087574,5.003520554697683,-1.0,-0.8244677343635824,454.6322616406018,0.0,0.0005688154421763514,614,True
esophagus_muscularis,excluded_at_or_below_-1,ENSG00000295303.1,ENSG00000295303,1.1755886489246594,29.92711006017317,-0.9631985685673349,0.03432812212691568,450.9929803458841,11.560810725516662,0.0,0.9053549691624844,0.6637961501257359,-0.9851748363507294,-0.6825755190996523,-0.9402962561058539,0.041789280349682184,2.2889133554213457,7.305248081123702,-0.9851748363507294,-0.6825755190996523,29.92550509343873,0.0,19.86443507159273,244,True
esophagus_muscularis,raw,ENSG00000295303.1,ENSG00000295303,3.255625005538445,306.0053950252167,-0.9960425267367008,0.003496073828800961,4548.497973930978,126.80204002123867,0.0,1.60085645662873,0.2790572089247484,-1.0,-0.6825755190996523,-0.9740325962385532,0.04044005524728506,2.3586023208384654,7.989600000061554,-1.0,-0.6825755190996523,304.46937382023646,0.0,84.96437366134103,561,True
fallopian_tube,excluded_at_or_below_-1,ENSG00000295303.1,ENSG00000295303,0.21052618980912022,30.14580165127148,-0.9454575831455845,0.014223380476514173,8.315792830954049,135.63573769238195,0.0,3.1685777560206825,0.006623806475979443,-0.9773253916522968,0.4186919022929276,-0.7976532858984912,0.33397253593748605,2.6715134790051738,6.474147100658707,-0.9773253916522968,0.4186919022929276,30.05978538356528,0.0,0.19911020109021205,23,True
fallopian_tube,raw,ENSG00000295303.1,ENSG00000295303,0.20787514733893372,10.992733443085003,-0.9757755845190909,0.04902762702192051,6.0587854797023315,40.22374632278565,0.0,0.698759026178145,0.7834792185720072,-1.0,0.4186919022929276,-0.8395181232988035,0.30756336671555073,3.0311023030455053,8.858472031146595,-1.0,0.4186919022929276,10.991399589277874,0.0,8.61153316122011,29,True
heart_atrial_appendage,excluded_at_or_below_-1,ENSG00000295303.1,ENSG00000295303,0.42698132882984924,93.15071983139686,-1.005185116496658,0.06264863740054202,55.02605242260578,18.113215540127197,0.0,-0.2995292646952397,1.0,-0.9919161868285996,-0.2027827759144375,-0.948725497515796,0.06387411774617044,7.823437882218517,84.62452973129575,-0.9919161868285996,-0.2027827759144375,89.06442056525151,0.0,89.06442056525151,217,True
heart_atrial_appendage,raw,ENSG00000295303.1,ENSG00000295303,1.142067460960565,179928091721.35446,-1.736118692121052,0.16565062052168603,902.1837570689274,13.090590554650458,0.0,-6.284486195315226,1.0,-1.0,-0.2027827759144375,-0.9758642797417088,0.050717043487486964,8.5415652047989,117.3160643930027,-1.0,-0.2027827759144375,477.44059701664645,0.0,477.4405970166431,461,True
heart_left_ventricle,excluded_at_or_below_-1,ENSG00000295303.1,ENSG00000295303,1.0234661950801422,23.57675930219955,-0.9763655028327186,0.016567198526379872,270.3839104201236,13.749392244138,0.0,1.5214541889703206,0.3143092297241483,-0.9941890015376572,-0.8152944192380563,-0.9646568185573277,0.02627292391766606,2.591732796636036,8.82101955734862,-0.9941890015376572,-0.8152944192380563,23.57597055662792,0.0,7.410145145652922,186,True
heart_left_ventricle,raw,ENSG00000295303.1,ENSG00000295303,4.830413563082241,255.20937780624843,-0.9976947686574581,0.0017133994173534118,2451.6390318180456,150.5504468590018,0.0,1.902702543266967,0.16483599215163655,-1.0,-0.8152944192380563,-0.9854561244505817,0.024214051265728155,2.7354364592764235,10.80780465259605,-1.0,-0.8152944192380563,253.34446893836463,0.0,41.76028689358434,452,True
kidney_cortex,excluded_at_or_below_-1,ENSG00000295303.1,ENSG00000295303,0.4822820518549973,17.942932459937566,-0.9519931184705317,0.04334068443738617,52.38675857976482,26.20263718446922,0.0,1.1370849336861895,0.5238901860923161,-0.9868407826427676,-0.1489742111042629,-0.8983656681084329,0.12923828291940168,3.5586800397536598,14.932082193472713,-0.9868407826427676,-0.1489742111042629,17.942790925598437,0.0,9.400052077027286,77,True
kidney_cortex,raw,ENSG00000295303.1,ENSG00000295303,0.1715478242871679,1480986263658.4016,-3.741240999812155,0.5550262316555526,86.04469393732768,9.153139297758312,0.0,-6.98471527751755,1.0,-1.0,-0.1489742111042629,-0.9247515042725895,0.11970367914852276,3.8130766871644934,18.135888851385065,-1.0,-0.1489742111042629,37.73566230060066,0.0,37.73566230060066,104,True
kidney_medulla,excluded_at_or_below_-1,ENSG00000295303.1,ENSG00000295303,0.09305472452948743,5.527945123050151,-1.6173366434950442,0.5169632480648638,7.104336630636652,4.461788921386709,0.0,-1.8146636784502232,1.0,-0.9539895689677887,0.0136623472863639,-0.6782493885562496,0.2946414527855037,1.359223440698681,0.8006992121214593,-0.9539895689677887,0.0136623472863639,1.0650984980011193,0.0,1.0650984980011193,11,True
kidney_medulla,raw,ENSG00000295303.1,ENSG00000295303,0.09305472452948743,5.527945123050151,-1.6173366434950442,0.5169632480648638,7.104336630636652,4.461788921386709,0.0,-1.8146636784502232,1.0,-0.9539895689677887,0.0136623472863639,-0.6782493885562496,0.2946414527855037,1.359223440698681,0.8006992121214593,-0.9539895689677887,0.0136623472863639,1.0650984980011193,0.0,1.0650984980011193,11,True
liver,excluded_at_or_below_-1,ENSG00000295303.1,ENSG00000295303,0.6098704769962161,5.818022405420323,-0.9671258415027252,0.020723304375339868,108.42316871280823,7.287845700968965,0.0,1.9298539181543375,0.15533856308672334,-0.9954051277505144,-0.8603327455234575,-0.9538515500432049,0.029793197192771997,1.380374359280295,1.2386337411344241,-0.9954051277505144,-0.8603327455234575,5.817907171460876,0.0,0.9037453401866754,86,True
liver,raw,ENSG00000295303.1,ENSG00000295303,2.2051282208571834,219.5126018763443,-0.9986428287502606,0.0008042764837378239,268.3589744001296,243.19994363537506,0.0,2.3864057033278585,0.058148178731895636,-1.0,-0.8603327455234575,-0.9848520355103649,0.02757661811531537,2.206114710939634,4.8930716008669135,-1.0,-0.8603327455234575,218.91954170737495,0.0,12.729772639105118,262,True
lung,excluded_at_or_below_-1,ENSG00000295303.1,ENSG00000295303,3.2125980545432298,63.62751439152099,-0.9523492845754549,0.04568638330695219,2231.663574446081,22.388678375536813,0.0,1.1162497586815376,0.5364117334353659,-0.9884099020792512,-0.2290796390174962,-0.889875319860621,0.10202181779010117,2.2663729992687642,7.153757624223799,-0.9884099020792512,-0.2290796390174962,63.61774777828399,0.0,34.12530636300321,365,True
lung,raw,ENSG00000295303.1,ENSG00000295303,4.467525045406116,1334153719266.8008,-2.135849111596179,0.24156887854411083,2859.7071717575964,11.162775870350233,0.0,-6.649586768419049,1.0,-1.0,-0.2290796390174962,-0.9334511452800113,0.09585288552676134,2.5062999289711545,8.825718162560023,-1.0,-0.2290796390174962,333.8915345072333,0.0,333.8915345072333,604,True
minor_salivary_gland,excluded_at_or_below_-1,ENSG00000295303.1,ENSG00000295303,1.3812749858136946,7.488254840043414,-0.9400345367108628,0.07019329543205027,111.93183174608826,5.584906694412555,0.0,0.8558549153731244,0.6933402322829318,-0.9825141724038976,-0.6628324110973106,-0.8888326336364417,0.07465562071571512,1.0418115537952921,0.33172954540666133,-0.9825141724038976,-0.6628324110973106,7.488182828117946,0.0,5.191858421424358,149,True
minor_salivary_gland,raw,ENSG00000295303.1,ENSG00000295303,0.611150355870364,1076783188686.4862,-5.589241763309705,0.9178666411222688,656.7772581545012,7.590421753624174,0.0,-7.07092692108967,1.0,-1.0,-0.6628324110973106,-0.908486532662043,0.07994506061743874,0.9723815528215248,0.3396778296222749,-1.0,-0.6628324110973106,14.637087657318057,0.0,14.637087657318057,181,True
muscle_skeletal,excluded_at_or_below_-1,ENSG00000295303.1,ENSG00000295303,0.2807617082351734,25.237075273870115,-0.984165509714252,0.041755607338083034,153.00337367075272,7.6139954002555985,0.0,0.11559881905841782,0.9933408725061204,-0.9875786426566696,-0.7593571705313413,-0.9589550078484003,0.026810454060173253,2.9789970605856633,16.11912160426878,-0.9875786426566696,-0.7593571705313413,25.23707161258217,0.0,25.069014735141813,190,True
muscle_skeletal,raw,ENSG00000295303.1,ENSG00000295303,4.871794924192257,841.8877314489687,-0.9975931998672094,0.0010960677070794675,2782.3589743589755,307.38668930447005,0.0,3.1054006679783166,0.008052718104912579,-1.0,-0.7593571705313413,-0.9904663221163766,0.021611791212536882,3.526525247642634,20.72356054282095,-1.0,-0.7593571705313413,841.8784180494973,0.0,6.7794095791623485,818,True
nerve_tibial,excluded_at_or_below_-1,ENSG00000295303.1,ENSG00000295303,1.006269225368319,38.191049635533965,-0.9551414255376097,0.065473416254659,1477.3317057545855,10.15454960008454,0.0,0.6555023427047646,0.8066828027450201,-0.9854890186322448,-0.4850193233783916,-0.9193304178222658,0.059324480089653575,2.5254785603502925,11.034113246620786,-0.9854890186322448,-0.4850193233783916,38.19040362606236,0.0,30.80754183503557,304,True
nerve_tibial,raw,ENSG00000295303.1,ENSG00000295303,7.763152718073237,418.20331958425254,-0.996070535591213,0.006374397966089679,7928.868287358615,113.38099052230007,0.0,0.8717845809646009,0.686156569816032,-1.0,-0.4850193233783916,-0.9633976821163714,0.05665121903938417,2.538597934591052,10.784158884138854,-1.0,-0.4850193233783916,416.8027083442997,0.0,285.9919166475566,670,True
ovary,excluded_at_or_below_-1,ENSG00000295303.1,ENSG00000295303,0.4530648723471157,1486231789953.8145,-3.738837962000709,0.555792394326771,44.74501233874685,8.598356167167633,0.0,-7.029882594407599,1.0,-0.9760619690837964,-0.359644685558565,-0.8900069532882517,0.10739760007758205,2.450648433632402,6.9061128563861836,-0.9760619690837964,-0.359644685558565,27.595028552553643,0.0,27.595028552553643,116,True
ovary,raw,ENSG00000295303.1,ENSG00000295303,1.9816819647302781,718414416781.4437,-1.763323008007926,0.16069923385650303,888.0735678163351,12.352895985736959,0.0,-6.717528917158255,1.0,-1.0,-0.359644685558565,-0.9338901895411253,0.09911989838074296,2.733563107269485,9.393307897546954,-1.0,-0.359644685558565,114.17302320671494,0.0,114.17302320671413,193,True
pancreas,excluded_at_or_below_-1,ENSG00000295303.1,ENSG00000295303,0.2502859820010432,62.70151103446563,-1.058504432950079,0.10701656454630738,150.66949853180313,6.899026874305001,0.0,-0.8986412095009472,1.0,-0.9905023308919186,-0.5364403158715647,-0.9422835592649218,0.050793675326810575,3.394043012910774,20.05737484377949,-0.9905023308919186,-0.5364403158715647,41.87158920495681,0.0,41.87158920495679,203,True
pancreas,raw,ENSG00000295303.1,ENSG00000295303,2.72541548831983,538793320403.724,-1.5533247036609328,0.11926025931237051,1717.50489528,12.058431709514295,0.0,-6.561442217426041,1.0,-1.0,-0.5364403158715647,-0.9676341506375115,0.04760694635446877,3.2695384017035685,19.823735741974374,-1.0,-0.5364403158715647,241.3711759683385,0.0,241.3711759683385,362,True
pituitary,excluded_at_or_below_-1,ENSG00000295303.1,ENSG00000295303,0.2639159999858192,37.225262333591104,-1.0672500164687069,0.10672151804335935,110.30872042865221,6.389722100756712,0.0,-1.1160332832985218,1.0,-0.983030228630814,-0.5850591645271693,-0.930839118168431,0.06146217622957413,2.732667258190301,9.800451192242015,-0.983030228630814,-0.5850591645271693,19.969826882931564,0.0,19.969826882931553,104,True
pituitary,raw,ENSG00000295303.1,ENSG00000295303,,,,,,,,,,,,,,,,,,,,,313,False
prostate,excluded_at_or_below_-1,ENSG00000295303.1,ENSG00000295303,1.3026508279240059,11.383153891958617,-0.9601723695278204,0.04665171451652459,159.048290895961,7.9264807931017485,0.0,0.7905827130569618,0.7316161467116084,-0.986251909430792,-0.6986956527722625,-0.9183284743573055,0.062274348148935635,1.5343955609923376,1.9648680688516462,-0.986251909430792,-0.6986956527722625,11.383026164663594,0.0,8.328005740508594,155,True
prostate,raw,ENSG00000295303.1,ENSG00000295303,3.974358998269852,279.91255708715596,-0.9960800699888254,0.00016943595413604554,902.9743589743589,2482.1477720625753,0.0,32.71807458827083,0.0,-1.0,-0.6986956527722625,-0.9551096224304338,0.06150086876825185,1.8238688733682078,3.351040192588602,-1.0,-0.6986956527722625,191.81018585684689,0.0,0.0,282,True
skin_not_sun_exposed_suprapubic,excluded_at_or_below_-1,ENSG00000295303.1,ENSG00000295303,0.5137126597825302,44.34012406941612,-0.9945132445343573,0.08136774151969615,505.9843040371819,6.80950309617364,0.0,-0.2022322620473566,1.0,-0.9828776734558275,-0.6027238411876139,-0.9338669726676782,0.046012796496021004,2.423907349426514,10.315900422444987,-0.9828776734558275,-0.6027238411876139,43.44262310379444,0.0,43.44262310379445,303,True
skin_not_sun_exposed_suprapubic,raw,ENSG00000295303.1,ENSG00000295303,7.769230766515577,347.30157237305366,-0.9952385203973123,0.0014257479999560479,6938.9230772814035,389.33919794100535,0.0,4.722958777632122,1.442972035318209e-05,-1.0,-0.6027238411876139,-0.9692191900434816,0.04553588917907102,2.319480865451807,9.04639303849266,-1.0,-0.6027238411876139,344.8964560055991,0.0,0.004976759410964426,651,True
skin_sun_exposed_lower_leg,excluded_at_or_below_-1,ENSG00000295303.1,ENSG00000295303,7.007216172783665,57.14162679913646,-0.9695295903065817,0.008440450651205567,2647.335033412921,45.56620277354765,0.0,2.512315053720944,0.042613985249109344,-0.9845238399697156,-0.6975768272263115,-0.9258580103788785,0.05131669969927233,1.5804575767173064,2.7691812655708548,-0.9845238399697156,-0.6975768272263115,57.12501944336878,0.0,2.4343247359148004,399,True
skin_sun_exposed_lower_leg,raw,ENSG00000295303.1,ENSG00000295303,10.230769324031483,591.7149686277347,-0.9962321326449575,1.6902271958413077e-05,7474.923076923078,24988.497666877138,,315.25756583697296,,-1.0,-0.6975768272263115,-0.9607657110625631,0.052567001275676255,1.7399658697858607,3.4147665312334077,-1.0,-0.6975768272263115,0.0,0.0,0.0,754,True
small_intestine_terminal_ileum,excluded_at_or_below_-1,ENSG00000295303.1,ENSG00000295303,0.2762895639360146,30487.395795998982,-1.8406325041073917,0.31212007836590616,117.07601879871606,5.372616343640868,0.0,-3.8741758176760825,1.0,-0.9855932851458176,-0.6548841285980788,-0.9238224951748022,0.06368823902473594,1.8086598507422562,3.4610834936232004,-0.9855932851458176,-0.6548841285980788,16.76794349664177,0.0,16.767943496641564,120,True
small_intestine_terminal_ileum,raw,ENSG00000295303.1,ENSG00000295303,3.0769214194431194,318.04792082442964,-0.9992872351177936,0.003119920235409228,740.7692412469846,156.11281937139677,0.0,0.32308574807757545,0.9509679567435201,-1.0,-0.6548841285980788,-0.9558391276375666,0.06135051624982834,2.068887785576128,4.940414872057175,-1.0,-0.6548841285980788,317.438715234622,0.0,301.8740464179566,207,True
spleen,excluded_at_or_below_-1,ENSG00000295303.1,ENSG00000295303,0.7313542553351643,7.217264021819399,-0.967285816371933,0.015609804668752706,71.14974998354492,14.631333256177198,0.0,1.2371729530759765,0.4652097154469422,-0.9809414824274711,-0.8057881046761817,-0.9431953967260167,0.038502556083172976,1.744172839040225,2.542540199505532,-0.9809414824274711,-0.8057881046761817,7.217036798446031,0.0,3.3574356353751886,70,True
spleen,raw,ENSG00000295303.1,ENSG00000295303,1.7912161810312957,192.76432175754542,-0.9975908103593503,0.0022958485035544413,497.6823458514975,118.14803427013669,0.0,1.4840302654380821,0.33371246668221066,-1.0,-0.8057881046761817,-0.9856450461040476,0.03133978784295446,2.899486309056622,9.546564703687945,-1.0,-0.8057881046761817,192.05291490671507,0.0,64.09045196702897,277,True
stomach,excluded_at_or_below_-1,ENSG00000295303.1,ENSG00000295303,0.538442360215237,47.43453426062879,-0.9686058835363669,0.0584173155244366,133.20154733322246,15.317485955354673,0.0,0.42884983315672576,0.912176217172606,-0.9863205036493856,-0.335882203108945,-0.9317605509353917,0.06349355644972246,4.63424185410375,34.823043806854194,-0.9863205036493856,-0.335882203108945,47.432921385300794,0.0,43.267182798689284,223,True
stomach,raw,ENSG00000295303.1,ENSG00000295303,1.9149768822617699,1114948069734.3525,-2.0131635260198553,0.21496861002455672,2088.9141703737228,11.0343272652911,0.0,-6.6652968507139185,1.0,-1.0,-0.335882203108945,-0.9626108178343793,0.057971425844854166,4.335532323950832,35.02891580946614,-1.0,-0.335882203108945,251.32273033610434,0.0,251.32273033609712,407,True
testis,excluded_at_or_below_-1,ENSG00000295303.1,ENSG00000295303,1.0426626661897882,23.756548112390174,-0.9620093279674846,0.07053044941250164,239.58374279696721,6.024120529300597,0.0,0.4226359179358024,0.9145653407933573,-0.9830872627454946,-0.6615710210871011,-0.9214504364810862,0.05230224109194207,1.567134105006357,2.9479522726689877,-0.9830872627454946,-0.6615710210871011,23.756448097233744,0.0,21.72682405008628,287,True
testis,raw,ENSG00000295303.1,ENSG00000295303,7.358974329351917,1027.6824288773767,-0.9983192467383939,0.0017385901923190896,3418.9743589743593,273.9195872178996,0.0,1.367167529224095,0.39277959086921355,-1.0,-0.6615710210871011,-0.9455465586233617,0.056653578147390464,1.387573544390975,2.370486053435469,-1.0,-0.6615710210871011,1027.6137156428638,0.0,403.62569480179604,414,True
thyroid,excluded_at_or_below_-1,ENSG00000295303.1,ENSG00000295303,2.176051548289725,57.355018836184314,-0.8891143877787209,0.2203807988194631,600.0797227778467,7.378748182395002,0.0,0.6036314947449749,0.8334532431020792,-0.9831799479910396,0.2607362868217737,-0.7715748937748789,0.17677454617980098,1.700216733297009,4.120890161559099,-0.9831799479910396,0.2607362868217737,57.354570591087985,0.0,47.80235286586942,611,True
thyroid,raw,ENSG00000295303.1,ENSG00000295303,0.8138273676869688,84.98453519625333,-1.1145614873445282,0.39847679943190717,1054.290937730489,4.880998761534862,0.0,-0.40658429639879445,1.0,-1.0,0.2607362868217737,-0.7959535966322384,0.18135861502536896,1.598393853114182,3.760302361376226,-1.0,0.2607362868217737,78.24200244391997,0.0,78.24200244391997,684,True
uterus,excluded_at_or_below_-1,ENSG00000295303.1,ENSG00000295303,0.39439585022369855,814675891064.8008,-2.8464247449894016,0.37558502818182454,66.95818018720435,8.258260610258526,0.0,-7.061154236233834,1.0,-0.9711324388105192,-0.6532064598867721,-0.9139700052959336,0.06080306746677851,1.8309435681478856,3.984979360091309,-0.9711324388105192,-0.6532064598867721,12.133890944243184,0.0,12.133890944243056,72,True
uterus,raw,ENSG00000295303.1,ENSG00000295303,1.8472505966298451,98.52481464958605,-0.9956714319026083,1.3573788508585755e-05,311.0769699885258,35680.42980455859,,450.9809258568198,,-1.0,-0.6532064598867721,-0.959515296609851,0.0598574363442614,2.0408609992314664,5.132648600785657,-1.0,-0.6532064598867721,0.0,0.0,0.0,153,True
vagina,excluded_at_or_below_-1,ENSG00000295303.1,ENSG00000295303,0.2752153370735508,8.843343305889674,-0.952574769118283,0.09249945471288873,95.2342691944796,5.335864118692432,0.0,0.4429268786891071,0.9065656649734084,-0.9815452837891184,-0.6035719490824593,-0.9052537517697429,0.06543354018339038,1.923328438059098,5.112517484790237,-0.9815452837891184,-0.6035719490824593,8.843334276380762,0.0,8.01706321884926,114,True
vagina,raw,ENSG00000295303.1,ENSG00000295303,2.9230768944811722,194.21005008464536,-0.9950755471399977,2.7128393781337438e-05,552.7692307692308,20409.232575786493,,256.7136144519304,,-1.0,-0.6035719490824593,-0.9364642805985336,0.06969596368367739,1.665728524976923,4.0818679333942445,-1.0,-0.6035719490824593,0.0,0.0,0.0,170,True
whole_blood,excluded_at_or_below_-1,ENSG00000295303.1,ENSG00000295303,0.09768783183040336,30301.90608500115,-1.3303912771623676,0.11570172764063028,16.968347481737034,5.148859109426163,0.0,-4.320149499416578,1.0,-0.9769448288695513,-0.9091452149062914,-0.9585437367595185,0.01679058484429335,1.2040865280220454,0.9584457307038967,-0.9769448288695513,-0.9091452149062914,2.6304390942120435,0.0,2.6304390942120155,32,True
whole_blood,raw,ENSG00000295303.1,ENSG00000295303,0.8205128205128205,1055.8549033809184,-0.9990062908041178,0.0002527703643950403,53.743589743589745,502.7596987815148,0.0,5.559658962533038,2.0868023005325598e-07,-1.0,-0.9091452149062914,-0.9983479446778389,0.008760025607399432,5.998860788420417,39.51804724031649,-1.0,-0.9091452149062914,982.0722885685736,0.0,0.00020493907110741283,803,True
adipose_subcutaneous,excluded_at_or_below_-1,ENSG00000295304.1,ENSG00000295304,1.6735327769767687,17.864280215853576,-0.8529745407269532,0.045493824250371635,215.37835771366386,13.742733148384437,0.0,2.964290480477012,0.012357665828726777,-0.9483327763809634,-0.4108846731094792,-0.8072237352636269,0.09367941718031111,1.8758075632884288,4.2515152723591285,-0.9483327763809634,-0.4108846731094792,17.8637383517185,0.0,0.2207541090023477,174,True
adipose_subcutaneous,raw,ENSG00000295304.1,ENSG00000295304,4.8765788905905785,498.0545011577957,-0.9926586337129502,0.006537920127813851,2812.267391651351,125.84317477675447,0.0,1.58800651683186,0.28479122311392757,-1.0,-0.4108846731094792,-0.9530209102743293,0.0948069863320163,2.3277805268108738,6.145704598656904,-1.0,-0.4108846731094792,495.6282154322465,0.0,141.15056568272269,714,True
adipose_visceral_omentum,excluded_at_or_below_-1,ENSG00000295304.1,ENSG00000295304,1.8129701919517098,21.07732162864425,-0.8623117860174518,0.05114524278446544,277.0889737769689,13.525605411979692,0.0,2.2267815121538805,0.0838067645185756,-0.9428436689644372,-0.3731562645262222,-0.8051394093547123,0.11074712586336885,1.7225262776364538,2.772562140231847,-0.9428436689644372,-0.3731562645262222,21.076554452087148,0.0,1.766357835829004,205,True
adipose_visceral_omentum,raw,ENSG00000295304.1,ENSG00000295304,5.25641023146829,393.69242152837137,-0.9928665098997336,0.003346735836589003,2003.4358976079425,261.8678845719742,0.0,3.014363528952134,0.010674409113137141,-1.0,-0.3731562645262222,-0.9319481753283066,0.11363976106977483,2.0082883508528586,4.384061589906552,-1.0,-0.3731562645262222,392.4002166743838,0.0,4.188640448866031,587,True
adrenal_gland,excluded_at_or_below_-1,ENSG00000295304.1,ENSG00000295304,0.39978863429145284,3.6694135786467648,-0.9486138944392517,0.12413182283248647,42.53327362573248,3.730755956869694,0.0,-0.2288623810497993,1.0,-0.9285256239733516,-0.6211488284896036,-0.8413511360199815,0.07409564426431031,1.127630567341603,0.6985203133679523,-0.9285256239733516,-0.6211488284896036,3.5710775995054664,0.0,3.5710775995054678,59,True
adrenal_gland,raw,ENSG00000295304.1,ENSG00000295304,1.5128205201253846,334.04966252169726,-0.9960954728589282,0.0013970965901821677,129.74358974358978,379.5404221580989,0.0,3.9523646942963895,0.0004079242770843885,-1.0,-0.6211488284896036,-0.9682702272039964,0.07158145898082713,2.421827601620202,5.589190973140585,-1.0,-0.6211488284896036,331.9967998666985,0.0,0.13542955457995332,295,True
artery_aorta,excluded_at_or_below_-1,ENSG00000295304.1,ENSG00000295304,0.1953420986927112,1.3018847831581457,-0.8311721279311778,0.056234702126554174,24.96447202588295,5.860602908039599,0.0,2.037392538289819,0.125498133752948,-0.912186880974089,-0.5981314701520257,-0.8043690238552635,0.07205580835432136,1.2083869555248967,1.2664432461569461,-0.912186880974089,-0.5981314701520257,1.3018586625183017,0.0,0.16338083255615582,24,True
artery_aorta,raw,ENSG00000295304.1,ENSG00000295304,0.6153846153846153,509.77744711378926,-0.994983493690399,1.8958881256253274e-05,33.230769230770285,29602.670450718742,,374.1998888477676,,-1.0,-0.5981314701520257,-0.9900526622299286,0.04587503155980759,5.061352493280563,27.424938287356518,-1.0,-0.5981314701520257,0.0,0.0,0.0,472,True
artery_coronary,excluded_at_or_below_-1,ENSG00000295304.1,ENSG00000295304,0.32310998379742667,5.443933958012667,-0.8361510951651794,0.0499355285181638,19.72273696148445,17.961277911261416,0.0,1.4373898637188838,0.35594916300901785,-0.8869049731091938,-0.2019428473985383,-0.7671444347115394,0.13207729584184422,2.40482246805418,6.903316443077085,-0.8869049731091938,-0.2019428473985383,5.443512334592756,0.0,1.9376136593275564,39,True
artery_coronary,raw,ENSG00000295304.1,ENSG00000295304,0.9999999931224505,243.1469111336112,-0.9909650850124371,0.003709567974405021,120.00000000000814,300.80213036843287,0.0,3.44441708534771,0.0026695688917650583,-1.0,-0.2019428473985383,-0.9661143020662315,0.09617801175811355,3.8035363846790258,18.78621736647376,-1.0,-0.2019428473985383,241.65222062456832,0.0,0.6451072508052911,268,True
artery_tibial,excluded_at_or_below_-1,ENSG00000295304.1,ENSG00000295304,0.3218733496238083,6.323222285184628,-0.8444923878605632,0.03549586664719174,29.00627208384378,20.268906024590127,0.0,3.0836588821314486,0.008613117568832387,-0.9218902769614806,-0.3357556563827292,-0.7935295053104995,0.11233148624725019,2.2326182936869756,5.508631231985401,-0.9218902769614806,-0.3357556563827292,6.32317731732986,0.0,0.05446226964273626,40,True
artery_tibial,raw,ENSG00000295304.1,ENSG00000295304,1.0256410256410258,733.616517787337,-0.9917065313557483,2.7550716370813193e-05,146.974358974359,33670.79865190312,,425.7143690187995,,-1.0,-0.3357556563827292,-0.9880480176735456,0.055149460799296716,6.072765064921833,46.47581772832174,-1.0,-0.3357556563827292,0.0,0.0,0.0,691,True
bladder,excluded_at_or_below_-1,ENSG00000295304.1,ENSG00000295304,,,,,,,,,,-0.9015790946776024,-0.1878082130453872,,,,,,,,,,9,False
bladder,raw,ENSG00000295304.1,ENSG00000295304,0.23076923076923078,71.2464541122028,-0.9902588003272452,0.001838255825035247,12.92307692307692,617.344162990208,0.0,7.494134659266136,6.495089486240966e-13,-1.0,-0.1878082130453872,-0.9731247596687922,0.10587954503102168,5.889136054463366,38.71730950630381,-1.0,-0.1878082130453872,69.94278776347842,0.0,4.542846654409516e-11,77,True
brain_amygdala,excluded_at_or_below_-1,ENSG00000295304.1,ENSG00000295304,0.11022883760733976,1.6327983158030972,-0.9792109511881558,0.102986296305774,17.09230204387621,3.686571968169498,0.0,-0.595912633620188,1.0,-0.9358152175513064,-0.7107462700622217,-0.8745336514611978,0.05837049251493807,1.3506075823119603,1.3634000096995695,-0.9358152175513064,-0.7107462700622217,1.3653382139103334,0.0,1.3653382139103336,19,True
brain_amygdala,raw,ENSG00000295304.1,ENSG00000295304,0.4871794884827938,162.74002851188055,-0.9965097033834874,0.0014410453559380416,21.743589744351247,280.4426115860641,0.0,3.42530843421237,0.002849709211898535,-1.0,-0.7107462700622217,-0.986829499324656,0.04275418815730862,3.6998150652307062,14.796134349120798,-1.0,-0.7107462700622217,161.79391512703785,0.0,0.4610656103666493,181,True
brain_anterior_cingulate_cortex_ba24,excluded_at_or_below_-1,ENSG00000295304.1,ENSG00000295304,0.37081880920077454,2.5294142768496943,-0.908143848020966,0.029934555411353977,28.35458940081987,9.659366561051298,0.0,2.124201941272236,0.10475647890884804,-0.9531066757067777,-0.7036847399671804,-0.8800533379822512,0.05467528986924287,1.4024953652057957,1.8041898358026929,-0.9531066757067777,-0.7036847399671804,2.529414092915179,0.0,0.2649725140762119,36,True
brain_anterior_cingulate_cortex_ba24,raw,ENSG00000295304.1,ENSG00000295304,1.1288849993927745,184.83543216851157,-0.9963095592878703,0.003395156430370014,202.20038697073002,121.88952016128326,0.0,1.5372108511827263,0.30819813963599074,-1.0,-0.7036847399671804,-0.9814674685294466,0.048358524020414566,2.904421839263093,8.840064607892016,-1.0,-0.7036847399671804,184.0062390994838,0.0,56.710380571876215,233,True
brain_caudate_basal_ganglia,excluded_at_or_below_-1,ENSG00000295304.1,ENSG00000295304,0.41643339832997106,5.036382301761725,-0.9096722584493113,0.024955122519525887,44.6968182497257,18.079304755077427,0.0,2.5672439365017614,0.03705940249562055,-0.9549736815705876,-0.5906459973280953,-0.8786368381727401,0.06588630819253781,2.450873827074242,7.63848437003942,-0.9549736815705876,-0.5906459973280953,5.035689676216513,0.0,0.18661965055394886,41,True
brain_caudate_basal_ganglia,raw,ENSG00000295304.1,ENSG00000295304,1.0512814950976332,281.3307534608357,-0.9952616939875486,0.0012853166773982767,135.89743640269924,445.1922361445617,0.0,5.213482983078682,1.2542769820271852e-06,-1.0,-0.5906459973280953,-0.983413701216941,0.04821212642149243,3.834048490758316,19.253096204708015,-1.0,-0.5906459973280953,280.97898768931594,0.0,0.00035242547669200874,300,True
brain_cerebellar_hemisphere,excluded_at_or_below_-1,ENSG00000295304.1,ENSG00000295304,0.22411389604428664,1.1386808836576223,-0.8556180030164418,0.04205214564198259,15.387355982548907,5.049858785912243,0.0,3.0761666144862683,0.008811291169917532,-0.9470889165567642,-0.7054586474660081,-0.843015342610604,0.05634783400524323,0.7113756436851799,0.48888892076157964,-0.9470889165567642,-0.7054586474660081,1.1386713348633046,0.0,0.010033164678319245,23,True
brain_cerebellar_hemisphere,raw,ENSG00000295304.1,ENSG00000295304,0.7879308760238136,245.16678929228843,-0.9964371398734034,0.003820244776465188,133.88428373498468,107.71711091826293,0.0,1.318932530949884,0.4194581596785941,-1.0,-0.7054586474660081,-0.9869651728521441,0.04621953617607916,3.711024090317641,13.641291506980664,-1.0,-0.7054586474660081,244.921741616489,0.0,102.73442300372861,277,True
brain_cerebellum,excluded_at_or_below_-1,ENSG00000295304.1,ENSG00000295304,0.21341911152877951,2.5762085777214576,-0.8578224320014921,0.03788199189951218,9.93594922331682,12.472276471611337,0.0,1.8088810210526964,0.19475352117887804,-0.906276228521244,-0.5237323844748445,-0.8130515037959296,0.09540886651493803,1.7417412944403334,2.2480040294608887,-0.906276228521244,-0.5237323844748445,2.576196314288559,0.0,0.5017233034557445,26,True
brain_cerebellum,raw,ENSG00000295304.1,ENSG00000295304,0.6666666666664443,248.635755257028,-0.9936436265577896,0.0020639174297891185,44.66666666667736,321.9871309159828,0.0,4.355440484070467,7.598867594039361e-05,-1.0,-0.5237323844748445,-0.9817268387168954,0.0628698836233812,4.192233231316614,20.128300871037183,-1.0,-0.5237323844748445,248.6345927443686,0.0,0.018893413495623568,266,True
brain_cortex,excluded_at_or_below_-1,ENSG00000295304.1,ENSG00000295304,0.4334663977476619,3.0853829171690177,-0.9051225984666263,0.026747095952873595,19.32129740153451,13.111818102139003,0.0,2.5389339173911383,0.039832083588808895,-0.9531415900201454,-0.6571380887536478,-0.8641946152278763,0.07055557327171945,1.3103908968073124,1.0237038107742702,-0.9531415900201454,-0.6571380887536478,3.085351608931809,0.0,0.12289598318783784,37,True
brain_cortex,raw,ENSG00000295304.1,ENSG00000295304,0.9702698081012022,221.08923818854976,-0.9957451804497457,0.00405667002366832,190.74303910163397,118.04330611029373,0.0,1.4832913395255238,0.33409274208425493,-1.0,-0.6571380887536478,-0.9813896324571534,0.053435596304925836,3.3540379101515265,12.070667142916589,-1.0,-0.6571380887536478,220.2639208102959,0.0,73.58857728574068,270,True
brain_frontal_cortex_ba9,excluded_at_or_below_-1,ENSG00000295304.1,ENSG00000295304,0.20565896957340687,4.04417797323613,-0.8943604639329449,0.03263237332895095,26.631363581248866,9.219362258501647,0.0,2.3278192708139818,0.0665794040501075,-0.9480738983876824,-0.681627621398589,-0.8807581069833063,0.05067037346378843,2.0593005877356485,4.865225823660663,-0.9480738983876824,-0.681627621398589,4.0441323510141185,0.0,0.26925592183028013,43,True
brain_frontal_cortex_ba9,raw,ENSG00000295304.1,ENSG00000295304,1.2794157805659847,217.48509655281015,-0.9960361631278579,0.0034828834568461724,171.48719326607596,127.66457142442296,0.0,1.6095031410249747,0.27516876705749466,-1.0,-0.681627621398589,-0.9809390282538368,0.04815639320399074,2.851947351622284,9.143847331117298,-1.0,-0.681627621398589,216.42646090805005,0.0,59.553802406685435,269,True
brain_hippocampus,excluded_at_or_below_-1,ENSG00000295304.1,ENSG00000295304,0.6255748448341412,6.343832663301404,-0.9035265625217977,0.019711221725128156,40.18890564364895,21.447727142092706,0.0,3.010667374727523,0.010759140860720058,-0.94548905937714,-0.604589459635843,-0.8674351100964393,0.06182988485808176,1.805677078229258,4.651027717371137,-0.94548905937714,-0.604589459635843,6.343455549327965,0.0,0.06825013179893591,51,True
brain_hippocampus,raw,ENSG00000295304.1,ENSG00000295304,1.3421054193586388,195.7300027816927,-0.9950589959649525,0.003730428555580554,210.84801663635727,148.02784874249457,0.0,1.8731453542117622,0.17430125821377856,-1.0,-0.604589459635843,-0.9734870220192879,0.059794381748037306,2.5643159255060985,7.480429578407005,-1.0,-0.604589459635843,194.29342600081335,0.0,33.86558861460726,255,True
brain_hypothalamus,excluded_at_or_below_-1,ENSG00000295304.1,ENSG00000295304,0.5227549267984481,1.9357821499081693,-0.9103821434368103,0.02988416657839981,33.61316385159545,8.88691684990657,0.0,2.371840338222219,0.060036235209200296,-0.9605022056754028,-0.7225900655095222,-0.871648299722684,0.059972193101310196,0.8656092785133274,-0.18116100026504522,-0.9605022056754028,-0.7225900655095222,1.9357699233222543,0.0,0.11621633842747048,38,True
brain_hypothalamus,raw,ENSG00000295304.1,ENSG00000295304,1.8439907388223185,203.535922188611,-0.9965515184052711,0.0032093073436194612,268.486534277252,120.72386991008801,0.0,1.5196081019025605,0.31649145285348285,-1.0,-0.7225900655095222,-0.9810219275854551,0.05102586766790168,2.907837678833933,8.172842787553,-1.0,-0.7225900655095222,202.69394117244215,0.0,64.15089992626488,257,True
brain_nucleus_accumbens_basal_ganglia,excluded_at_or_below_-1,ENSG00000295304.1,ENSG00000295304,0.2399292442343668,2.904295963537226,-0.9049325191821064,0.04382821821531832,22.968765401411197,8.841471809390981,0.0,1.7609297727178825,0.21216314667575806,-0.9595058993235204,-0.6309244300811039,-0.8784988543173265,0.06320086998707941,1.9303029909374176,4.796832500886763,-0.9595058993235204,-0.6309244300811039,2.9041882401326635,0.0,0.616161715565278,36,True
brain_nucleus_accumbens_basal_ganglia,raw,ENSG00000295304.1,ENSG00000295304,0.923076923076923,264.2509020189173,-0.9956437048947864,0.0010232083674247832,90.76923076923077,504.091797253902,0.0,6.020994174430477,1.3448465590899132e-08,-1.0,-0.6309244300811039,-0.984652486861136,0.046121495090223924,3.7211886954323843,16.84344502289552,-1.0,-0.6309244300811039,263.77973924223124,0.0,3.547432746775492e-06,285,True
brain_putamen_basal_ganglia,excluded_at_or_below_-1,ENSG00000295304.1,ENSG00000295304,0.3813432281675914,3.0460737242159026,-0.9156342660420772,0.026138412089783958,35.512177291420194,10.065657747830304,0.0,1.5801195255568772,0.28697082215972763,-0.944839059723177,-0.7295942525903433,-0.8871721313001967,0.05142057905422557,1.4178577184402708,1.2403643816210135,-0.944839059723177,-0.7295942525903433,3.0460307012151535,0.0,0.8741219346514844,40,True
brain_putamen_basal_ganglia,raw,ENSG00000295304.1,ENSG00000295304,1.1982078013715274,199.35262522408817,-0.9966401436184068,0.0031866129921162586,295.03866318028656,118.5145236657959,0.0,1.4910986913787192,0.33029992128992325,-1.0,-0.7295942525903433,-0.9822318317008184,0.04586172282058948,2.873571039684731,8.507067621589247,-1.0,-0.7295942525903433,198.57001807575816,0.0,65.58766134096153,254,True
brain_spinal_cord_cervical_c-1,excluded_at_or_below_-1,ENSG00000295304.1,ENSG00000295304,0.17193585166260492,2.261077423267752,-0.8795918621097414,0.04351425627519495,31.016329036415186,8.074504120645907,0.0,1.5217701666136798,0.3141476425370069,-0.9264155518153164,-0.6311456224828798,-0.8491995827369222,0.06781661000002383,1.756013516716995,2.560653436846346,-0.9264155518153164,-0.6311456224828798,2.261077388046255,0.0,0.7103121310484641,29,True
brain_spinal_cord_cervical_c-1,raw,ENSG00000295304.1,ENSG00000295304,0.7631580997147872,170.01953930189526,-0.9953895850949414,0.003116582223013149,75.27811641414868,165.28322215753164,0.0,2.0920709996854776,0.11314116127814908,-1.0,-0.6311456224828798,-0.9785626857812292,0.05849116308066522,3.111870401192424,10.561795432132117,-1.0,-0.6311456224828798,168.4521711389215,0.0,19.058874262483084,204,True
brain_substantia_nigra,excluded_at_or_below_-1,ENSG00000295304.1,ENSG00000295304,0.7821196249685538,7.911747653420755,-0.8964543729970273,0.009448059605396098,46.63035110296751,45.62628775834094,0.0,8.280760721598364,1.2909991320808035e-15,-0.9517763717087346,-0.591634862151442,-0.8571611283950322,0.0750207741987274,1.4199780487242715,1.9925634485640549,-0.9517763717087346,-0.591634862151442,7.911741822853638,0.0,1.021405182655144e-14,46,True
brain_substantia_nigra,raw,ENSG00000295304.1,ENSG00000295304,1.179487203099461,157.4670534096485,-0.995582426861076,0.0017864615187948504,117.74358974399436,319.7763391429367,0.0,3.497076080349086,0.002285331272285897,-1.0,-0.591634862151442,-0.9640951470282595,0.07247146596194924,2.2847189346500154,5.4107427153275705,-1.0,-0.591634862151442,152.27528738875722,0.0,0.3479994762658485,183,True
breast_mammary_tissue,excluded_at_or_below_-1,ENSG00000295304.1,ENSG00000295304,3.4616580865471294,68.84584322628196,-0.8527671627415225,0.052308312890126066,570.6934842729,56.935688232020425,0.0,2.715282681410495,0.02507137076159435,-0.9531988513232856,1.2531451788553594,-0.5423371345274608,0.48196414930063564,1.891934438333859,3.028409453770906,-0.9531988513232856,1.2531451788553594,68.82165993037022,0.0,1.7254533525426732,254,True
breast_mammary_tissue,raw,ENSG00000295304.1,ENSG00000295304,5.821067034233206,529069459614.93335,-2.0286181189946113,0.2281522337827456,5293.0245024650185,20.342181566090265,0.0,-6.375943247481346,1.0,-1.0,1.2531451788553594,-0.7738397513034534,0.4086791517362484,2.6997557778845773,7.628872516872315,-1.0,1.2531451788553594,786.8671403028928,0.0,786.8671403028817,514,True
cells_cultured_fibroblasts,excluded_at_or_below_-1,ENSG00000295304.1,ENSG00000295304,0.3746101736428853,2.9940036716168605,-0.8626977819252083,0.016477012145705915,10.945809111353254,20.968915114721817,0.0,4.014234452799921,0.00031688028169904285,-0.9094676557224204,-0.6183888046815031,-0.8119376602494347,0.07910645949257222,1.1820136747780408,0.36591179091761505,-0.9094676557224204,-0.6183888046815031,2.9938461751515373,0.0,0.0009486908193456212,27,True
cells_cultured_fibroblasts,raw,ENSG00000295304.1,ENSG00000295304,0.6923076923076927,760.1873499531205,-0.9959436584598993,0.001608529104581322,44.30769230769232,331.94500070434026,0.0,3.5663223023379245,0.0017674983714243363,-1.0,-0.6183888046815031,-0.9922121423722925,0.040694439184157875,5.949452058885006,38.68666898134261,-1.0,-0.6183888046815031,744.2876716282304,0.0,1.3155272474740813,652,True
cells_ebv-transformed_lymphocytes,excluded_at_or_below_-1,ENSG00000295304.1,ENSG00000295304,,,,,,,,,,-0.9128698656138255,-0.7736850755928446,,,,,,,,,,5,False
cells_ebv-transformed_lymphocytes,raw,ENSG00000295304.1,ENSG00000295304,0.12820512820524788,334.97520821457937,-0.9973671493392222,0.0009816154608446362,4.358974362801534,322.2588019138111,0.0,3.7931483974093245,0.0007511986202728112,-1.0,-0.7736850755928446,-0.9977063283618617,0.019771429533470643,9.465037183298925,94.06481773835068,-1.0,-0.7736850755928446,334.92599874075756,0.0,0.2515959481475504,327,True
cervix_ectocervix,excluded_at_or_below_-1,ENSG00000295304.1,ENSG00000295304,,,,,,,,,,-0.8907477721700877,-0.7429736872889408,,,,,,,,,,4,False
cervix_ectocervix,raw,ENSG00000295304.1,ENSG00000295304,0.1025641025641026,26.37718161171368,-0.9975828398633401,0.0014985796952976505,3.5897435918156773,240.27532056179243,0.0,2.281080317862836,0.07497259176924012,-1.0,-0.7429736872889408,-0.9685652594482944,0.07533887726413739,2.117727328990363,2.906048062513034,-1.0,-0.7429736872889408,26.08781300363838,0.0,1.9558709544740833,24,True
cervix_endocervix,excluded_at_or_below_-1,ENSG00000295304.1,ENSG00000295304,,,,,,,,,,-0.9106388032167424,-0.7419442592651115,,,,,,,,,,4,False
cervix_endocervix,raw,ENSG00000295304.1,ENSG00000295304,0.10256410256387014,31.15461809507833,-0.997754924140926,0.0013868957909688219,3.5897435897457886,260.8493832217481,0.0,2.289297255881753,0.07308488295912087,-1.0,-0.7419442592651115,-0.9705913861995292,0.07034386728136906,2.2218364207916417,3.662503891643131,-1.0,-0.7419442592651115,31.020716574417655,0.0,2.267145440149375,23,True
colon_sigmoid,excluded_at_or_below_-1,ENSG00000295304.1,ENSG00000295304,0.27718405523898626,5.935889705822214,-0.8594698788897491,0.061578410921012905,32.88234888639126,11.108338637659399,0.0,1.2133520078017883,0.4789727841173445,-0.9123022731731686,-0.3757849111598932,-0.8116314371172507,0.10207182017691611,2.1557368286994767,5.119637565341916,-0.9123022731731686,-0.3757849111598932,5.935889432140585,0.0,2.843129487525099,54,True
colon_sigmoid,raw,ENSG00000295304.1,ENSG00000295304,1.3846160204701135,403.9220707634154,-0.9932237691786847,0.003165826344242214,219.23076923677462,275.8175313483095,0.0,3.027025644253517,0.010518446798501026,-1.0,-0.3757849111598932,-0.975723383303894,0.07289823892537386,3.867843114371431,18.51320296053008,-1.0,-0.3757849111598932,393.2338861575427,0.0,4.136209710915875,419,True
colon_transverse,excluded_at_or_below_-1,ENSG00000295304.1,ENSG00000295304,0.508141507916287,4.21471983301846,-0.8686613074823014,0.060344182937727274,21.03231356670514,8.193262089412954,0.0,1.904307155205829,0.16313247071074538,-0.9499176766763108,-0.5190566087756678,-0.8254500145523991,0.09629134584091928,1.5393019692341243,2.0312274113431066,-0.9499176766763108,-0.5190566087756678,4.214719132571145,0.0,0.6875575454481805,61,True
colon_transverse,raw,ENSG00000295304.1,ENSG00000295304,1.5641025688942363,422.2183950701334,-0.9937712376597762,0.0018475873829149367,123.58974365853,363.3646086961429,0.0,4.76773129098007,1.1716106048179518e-05,-1.0,-0.5190566087756678,-0.9777712962164851,0.06750437339619117,3.7239941906516156,15.75239976589673,-1.0,-0.5190566087756678,417.5640517986117,0.0,0.004892224712780058,479,True
esophagus_gastroesophageal_junction,excluded_at_or_below_-1,ENSG00000295304.1,ENSG00000295304,0.38972912993277325,6.324078916477448,-0.8506657459001981,0.04519218786853074,47.562216311898034,12.5621854142187,0.0,3.115298697637745,0.007808497510237853,-0.9502173042758572,-0.4492322860724982,-0.8184662554879765,0.08895993103954233,2.1537187803134556,5.595225758787773,-0.9502173042758572,-0.4492322860724982,6.324077184549734,0.0,0.049381540950108604,56,True
esophagus_gastroesophageal_junction,raw,ENSG00000295304.1,ENSG00000295304,1.4359585032557225,362.38460371731605,-0.9931115599369577,1.763063104104859e-05,213.58974373671128,43626.427414988495,,552.5454725963835,,-1.0,-0.4492322860724982,-0.9747744672638379,0.07096132455408886,3.4505765738091942,14.518473361286272,-1.0,-0.4492322860724982,0.0,0.0,0.0,403,True
esophagus_mucosa,excluded_at_or_below_-1,ENSG00000295304.1,ENSG00000295304,0.379426091084509,4.001584997708423,-0.8672031088851546,0.05377315487924203,79.30701814731535,8.171249237534466,0.0,1.7753779530518339,0.2068042758803866,-0.9347089482991467,-0.5565047373679756,-0.822261152134575,0.09729028254274646,1.4572603093212544,1.0112128970941177,-0.9347089482991467,-0.5565047373679756,4.0015810844249184,0.0,0.8275440785411474,54,True
esophagus_mucosa,raw,ENSG00000295304.1,ENSG00000295304,1.3846153915989274,576.7203628290799,-0.9941240982751578,0.0018601316342452484,135.23076923077406,332.7115264093113,0.0,4.467307451504758,4.64203338967444e-05,-1.0,-0.5565047373679756,-0.984368244650272,0.05793557561712949,4.553273433208244,23.223058910753302,-1.0,-0.5565047373679756,576.348516034985,0.0,0.026754290555237148,614,True
esophagus_muscularis,excluded_at_or_below_-1,ENSG00000295304.1,ENSG00000295304,0.7662224955937845,7.779354281834697,-0.8580371462110535,0.04873999748708911,132.93595488143865,12.541177155441801,0.0,2.9248338732295545,0.01388007900961808,-0.9588397402635016,-0.4258132167391397,-0.8203199533086432,0.08636548190615763,1.6381440997976844,4.334084999560274,-0.9588397402635016,-0.4258132167391397,7.7791523214392475,0.0,0.10797524884943066,81,True
esophagus_muscularis,raw,ENSG00000295304.1,ENSG00000295304,2.0769230594080983,510.9778367493687,-0.9920760569603889,0.002887075224832629,334.76923131924013,277.37988314981476,0.0,3.881487956289673,0.000539346456153246,-1.0,-0.4258132167391397,-0.9740568916541891,0.07114145865632601,3.2020377784214897,11.939969210156846,-1.0,-0.4258132167391397,506.99657963907754,0.0,0.2734468085101516,561,True
fallopian_tube,excluded_at_or_below_-1,ENSG00000295304.1,ENSG00000295304,0.08051336840655118,1.1067465410842778,-0.9471319970494129,0.15687451573978853,8.860805078641071,4.045171782774231,0.0,-0.36496003492658835,1.0,-0.9066480628921044,-0.4984130896715824,-0.796995631118213,0.11191128177422484,1.5716889140892292,1.7961883903548035,-0.9066480628921044,-0.4984130896715824,1.035130723647181,0.0,1.0351307236471814,14,True
fallopian_tube,raw,ENSG00000295304.1,ENSG00000295304,0.3589743589743589,19.221664463941096,-0.9947780418605008,0.002008435973012831,16.97435897442542,349.5088002328649,0.0,3.6769725907400397,0.0011704431907113176,-1.0,-0.4984130896715824,-0.9019978908846544,0.1283461557523276,1.392028830465023,1.7067384046222989,-1.0,-0.4984130896715824,19.036288722073387,0.0,0.02228089451116544,29,True
heart_atrial_appendage,excluded_at_or_below_-1,ENSG00000295304.1,ENSG00000295304,1.2003799222918614,5.301361156803372,-0.9162104053624902,0.015025151891594653,66.871535703609,17.521648421283857,0.0,4.639924847872497,2.1140172165620564e-05,-0.965506761627016,-0.73005363532053,-0.876161784975246,0.056510295530296066,0.9453270289140487,0.002914608618185266,-0.965506761627016,-0.73005363532053,5.300746958306824,0.0,0.00011205870330499579,72,True
heart_atrial_appendage,raw,ENSG00000295304.1,ENSG00000295304,1.8966165425680348,351.32453380677356,-0.9966527619695588,0.003373632795994881,1515.2160659604106,111.7573024163982,0.0,1.4031489807547797,0.37487820906087344,-1.0,-0.73005363532053,-0.9806586735753096,0.05018364851648987,2.797321118267188,7.534017419122273,-1.0,-0.73005363532053,350.18127344396464,0.0,131.27532863532946,461,True
heart_left_ventricle,excluded_at_or_below_-1,ENSG00000295304.1,ENSG00000295304,1.373383820112914,8.953535427651751,-0.9299607821201481,0.019262405676971732,77.88579623971721,16.230964163992525,0.0,1.8047889133472312,0.19619820208098618,-0.9545430497034536,-0.7088856739656328,-0.8908030852019384,0.05591650373528935,1.385080966949211,1.5339348575530796,-0.9545430497034536,-0.7088856739656328,8.953520965266517,0.0,1.7566647156797064,103,True
heart_left_ventricle,raw,ENSG00000295304.1,ENSG00000295304,2.641025644194231,427.07912017678905,-0.9970301592218892,0.0014618341173499015,450.97435897469666,278.75792070795836,0.0,2.8730955562228564,0.01614761882569069,-1.0,-0.7088856739656328,-0.9751166322473444,0.0530074903446726,2.40850138566486,5.925032442602198,-1.0,-0.7088856739656328,426.5002414034333,0.0,6.886963327247702,452,True
kidney_cortex,excluded_at_or_below_-1,ENSG00000295304.1,ENSG00000295304,0.365723395082613,3.7324220269237687,-0.8888164323318918,0.08382460158895215,49.10437884975974,9.21963191766512,0.0,1.3805800918392015,0.3855822832446999,-0.9706474790981716,-0.3423417040042769,-0.828011537645474,0.11446494284921782,1.8803391198516506,5.053711105058449,-0.9706474790981716,-0.3423417040042769,3.7324219084271837,0.0,1.4391557614838937,47,True
kidney_cortex,raw,ENSG00000295304.1,ENSG00000295304,1.205128199047426,103.4849201740388,-0.9936485578536888,0.002378327374630323,142.35897435897436,387.283515215629,0.0,3.7767280147198714,0.0008071663705072212,-1.0,-0.3423417040042769,-0.9222744448974738,0.11510537556503839,1.9918378923091717,5.295979315674174,-1.0,-0.3423417040042769,102.46993171337313,0.0,0.08271028286720616,104,True
kidney_medulla,excluded_at_or_below_-1,ENSG00000295304.1,ENSG00000295304,,,,,,,,,,-0.9229799180911132,-0.4540187850371502,,,,,,,,,,7,False
kidney_medulla,raw,ENSG00000295304.1,ENSG00000295304,0.1794871794871795,4.26058103782056,-0.9936879686431267,0.001552876968249184,7.743589743589764,491.47968207093595,0.0,5.748401536973787,6.689638627950765e-08,-1.0,-0.4540187850371502,-0.8798654612060954,0.16696593114670996,1.7279139998656412,1.947744728124019,-1.0,-0.4540187850371502,4.252326809662584,0.0,2.844652968458927e-07,11,True
liver,excluded_at_or_below_-1,ENSG00000295304.1,ENSG00000295304,0.26270989937549,0.8721660908765825,-0.9103657094780296,0.058906974160296804,20.925256703876073,4.125431702414318,0.0,1.1299979456986873,0.5280173311870274,-0.957434102512504,-0.7385269538898003,-0.8785539686910115,0.05554467084072486,0.744018511387383,-0.07998657821088306,-0.957434102512504,-0.7385269538898003,0.8719889049682947,0.0,0.4604252544260575,25,True
liver,raw,ENSG00000295304.1,ENSG00000295304,0.6578948712047519,234.17989018179918,-0.9967379827142182,0.002571357464810877,26.271990678699492,142.0127477082071,0.0,1.7940675885713628,0.2013127108700811,-1.0,-0.7385269538898003,-0.9884116382338752,0.03951766181511812,3.743331920709524,14.293149710152946,-1.0,-0.7385269538898003,232.67581427892108,0.0,46.84059892639312,262,True
lung,excluded_at_or_below_-1,ENSG00000295304.1,ENSG00000295304,0.7588108989141338,26.085068700365156,-0.8175510619419983,0.07965833272766099,167.48830152413996,25.38100586624577,0.0,2.211214041597816,0.08674922816509378,-0.9421019986209702,0.612083516631454,-0.7439639529022538,0.18287651138122824,3.999207271661069,23.74210433141195,-0.9421019986209702,0.612083516631454,26.08506840162395,0.0,2.262859550474554,124,True
lung,raw,ENSG00000295304.1,ENSG00000295304,3.1794872308834248,490.7814918810208,-0.9806719800415563,0.004844845621910003,1723.743589944323,464.9263569416388,0.0,5.641861494086744,1.2373618228908685e-07,-1.0,0.612083516631454,-0.9474363082117209,0.13241928985802706,4.633542250507188,36.57952392131468,-1.0,0.612083516631454,485.80754269799144,0.0,6.011197066069229e-05,604,True
minor_salivary_gland,excluded_at_or_below_-1,ENSG00000295304.1,ENSG00000295304,0.48718002031202545,2.634461599920457,-0.9179101557241373,6.053952845155863e-06,21.74358974754697,42295.63315537961,,535.0763029062172,,-0.9202007056046791,-0.7368513853295093,-0.832094177326873,0.0577687775276716,0.03961401849917949,-1.2046291177880109,-0.9202007056046791,-0.7368513853295093,0.0,0.0,0.0,22,True
minor_salivary_gland,raw,ENSG00000295304.1,ENSG00000295304,0.5641025642952324,213.45325892708033,-0.9972369793900574,0.0009640639913127525,23.58974360494677,381.9672157504544,0.0,4.0531554491280515,0.0002755773913380454,-1.0,-0.7368513853295093,-0.9795915574651448,0.05844877062633173,2.8014709397821234,6.612293883694582,-1.0,-0.7368513853295093,209.77287338024175,0.0,0.05780866121961303,181,True
muscle_skeletal,excluded_at_or_below_-1,ENSG00000295304.1,ENSG00000295304,0.6922808037479061,2.3199622062885688,-0.8959665359691789,0.025498218649538343,49.22267358490694,5.566856588125707,0.0,3.270089959385383,0.004763510240107306,-0.9549261379745164,-0.7955963159039263,-0.8826584661017398,0.0400807612744858,0.6013310213002331,-0.3785729331324226,-0.9549261379745164,-0.7955963159039263,2.3199323223740067,0.0,0.011051021373984504,54,True
muscle_skeletal,raw,ENSG00000295304.1,ENSG00000295304,2.3555111530620167,744.0216401052134,-0.9974964269426192,0.0024829085772922004,596.0852818659043,114.9981428583026,0.0,1.4259836244156385,0.36255691603148177,-1.0,-0.7955963159039263,-0.9922537373710195,0.030890237717909462,4.186462906860369,17.42091164441953,-1.0,-0.7955963159039263,742.4305116488242,0.0,269.1733166710728,818,True
nerve_tibial,excluded_at_or_below_-1,ENSG00000295304.1,ENSG00000295304,1.5482951033604713,19.285116820034286,-0.8362922083149527,0.03168312999658285,110.70549087320444,21.795082615463635,0.0,4.310771952158392,9.221664939566632e-05,-0.932867967294858,-0.3480092119100425,-0.7681615616367504,0.11433429242957852,1.5262090930438097,1.8631670384056678,-0.932867967294858,-0.3480092119100425,19.2849712722912,0.0,0.0017783954344223751,136,True
nerve_tibial,raw,ENSG00000295304.1,ENSG00000295304,3.5793670496372836,494.5495236088689,-0.9918798832728881,0.0073944671936578875,2346.575889580045,123.14215642698201,0.0,1.5529961662936067,0.30079972047660997,-1.0,-0.3480092119100425,-0.9529402572874598,0.10652018612178399,2.583557171161611,7.00945824384781,-1.0,-0.3480092119100425,492.285761930577,0.0,148.07941958333222,670,True
ovary,excluded_at_or_below_-1,ENSG00000295304.1,ENSG00000295304,0.17774584254314643,2.0963169025381547,-0.8363881831113813,0.0689983235987037,25.744699770651245,5.6416524606530425,0.0,1.077023767720573,0.5599038729240225,-0.8889352922792356,-0.5611365715666841,-0.8007564416711298,0.07566045577203034,1.6522008225273488,2.6418187042196184,-0.8889352922792356,-0.5611365715666841,2.0963165846294713,0.0,1.1737357746089003,34,True
ovary,raw,ENSG00000295304.1,ENSG00000295304,0.8947408508286555,148.50511054978514,-0.9945370269228769,0.005067945481871552,156.80358024255935,120.9406857464963,0.0,1.5244462759480353,0.31423452691853954,-1.0,-0.5611365715666841,-0.9649000985327378,0.08231240995690185,2.4324111714466397,5.742880239664812,-1.0,-0.5611365715666841,147.86013879973186,0.0,46.46276076584319,193,True
pancreas,excluded_at_or_below_-1,ENSG00000295304.1,ENSG00000295304,0.3835009101592899,4.490979120333555,-0.9095751479480337,0.05612925564371445,36.080519355219906,6.0558146710268845,0.0,0.7893074868218648,0.732345534354051,-0.940902270589242,-0.6692236346796646,-0.8744903074527766,0.05855683744458741,1.5758159302378962,2.23755828142213,-0.940902270589242,-0.6692236346796646,4.490977618993826,0.0,3.288947404154117,67,True
pancreas,raw,ENSG00000295304.1,ENSG00000295304,2.0331374280347476,274.78408730082134,-0.9958855004338666,0.0038133319596125627,548.5053435121156,121.14592848261451,0.0,1.52590468137355,0.3135084897652149,-1.0,-0.6692236346796646,-0.9767703055230277,0.05485804891064714,2.657415291386062,7.460739986574126,-1.0,-0.6692236346796646,273.61498187472864,0.0,85.78061974468281,362,True
pituitary,excluded_at_or_below_-1,ENSG00000295304.1,ENSG00000295304,0.7533987065442836,4.506808503589878,-0.8536171102049618,0.025832143476609674,63.12415025249629,11.032328292318127,0.0,4.098481504959429,0.00022514741133831484,-0.9284803169293304,-0.6520996768337233,-0.8225808117008746,0.06599138177286999,0.9484560161649921,-0.04484702592529777,-0.9284803169293304,-0.6520996768337233,4.506717852453126,0.0,0.0010146758581119908,60,True
pituitary,raw,ENSG00000295304.1,ENSG00000295304,1.5384615308218639,394.48094536476145,-0.9961405291646707,0.0007291528852334539,147.6923076923077,667.2773971415427,0.0,7.485557705993142,7.365055194905715e-13,-1.0,-0.6520996768337233,-0.9659899319554393,0.07560755347060108,2.179968549480655,3.8700705451729043,-1.0,-0.6520996768337233,364.17815957978206,0.0,2.682192246084014e-10,313,True
prostate,excluded_at_or_below_-1,ENSG00000295304.1,ENSG00000295304,0.4375246547233845,12.425982967247842,-0.8415979910531669,0.060363186885540085,55.13369706540071,18.604746969173362,0.0,1.6265404149516594,0.2663876694050538,-0.9110239714403556,-0.0474875058065841,-0.7962083745811787,0.11615712183162101,3.838106233267969,20.965961900177387,-0.9110239714403556,-0.0474875058065841,12.425806105373477,0.0,3.310081528889529,76,True
prostate,raw,ENSG00000295304.1,ENSG00000295304,1.9487179487179493,215.81198504577026,-0.9888013300521274,0.0029897598627190744,579.897435898472,445.2594314670603,0.0,5.297184940605337,8.072964857446331e-07,-1.0,-0.0474875058065841,-0.9450774342842893,0.10865800789383045,3.1032964882384646,16.562570609453456,-1.0,-0.0474875058065841,215.70209915889274,0.0,0.00017413554661871444,282,True
skin_not_sun_exposed_suprapubic,excluded_at_or_below_-1,ENSG00000295304.1,ENSG00000295304,0.713907758016859,13.892773964795918,-0.8496729021731164,0.06455913710281022,76.13417090398593,26.99322226517698,0.0,1.6635683428494916,0.2506567630786702,-0.9256151357815234,0.3825731909416694,-0.715994912263127,0.24383266090061056,2.5087602318642386,6.698957416701868,-0.9256151357815234,0.3825731909416694,13.891953451372293,0.0,3.48211208496054,75,True
skin_not_sun_exposed_suprapubic,raw,ENSG00000295304.1,ENSG00000295304,1.9230769160217607,593.3019266897502,-0.9839807180427396,0.0069582630866128516,508.7692307769639,277.741592656634,0.0,3.2557960975954354,0.004993028288300884,-1.0,0.3825731909416694,-0.9672805198459824,0.12248769137385075,5.998586747372844,45.98981559358047,-1.0,0.3825731909416694,593.0697343785954,0.0,2.9612139606874184,651,True
skin_sun_exposed_lower_leg,excluded_at_or_below_-1,ENSG00000295304.1,ENSG00000295304,0.46565549286947533,7.815399471357247,-0.8614017571502893,0.04957245238426908,54.229183480419564,15.648571603547003,0.0,1.8298213722583379,0.1874792277090082,-0.925542517259945,-0.3128721069346982,-0.7962276717487404,0.12934651806742484,2.1286767306476366,4.381805642689201,-0.925542517259945,-0.3128721069346982,7.815118888501365,0.0,1.4651724536703186,62,True
skin_sun_exposed_lower_leg,raw,ENSG00000295304.1,ENSG00000295304,1.5897435989074455,905.4781831263058,-0.9930918480746124,0.0032279526341875047,273.43589747283215,298.0142809797201,0.0,3.0265630419561833,0.010255101421985026,-1.0,-0.3128721069346982,-0.9832441852101088,0.06703061508233872,5.53133030647286,38.00903682218543,-1.0,-0.3128721069346982,905.4221122528478,0.0,9.285195590860866,754,True
small_intestine_terminal_ileum,excluded_at_or_below_-1,ENSG00000295304.1,ENSG00000295304,0.5789474595336105,16.78939957182326,-0.8145235223079778,0.0025389982973494265,25.26316303055428,88.39336959573298,0.0,65.84612855497767,0.0,-0.9327399025890432,-0.6558271126059361,-0.8202732012046251,0.07012097505631572,0.9298206447295269,0.701883962673111,-0.9327399025890432,-0.6558271126059361,16.745225333761393,0.0,0.0,29,True
small_intestine_terminal_ileum,raw,ENSG00000295304.1,ENSG00000295304,0.7435897435894628,217.1674887996376,-0.996461400209638,0.0016944133061345481,63.43589743591459,284.3046779639726,0.0,2.953432788341936,0.012797693033817805,-1.0,-0.6558271126059361,-0.9748208832605514,0.0676652625080122,2.7779063537571766,7.2889954229429765,-1.0,-0.6558271126059361,216.54029105963954,0.0,2.7712161744348283,207,True
spleen,excluded_at_or_below_-1,ENSG00000295304.1,ENSG00000295304,0.2458114236853955,27.444251466726243,-1.0991796435990158,0.5474002030032165,346.16087393857185,4.457947086714718,0.0,-0.5119995846564377,1.0,-0.9009997618361816,0.6263596986700295,-0.631123614042401,0.23983573255269336,1.7375323717315951,4.355554129482367,-0.9009997618361816,0.6263596986700295,24.07152954489201,0.0,24.07152954489201,222,True
spleen,raw,ENSG00000295304.1,ENSG00000295304,-0.8765648053179296,9903.864893601802,-5.78724230420811,2.003655449425402,1878.4932832619293,4.526827673258203,0.0,-3.3789157686361966,1.0,-1.0,0.6263596986700295,-0.7043662177523937,0.2603652544256181,1.3870734098751127,3.12328973986245,-1.0,0.6263596986700295,32.504781794223625,0.0,32.504781794223625,277,True
stomach,excluded_at_or_below_-1,ENSG00000295304.1,ENSG00000295304,0.7938238338388031,10.850498354884305,-0.8621169543401397,0.016176926655153138,30.958264818495,31.100872793170563,0.0,6.096956173901368,8.473053098586948e-09,-0.9318589052512743,-0.506359838532169,-0.8198260972484487,0.09008672346603039,1.3254712190427542,1.149121321802296,-0.9318589052512743,-0.506359838532169,10.849821740790759,0.0,9.193111571992318e-08,61,True
stomach,raw,ENSG00000295304.1,ENSG00000295304,2.2001806698882382,340.8623653301017,-0.9938483188179459,0.004831720561009431,268.4273583636823,142.68474586137168,0.0,1.8005575548513597,0.19894584704728,-1.0,-0.506359838532169,-0.9729960489733548,0.07311452605920139,3.115706431557934,10.285458386191332,-1.0,-0.506359838532169,338.72807186227374,0.0,67.3885431753322,407,True
testis,excluded_at_or_below_-1,ENSG00000295304.1,ENSG00000295304,0.7658353854362976,8.64363065137168,-0.8604304648824289,0.05896455797022368,122.39773125941916,10.552060718873472,0.0,2.0712567378945237,0.11706403335011194,-0.9467899379084538,-0.4204703255387871,-0.812854665612687,0.09508072935694739,1.75730055034331,3.927559290061404,-0.9467899379084538,-0.4204703255387871,8.643474749059125,0.0,1.0118400162847079,98,True
testis,raw,ENSG00000295304.1,ENSG00000295304,2.579446827358351,295.25175986171917,-0.9927694103493317,0.006297167888838727,775.8062487180812,128.52652839497932,0.0,1.6238407691263737,0.2689750179952084,-1.0,-0.4204703255387871,-0.9556998966909259,0.09201444368571877,2.426334507860363,6.71851865336367,-1.0,-0.4204703255387871,293.69322421284835,0.0,78.99614026772147,414,True
thyroid,excluded_at_or_below_-1,ENSG00000295304.1,ENSG00000295304,3.3110788833295683,31.97441446507686,-0.8357701513875598,0.04997531595042494,554.4976245460156,21.938006246460827,0.0,2.468231375516155,0.04755183320299558,-0.922992227396494,-0.0605274138977914,-0.730276448996255,0.15337541429468854,1.5007760523879672,2.325558776357406,-0.922992227396494,-0.0605274138977914,31.96967863854807,0.0,1.5202168261736086,263,True
thyroid,raw,ENSG00000295304.1,ENSG00000295304,6.743589779746604,438.4842451359791,-0.9889860542236171,0.0030597096428365183,3341.435897435965,429.1383675328118,0.0,5.09070248828012,2.3584780152715345e-06,-1.0,-0.0605274138977914,-0.8962905059737062,0.16206880212823152,1.796431159693346,3.327279154813244,-1.0,-0.0605274138977914,438.4264320208084,0.0,0.0010340191012350175,684,True
uterus,excluded_at_or_below_-1,ENSG00000295304.1,ENSG00000295304,0.5152964337115188,3.7011736219848204,-0.8152685107877418,0.03990283355141529,35.77933332668218,18.625734703921673,0.0,2.6342961805451233,0.03112551476883024,-0.8895966637726651,-0.2897328976118508,-0.7078556221222289,0.15478511949833348,0.9371078664625568,-0.14332265173079328,-0.8895966637726651,-0.2897328976118508,3.7010596355838143,0.0,0.1151973863476855,38,True
uterus,raw,ENSG00000295304.1,ENSG00000295304,0.974358974358954,116.43784850383705,-0.9915831598008807,0.0031896363794360985,88.97435897436053,311.1847375274533,0.0,3.731839039290779,0.0009472230465003772,-1.0,-0.2897328976118508,-0.9274412656251287,0.14788395733265905,2.182215341712094,4.179257387591473,-1.0,-0.2897328976118508,116.28246761310103,0.0,0.11014543322706327,153,True
vagina,excluded_at_or_below_-1,ENSG00000295304.1,ENSG00000295304,0.10115283114112417,0.7642446197775687,-0.9412154215085239,0.16077121137319286,19.53082702246041,2.685554664591755,0.0,-0.32818240448335007,1.0,-0.9039068536062204,-0.6359150848954042,-0.8126874816355538,0.0723512562682162,0.8911565120013608,0.21740778331391963,-0.9039068536062204,-0.6359150848954042,0.7034221969736594,0.0,0.7034221969736593,16,True
vagina,raw,ENSG00000295304.1,ENSG00000295304,0.4210528200891804,148.5653033266103,-0.9954494183855814,0.0032395269283769837,52.6267651582711,156.95450039531534,0.0,1.9865537092543235,0.1401757186883682,-1.0,-0.6359150848954042,-0.9823705865068756,0.05893838320032582,3.542131206825698,12.493804456139564,-1.0,-0.6359150848954042,147.33152280067256,0.0,20.652302094035974,170,True
whole_blood,excluded_at_or_below_-1,ENSG00000295304.1,ENSG00000295304,,,,,,,,,,-0.9540622361466784,-0.5798474868673066,,,,,,,,,,4,False
whole_blood,raw,ENSG00000295304.1,ENSG00000295304,0.077064684851881,791.3258946272994,-0.9947904019101489,0.004656805383254778,85.02579469563378,126.0129745113098,0.0,1.582089794792184,0.287261030122958,-1.0,-0.5798474868673066,-0.9987353739275029,0.020304041417619247,17.35097290808571,313.092880239423,-1.0,-0.5798474868673066,788.0565023689936,0.0,226.37792266561172,803,True
adipose_subcutaneous,excluded_at_or_below_-1,ENSG00000295305.1,ENSG00000295305,,,,,,,,,,-0.9414867709368628,-0.9414867709368628,,,,,,,,,,1,False
adipose_subcutaneous,raw,ENSG00000295305.1,ENSG00000295305,2.5585557696136516,678.0222375813763,-0.9992659076770641,0.0005598547451762701,1307.6190415046942,145.95221261271126,0.0,1.8543440563378468,0.18048061882101807,-1.0,-0.9414867709368628,-0.9999180486987912,0.002189802561798001,26.664609551323796,709.0014025245467,-1.0,-0.9414867709368628,673.1822049793583,0.0,121.49634093397587,714,True
adipose_visceral_omentum,excluded_at_or_below_-1,ENSG00000295305.1,ENSG00000295305,,,,,,,,,,-0.9474241244304036,-0.9021316985494372,,,,,,,,,,2,False
adipose_visceral_omentum,raw,ENSG00000295305.1,ENSG00000295305,2.150592746819156,540.736889884871,-0.9987857542660437,0.0011862712326855375,2037.3281216286814,115.22615797008368,0.0,1.4475633714285212,0.3519790362268466,-1.0,-0.9021316985494372,-0.9997437066831004,0.004582178953857285,19.052985120933048,378.0746711245037,-1.0,-0.9021316985494372,538.8281152449498,0.0,189.65620069584352,587,True
adrenal_gland,excluded_at_or_below_-1,ENSG00000295305.1,ENSG00000295305,,,,,,,,,,,,,,,,,,,,,0,False
adrenal_gland,raw,ENSG00000295305.1,ENSG00000295305,0.0,295.0,-0.9875,1.0001e-06,0.0,-17675.90193946968,0.0,,,-1.0,-1.0,-1.0,0.0,,,,-1.0,2.409232716967513e-187,0.0,,295,True
artery_aorta,excluded_at_or_below_-1,ENSG00000295305.1,ENSG00000295305,,,,,,,,,,-0.9018998487128368,-0.9018998487128368,,,,,,,,,,1,False
artery_aorta,raw,ENSG00000295305.1,ENSG00000295305,1.7152281047437496,436.33438026738617,-0.9988490384622886,0.0014373935803096557,1738.2803188520277,95.38574603569651,0.0,1.1324006442624541,0.5266834402782615,-1.0,-0.9018998487128368,-0.9997921606964255,0.0045154254643474,21.656456846452294,467.0021231422503,-1.0,-0.9018998487128368,436.3300099395852,0.0,229.80779073162876,472,True
artery_coronary,excluded_at_or_below_-1,ENSG00000295305.1,ENSG00000295305,,,,,,,,,,-0.9260002120387136,-0.924908288210865,,,,,,,,,,2,False
artery_coronary,raw,ENSG00000295305.1,ENSG00000295305,0.05128205128205116,282.0413504820961,-0.9991374827281444,0.00031408427371600804,3.8974358974359222,334.2285570951105,0.0,3.8836189065046285,0.0005319492600097087,-1.0,-0.924908288210865,-0.9994436884337672,0.00642787482777138,11.44679340345109,129.03637334345584,-1.0,-0.924908288210865,281.39749331015304,0.0,0.14968918833492287,268,True
artery_tibial,excluded_at_or_below_-1,ENSG00000295305.1,ENSG00000295305,,,,,,,,,,-0.9855518632998912,-0.7837835601052099,,,,,,,,,,6,False
artery_tibial,raw,ENSG00000295305.1,ENSG00000295305,0.1538461538461165,730.0262072147397,-0.9975428180835493,0.0009713810729110393,5.076923076923528,311.2076713723061,0.0,3.5773602022623194,0.001672181991218786,-1.0,-0.7837835601052099,-0.9991670085284942,0.010567756986766628,15.612391606447087,276.70290319575395,-1.0,-0.7837835601052099,726.2928798510188,0.0,1.2144938740373226,691,True
bladder,excluded_at_or_below_-1,ENSG00000295305.1,ENSG00000295305,,,,,,,,,,-0.9148418794205686,-0.9148418794205686,,,,,,,,,,1,False
bladder,raw,ENSG00000295305.1,ENSG00000295305,0.025641025641023833,89.17238414279187,-0.9990905678825572,0.00038739857438620576,0.9743589743589779,307.55311380240454,0.0,3.3199173140557003,0.004129049366618837,-1.0,-0.9148418794205686,-0.9988940503820852,0.00970466851145136,8.603090020146038,72.01315789473655,-1.0,-0.9148418794205686,87.30030764479362,0.0,0.3604672799863645,77,True
brain_amygdala,excluded_at_or_below_-1,ENSG00000295305.1,ENSG00000295305,0.1578946954536184,17.079258400104518,-0.895624111801023,0.0034045024495623364,5.052632662976627,128.78280995549693,0.0,22.72637822741902,0.0,-0.9503343849899568,-0.5855992303967663,-0.8605418243866199,0.09817315534665416,2.0087788377913967,3.294376030987044,-0.9503343849899568,-0.5855992303967663,17.0669701639492,0.0,0.0,12,True
brain_amygdala,raw,ENSG00000295305.1,ENSG00000295305,0.3076923076914292,211.39517869004783,-0.9958157229851583,0.002096149578113551,22.307692307730647,276.7616077521161,0.0,2.8230148100597847,0.01860261419494549,-1.0,-0.5855992303967663,-0.9907541541029803,0.04242167554402399,6.4064945337577965,49.71174074719203,-1.0,-0.5855992303967663,211.34167100929074,0.0,3.9315075691009387,181,True
brain_anterior_cingulate_cortex_ba24,excluded_at_or_below_-1,ENSG00000295305.1,ENSG00000295305,,,,,,,,,,-0.9462435928380546,-0.911851617187201,,,,,,,,,,5,False
brain_anterior_cingulate_cortex_ba24,raw,ENSG00000295305.1,ENSG00000295305,0.1282051282051282,258.1821794433981,-0.9990297028416808,0.00037227648419714315,6.3589743589743595,331.174372563914,0.0,3.6859900076325487,0.0011506330522427736,-1.0,-0.911851617187201,-0.9985098251222129,0.010326087049735755,7.086012356497265,50.28580487818023,-1.0,-0.911851617187201,251.60170395500708,0.0,0.28950123657123084,233,True
brain_caudate_basal_ganglia,excluded_at_or_below_-1,ENSG00000295305.1,ENSG00000295305,,,,,,,,,,,,,,,,,,,,,0,False
brain_caudate_basal_ganglia,raw,ENSG00000295305.1,ENSG00000295305,0.0,300.0,-0.9875,1.0001e-06,0.0,-17675.90193946968,0.0,,,-1.0,-1.0,-1.0,0.0,,,,-1.0,2.450067169797471e-187,0.0,,300,True
brain_cerebellar_hemisphere,excluded_at_or_below_-1,ENSG00000295305.1,ENSG00000295305,,,,,,,,,,,,,,,,,,,,,0,False
brain_cerebellar_hemisphere,raw,ENSG00000295305.1,ENSG00000295305,0.0,277.0,-0.9875,1.0001e-06,0.0,-17675.90193946968,0.0,,,-1.0,-1.0,-1.0,0.0,,,,-1.0,2.2622286867796648e-187,0.0,,277,True
brain_cerebellum,excluded_at_or_below_-1,ENSG00000295305.1,ENSG00000295305,,,,,,,,,,,,,,,,,,,,,0,False
brain_cerebellum,raw,ENSG00000295305.1,ENSG00000295305,0.0,266.0,-0.9875,1.0001e-06,0.0,-17675.90193946968,0.0,,,-1.0,-1.0,-1.0,0.0,,,,-1.0,2.1723928905537574e-187,0.0,,266,True
brain_cortex,excluded_at_or_below_-1,ENSG00000295305.1,ENSG00000295305,,,,,,,,,,-0.9551191187676789,-0.8982033761210936,,,,,,,,,,2,False
brain_cortex,raw,ENSG00000295305.1,ENSG00000295305,-0.08213586432531152,253.58652444888781,-0.9987555627251605,0.0013360806450610416,253.58684569420183,106.43239728635163,0.0,1.3172109618580716,0.42069868615098516,-1.0,-0.8982033761210936,-0.9994567499810696,0.006761239733636577,13.55816512578817,191.56867138660314,-1.0,-0.8982033761210936,253.15985736738875,0.0,106.5040193806305,270,True
brain_frontal_cortex_ba9,excluded_at_or_below_-1,ENSG00000295305.1,ENSG00000295305,,,,,,,,,,,,,,,,,,,,,0,False
brain_frontal_cortex_ba9,raw,ENSG00000295305.1,ENSG00000295305,0.0,269.0,-0.9875,1.0001e-06,0.0,-17675.90193946968,0.0,,,-1.0,-1.0,-1.0,0.0,,,,-1.0,2.196893562251732e-187,0.0,,269,True
brain_hippocampus,excluded_at_or_below_-1,ENSG00000295305.1,ENSG00000295305,,,,,,,,,,-0.9264621650612048,-0.8913350441116074,,,,,,,,,,6,False
brain_hippocampus,raw,ENSG00000295305.1,ENSG00000295305,0.15384615412997335,264.3883252460291,-0.9987751156913232,0.000542081132715121,7.076923099815096,280.2960612359491,0.0,3.1955511769844187,0.006103545118623858,-1.0,-0.8913350441116074,-0.9977889486285404,0.014403399175119408,6.456132210785081,40.32223931415829,-1.0,-0.8913350441116074,262.57343587364136,0.0,1.6026288128068578,255,True
brain_hypothalamus,excluded_at_or_below_-1,ENSG00000295305.1,ENSG00000295305,,,,,,,,,,-0.8929295086249438,-0.8929295086249438,,,,,,,,,,1,False
brain_hypothalamus,raw,ENSG00000295305.1,ENSG00000295305,0.026217800790697993,255.88208031893478,-0.9986615901762109,0.0007746477665911531,0.9828715778429034,193.026753779642,0.0,2.4434296546744876,0.05117460111432408,-1.0,-0.8929295086249438,-0.9995833833020425,0.006678873749769045,15.937499999999988,252.0039062499998,-1.0,-0.8929295086249438,252.6624524661571,0.0,12.929900221522018,257,True
brain_nucleus_accumbens_basal_ganglia,excluded_at_or_below_-1,ENSG00000295305.1,ENSG00000295305,,,,,,,,,,-0.9340169268950316,-0.9340169268950316,,,,,,,,,,1,False
brain_nucleus_accumbens_basal_ganglia,raw,ENSG00000295305.1,ENSG00000295305,0.02564102541368847,299.9767826177143,-0.9992575712005086,0.00035175501944981034,0.9743589748145558,262.296765911337,0.0,2.984898066214875,0.01169995561832611,-1.0,-0.9340169268950316,-0.9997684804452457,0.00390849993048242,16.792960463442995,280.0035211267599,-1.0,-0.9340169268950316,297.99213037868606,0.0,3.4864947000410735,285,True
brain_putamen_basal_ganglia,excluded_at_or_below_-1,ENSG00000295305.1,ENSG00000295305,,,,,,,,,,-0.9390672047967668,-0.9390672047967668,,,,,,,,,,1,False
brain_putamen_basal_ganglia,raw,ENSG00000295305.1,ENSG00000295305,0.02631578947408145,266.0350492022973,-0.999154039359154,0.0003757189868078809,0.9743827068024635,226.16801210966676,0.0,3.1842122797222543,0.006331145767961393,-1.0,-0.9390672047967668,-0.9997601071054991,0.0038232636073563253,15.843104259240699,249.0039525691703,-1.0,-0.9390672047967668,264.0921766178043,0.0,1.672006066345519,254,True
brain_spinal_cord_cervical_c-1,excluded_at_or_below_-1,ENSG00000295305.1,ENSG00000295305,,,,,,,,,,-0.9470249438217352,-0.8457045550669176,,,,,,,,,,3,False
brain_spinal_cord_cervical_c-1,raw,ENSG00000295305.1,ENSG00000295305,0.0769230769232188,222.5285889243922,-0.9982922653607897,0.0006913938534100864,2.7692307789870707,312.1109744969895,0.0,3.493090769890688,0.002284041433853051,-1.0,-0.8457045550669176,-0.9986102345356309,0.012561614696794409,10.291935570309342,113.32946246914183,-1.0,-0.8457045550669176,218.3333156530565,0.0,0.49868233934211764,204,True
brain_substantia_nigra,excluded_at_or_below_-1,ENSG00000295305.1,ENSG00000295305,,,,,,,,,,-0.96006150082357,-0.96006150082357,,,,,,,,,,1,False
brain_substantia_nigra,raw,ENSG00000295305.1,ENSG00000295305,0.025640259902270306,205.3913229045983,-0.9995830339994507,0.00023644569562577942,0.974358984233698,236.38361474580748,0.0,2.493929828008417,0.04483681700601971,-1.0,-0.96006150082357,-0.9997817568351015,0.0029523388121218746,13.416612631565958,178.00549450549508,-1.0,-0.96006150082357,204.34295354121227,0.0,9.162087614397505,183,True
breast_mammary_tissue,excluded_at_or_below_-1,ENSG00000295305.1,ENSG00000295305,,,,,,,,,,-0.9271574295494897,-0.8606208808811523,,,,,,,,,,5,False
breast_mammary_tissue,raw,ENSG00000295305.1,ENSG00000295305,0.12820512820512817,556.9807729119422,-0.9984275779002594,0.0005650064394716098,6.35897436585349,344.93075882908386,0.0,3.935779318388006,0.0004371556403850176,-1.0,-0.8606208808811523,-0.9988884656664002,0.011486532327676867,10.593483025607407,113.19861356856268,-1.0,-0.8606208808811523,551.4617988593081,0.0,0.2410746358282145,514,True
cells_cultured_fibroblasts,excluded_at_or_below_-1,ENSG00000295305.1,ENSG00000295305,,,,,,,,,,-0.9429157768840304,-0.9429157768840304,,,,,,,,,,1,False
cells_cultured_fibroblasts,raw,ENSG00000295305.1,ENSG00000295305,2.375828957289749,615.4866830322912,-0.9992947448388342,0.0007072776948869408,1467.8786542745245,112.73068794715334,0.0,1.410169472421739,0.37106505006044543,-1.0,-0.9429157768840304,-0.9999124475105584,0.0022355907142513655,25.47550855426278,647.0015360983144,-1.0,-0.9429157768840304,613.6975600311196,0.0,227.72171583492053,652,True
cells_ebv-transformed_lymphocytes,excluded_at_or_below_-1,ENSG00000295305.1,ENSG00000295305,,,,,,,,,,-0.9477357567886664,-0.8969052633338109,,,,,,,,,,3,False
cells_ebv-transformed_lymphocytes,raw,ENSG00000295305.1,ENSG00000295305,-0.36058007227036365,304.5696101235999,-0.9987583167066062,0.0014260684132391998,513.7993501960459,101.00635292926658,0.0,1.2313612288074627,0.46885788124953065,-1.0,-0.8969052633338109,-0.9993408036740153,0.007187627165129843,11.775346515993713,146.5955538700421,-1.0,-0.8969052633338109,304.3657214121994,0.0,142.70426726630868,327,True
cervix_ectocervix,excluded_at_or_below_-1,ENSG00000295305.1,ENSG00000295305,,,,,,,,,,,,,,,,,,,,,0,False
cervix_ectocervix,raw,ENSG00000295305.1,ENSG00000295305,0.0,24.0,-0.9875,1.0001e-06,0.0,-17675.90193946968,0.0,,,-1.0,-1.0,-1.0,0.0,,,,-1.0,1.9600537358379766e-188,0.0,,24,True
cervix_endocervix,excluded_at_or_below_-1,ENSG00000295305.1,ENSG00000295305,,,,,,,,,,,,,,,,,,,,,0,False
cervix_endocervix,raw,ENSG00000295305.1,ENSG00000295305,0.0,23.0,-0.9875,1.0001e-06,0.0,-17675.90193946968,0.0,,,-1.0,-1.0,-1.0,0.0,,,,-1.0,1.878384830178061e-188,0.0,,23,True
colon_sigmoid,excluded_at_or_below_-1,ENSG00000295305.1,ENSG00000295305,,,,,,,,,,-0.8460338691200856,-0.8460338691200856,,,,,,,,,,1,False
colon_sigmoid,raw,ENSG00000295305.1,ENSG00000295305,0.026315800063899875,402.1436682250748,-0.9980733636672451,0.001345114879959269,251.612267408896,159.84977819251694,0.0,2.0256078288460047,0.1296939608524591,-1.0,-0.8460338691200856,-0.9996325390671125,0.007521737703897375,20.39613670145644,414.00239234449856,-1.0,-0.8460338691200856,398.55424879631147,0.0,51.69007914097083,419,True
colon_transverse,excluded_at_or_below_-1,ENSG00000295305.1,ENSG00000295305,,,,,,,,,,,,,,,,,,,,,0,False
colon_transverse,raw,ENSG00000295305.1,ENSG00000295305,0.0,479.0,-0.9875,1.0001e-06,0.0,-17675.90193946968,0.0,,,-1.0,-1.0,-1.0,0.0,,,,-1.0,3.911940581109962e-187,0.0,,479,True
esophagus_gastroesophageal_junction,excluded_at_or_below_-1,ENSG00000295305.1,ENSG00000295305,,,,,,,,,,,,,,,,,,,,,0,False
esophagus_gastroesophageal_junction,raw,ENSG00000295305.1,ENSG00000295305,0.0,403.0,-0.9875,1.0001e-06,0.0,-17675.90193946968,0.0,,,-1.0,-1.0,-1.0,0.0,,,,-1.0,3.2912568980946026e-187,0.0,,403,True
esophagus_mucosa,excluded_at_or_below_-1,ENSG00000295305.1,ENSG00000295305,,,,,,,,,,-0.9482590053384636,-0.919746211367162,,,,,,,,,,6,False
esophagus_mucosa,raw,ENSG00000295305.1,ENSG00000295305,0.15384615384614267,671.0539560262478,-0.9991095483992283,0.00035838090876643395,5.076923076925465,313.1771387383882,0.0,3.513827605333962,0.002120730002014161,-1.0,-0.919746211367162,-0.9993649778440737,0.00648542939728106,10.36989436247918,108.0744442843922,-1.0,-0.919746211367162,659.4144432999776,0.0,1.3984399936676093,614,True
esophagus_muscularis,excluded_at_or_below_-1,ENSG00000295305.1,ENSG00000295305,,,,,,,,,,,,,,,,,,,,,0,False
esophagus_muscularis,raw,ENSG00000295305.1,ENSG00000295305,0.0,561.0,-0.9875,1.0001e-06,0.0,-17675.90193946968,0.0,,,-1.0,-1.0,-1.0,0.0,,,,-1.0,4.5816256075212706e-187,0.0,,561,True
fallopian_tube,excluded_at_or_below_-1,ENSG00000295305.1,ENSG00000295305,,,,,,,,,,,,,,,,,,,,,0,False
fallopian_tube,raw,ENSG00000295305.1,ENSG00000295305,0.0,29.0,-0.9875,1.0001e-06,0.0,-17675.90193946968,0.0,,,-1.0,-1.0,-1.0,0.0,,,,-1.0,2.368398264137555e-188,0.0,,29,True
heart_atrial_appendage,excluded_at_or_below_-1,ENSG00000295305.1,ENSG00000295305,,,,,,,,,,-0.9383565019041828,-0.9383565019041828,,,,,,,,,,1,False
heart_atrial_appendage,raw,ENSG00000295305.1,ENSG00000295305,1.6656075795562233,425.503688254102,-0.9992816545983779,0.0009140484722538836,1760.1131755516683,94.2632473498085,0.0,1.1114222497820168,0.5392236929698104,-1.0,-0.9383565019041828,-0.9998662830843909,0.002871023934545138,21.40098534911521,456.0021739130436,-1.0,-0.9383565019041828,425.5015908351771,0.0,229.44053917467335,461,True
heart_left_ventricle,excluded_at_or_below_-1,ENSG00000295305.1,ENSG00000295305,,,,,,,,,,-0.9684692927464812,-0.9273096919374538,,,,,,,,,,2,False
heart_left_ventricle,raw,ENSG00000295305.1,ENSG00000295305,0.051293551261182,493.92760083399236,-0.999179247462772,0.00028776298580564274,1.897435902593629,353.20352220100614,0.0,4.033595099976219,0.0002960488753406845,-1.0,-0.9273096919374538,-0.9997694225324866,0.0037238475704672387,17.671726650289532,326.66164122107557,-1.0,-0.9273096919374538,489.0331272323975,0.0,0.1447777073214887,452,True
kidney_cortex,excluded_at_or_below_-1,ENSG00000295305.1,ENSG00000295305,,,,,,,,,,,,,,,,,,,,,0,False
kidney_cortex,raw,ENSG00000295305.1,ENSG00000295305,0.0,104.0,-0.9875,1.0001e-06,0.0,-17675.90193946968,0.0,,,-1.0,-1.0,-1.0,0.0,,,,-1.0,8.493566188631232e-188,0.0,,104,True
kidney_medulla,excluded_at_or_below_-1,ENSG00000295305.1,ENSG00000295305,,,,,,,,,,,,,,,,,,,,,0,False
kidney_medulla,raw,ENSG00000295305.1,ENSG00000295305,0.0,11.0,-0.9875,1.0001e-06,0.0,-17675.90193946968,0.0,,,-1.0,-1.0,-1.0,0.0,,,,-1.0,8.983579622590726e-189,0.0,,11,True
liver,excluded_at_or_below_-1,ENSG00000295305.1,ENSG00000295305,,,,,,,,,,-0.9480196234088668,-0.9480196234088668,,,,,,,,,,1,False
liver,raw,ENSG00000295305.1,ENSG00000295305,0.025641025641022944,281.5297617835991,-0.9994133113298865,0.0002290417064017166,0.9743589766010361,317.32932669825624,0.0,3.6224977852291183,0.0014257909091009186,-1.0,-0.9480196234088668,-0.9998016016160644,0.003211358390470598,16.09359597534447,257.0038314176239,-1.0,-0.9480196234088668,279.22604781213903,0.0,0.3981179605547608,262,True
lung,excluded_at_or_below_-1,ENSG00000295305.1,ENSG00000295305,,,,,,,,,,-0.916346825758666,-0.916346825758666,,,,,,,,,,1,False
lung,raw,ENSG00000295305.1,ENSG00000295305,2.1684529626396456,567.4201244749382,-0.9990045777959143,0.0011667497758997168,1833.914362650271,100.18918913115458,0.0,1.2065479765955578,0.4830451089522916,-1.0,-0.916346825758666,-0.99986150136715,0.003403799386858523,24.51533516749849,599.0016583747899,-1.0,-0.916346825758666,567.2874921906306,0.0,274.02544847249624,604,True
minor_salivary_gland,excluded_at_or_below_-1,ENSG00000295305.1,ENSG00000295305,,,,,,,,,,-0.9184967491192462,-0.9184967491192462,,,,,,,,,,1,False
minor_salivary_gland,raw,ENSG00000295305.1,ENSG00000295305,0.02564101552288887,204.5084662591271,-0.9991385538955948,0.0004401437564264105,0.9743589749952044,259.1079217728795,0.0,2.767888323566421,0.02192505137590239,-1.0,-0.9184967491192462,-0.9995497057962389,0.006058088927977854,13.341872265748727,176.00555555555516,-1.0,-0.9184967491192462,202.37691731601416,0.0,4.437124309450358,181,True
muscle_skeletal,excluded_at_or_below_-1,ENSG00000295305.1,ENSG00000295305,,,,,,,,,,-0.9700397423068352,-0.8892786331709399,,,,,,,,,,2,False
muscle_skeletal,raw,ENSG00000295305.1,ENSG00000295305,2.8755437964075248,778.8250196182029,-0.9986549070294533,0.001451795842811474,1978.2315330970994,106.54487726937917,0.0,1.3102728810107498,0.42436370514871613,-1.0,-0.8892786331709399,-0.9998280175739337,0.004009267621678212,26.177657266138933,709.1275787688439,-1.0,-0.8892786331709399,777.8574520214139,0.0,330.0944704173469,818,True
nerve_tibial,excluded_at_or_below_-1,ENSG00000295305.1,ENSG00000295305,,,,,,,,,,-0.9024080798807816,-0.7662223543855854,,,,,,,,,,3,False
nerve_tibial,raw,ENSG00000295305.1,ENSG00000295305,0.07692307691947166,758.5398140366777,-0.9972483463648217,0.00047541278720731315,4.769230769230772,687.2345462917916,0.0,8.185362267350333,2.83039440870005e-15,-1.0,-0.7662223543855854,-0.9991575608647877,0.013282027728546046,16.641699134070816,282.7163285425343,-1.0,-0.7662223543855854,757.2391827975944,0.0,2.1432855490388647e-12,670,True
ovary,excluded_at_or_below_-1,ENSG00000295305.1,ENSG00000295305,,,,,,,,,,-0.8717475177280698,-0.8615275729177848,,,,,,,,,,2,False
ovary,raw,ENSG00000295305.1,ENSG00000295305,0.05128205128120137,258.81641596244896,-0.998659469136263,0.0007078855648643248,1.8974358979452173,273.96205981863966,0.0,2.678112144637351,0.027824832911900407,-1.0,-0.8615275729177848,-0.9986180056510148,0.013550580390685407,9.691998555478817,92.07843042063189,-1.0,-0.8615275729177848,257.7017861783259,0.0,7.170509141510201,193,True
pancreas,excluded_at_or_below_-1,ENSG00000295305.1,ENSG00000295305,,,,,,,,,,-0.9469943491685924,-0.9346151889088826,,,,,,,,,,2,False
pancreas,raw,ENSG00000295305.1,ENSG00000295305,-0.3244884940076676,336.7723516990869,-0.9992057259017804,0.0008945320461399625,683.6445040296682,102.1146350323428,0.0,1.2557104094716787,0.4550872100570015,-1.0,-0.9346151889088826,-0.9996729545250758,0.004417935453907483,13.560138131374538,183.77163042479,-1.0,-0.9346151889088826,336.38928632171655,0.0,153.0864618052158,362,True
pituitary,excluded_at_or_below_-1,ENSG00000295305.1,ENSG00000295305,,,,,,,,,,,,,,,,,,,,,0,False
pituitary,raw,ENSG00000295305.1,ENSG00000295305,0.0,313.0,-0.9875,1.0001e-06,0.0,-17675.90193946968,0.0,,,-1.0,-1.0,-1.0,0.0,,,,-1.0,2.5562367471553613e-187,0.0,,313,True
prostate,excluded_at_or_below_-1,ENSG00000295305.1,ENSG00000295305,,,,,,,,,,-0.9431806657547888,-0.9431806657547888,,,,,,,,,,1,False
prostate,raw,ENSG00000295305.1,ENSG00000295305,0.025641019588644762,296.9680386817444,-0.9993655794463498,0.0003222460431437274,0.9743589812954697,246.5739103208416,0.0,2.7842270535504974,0.02090984680195762,-1.0,-0.9431806657547888,-0.9997985129991304,0.0033835421156639613,16.703399615612938,277.0035587188594,-1.0,-0.9431806657547888,294.4765779639544,0.0,6.157460131991007,282,True
skin_not_sun_exposed_suprapubic,excluded_at_or_below_-1,ENSG00000295305.1,ENSG00000295305,,,,,,,,,,-0.9416488662886032,-0.7289724048781889,,,,,,,,,,7,False
skin_not_sun_exposed_suprapubic,raw,ENSG00000295305.1,ENSG00000295305,0.1794871799145356,717.4066492220608,-0.9970865913154999,0.0014421757843232086,5.743589749651412,262.91574359100264,0.0,2.8569208546855256,0.01721398425048628,-1.0,-0.7289724048781889,-0.9987485064876461,0.013954733316753388,14.334955707388641,238.7438436036519,-1.0,-0.7289724048781889,703.9290967673535,0.0,12.117424385212507,651,True
skin_sun_exposed_lower_leg,excluded_at_or_below_-1,ENSG00000295305.1,ENSG00000295305,0.2564102566773951,1.2404205036133897,-0.9416135597643672,0.0002530605267729429,9.43589743823166,207.24363793444226,0.0,1.5988823212897838,0.28145296988291774,-0.9418996650692792,-0.9045292143858472,-0.9241640302042137,0.012465107405437907,0.1629469069397416,-1.1019979242368265,-0.9418996650692792,-0.9045292143858472,1.2275594537355106,0.0,0.3455002539617103,11,True
skin_sun_exposed_lower_leg,raw,ENSG00000295305.1,ENSG00000295305,0.2820365765343266,1017.229466092215,-0.9990959226342125,0.0005158629570799135,13.897435908004056,259.2500964032203,0.0,2.4784847498427616,0.0468317244233764,-1.0,-0.9045292143858472,-0.9988936396979394,0.009211467643500112,8.400749118300384,70.22139315189234,-1.0,-0.9045292143858472,1006.8572316893157,0.0,47.1528604081597,754,True
small_intestine_terminal_ileum,excluded_at_or_below_-1,ENSG00000295305.1,ENSG00000295305,,,,,,,,,,,,,,,,,,,,,0,False
small_intestine_terminal_ileum,raw,ENSG00000295305.1,ENSG00000295305,0.0,207.0,-0.9875,1.0001e-06,0.0,-17675.90193946968,0.0,,,-1.0,-1.0,-1.0,0.0,,,,-1.0,1.6905463471602549e-187,0.0,,207,True
spleen,excluded_at_or_below_-1,ENSG00000295305.1,ENSG00000295305,,,,,,,,,,,,,,,,,,,,,0,False
spleen,raw,ENSG00000295305.1,ENSG00000295305,0.0,277.0,-0.9875,1.0001e-06,0.0,-17675.90193946968,0.0,,,-1.0,-1.0,-1.0,0.0,,,,-1.0,2.2622286867796648e-187,0.0,,277,True
stomach,excluded_at_or_below_-1,ENSG00000295305.1,ENSG00000295305,,,,,,,,,,-0.935006812669546,-0.935006812669546,,,,,,,,,,1,False
stomach,raw,ENSG00000295305.1,ENSG00000295305,0.026315789473814258,411.56896043232973,-0.9992379558647264,0.00043052978639520755,0.9743825041878733,210.9878496303819,0.0,2.5031790721247065,0.04359039928413376,-1.0,-0.935006812669546,-0.9998403115790406,0.0032215926896358585,20.099812512911296,402.0024630541865,-1.0,-0.935006812669546,411.5548106130068,0.0,17.939838521927015,407,True
testis,excluded_at_or_below_-1,ENSG00000295305.1,ENSG00000295305,0.8965415777023242,21.068783690738123,-0.7920661653085336,0.2069999322104343,338.10034464624493,4.727814169627552,0.0,1.2512453321525376,0.457116110979178,-0.9752122656044284,-0.1000510138103282,-0.7392412508627327,0.14634989444923793,0.9262901345611619,0.8668372317728492,-0.9752122656044284,-0.1000510138103282,21.068357478314873,0.0,9.630685635206376,352,True
testis,raw,ENSG00000295305.1,ENSG00000295305,-2.043102233296976,29.726571172319108,-1.0884779131859348,0.5264446480959701,2395.3473875204713,2.6552586897161197,0.0,-0.23768247098830392,1.0,-1.0,-0.1000510138103282,-0.7782920780282173,0.16395668933440444,0.6840786708514315,0.3562354698502288,-1.0,-0.1000510138103282,28.023321489219818,0.0,28.023321489219818,414,True
thyroid,excluded_at_or_below_-1,ENSG00000295305.1,ENSG00000295305,,,,,,,,,,-0.7518939071495132,-0.7518939071495132,,,,,,,,,,1,False
thyroid,raw,ENSG00000295305.1,ENSG00000295305,2.412365562837631,647.6497995363268,-0.9969270726840155,0.0030141243122970627,1436.7571973019114,114.96845850595162,0.0,1.4418036670624514,0.354841320706722,-1.0,-0.7518939071495132,-0.9996372717940781,0.009486573561508694,26.09600475415425,679.0014641288423,-1.0,-0.7518939071495132,645.5068251309178,0.0,229.05249435465885,684,True
uterus,excluded_at_or_below_-1,ENSG00000295305.1,ENSG00000295305,,,,,,,,,,-0.7722811006854879,-0.7722811006854879,,,,,,,,,,1,False
uterus,raw,ENSG00000295305.1,ENSG00000295305,0.025641025641038265,171.4807952380683,-0.997497329900147,0.0009893842473169053,0.97435897769377,321.921282540776,0.0,3.5772855763127756,0.0017073267340288313,-1.0,-0.7722811006854879,-0.9985116411809509,0.01840998185927699,12.247717295372572,148.00657894736838,-1.0,-0.7722811006854879,167.13663927392594,0.0,0.28535685246810677,153,True
vagina,excluded_at_or_below_-1,ENSG00000295305.1,ENSG00000295305,,,,,,,,,,-0.9225874430839556,-0.9225874430839556,,,,,,,,,,1,False
vagina,raw,ENSG00000295305.1,ENSG00000295305,0.02564102555287186,191.64248266868873,-0.9991750154611693,0.00040211799433529467,0.9743589749885274,269.3517452361867,0.0,2.9013979478623915,0.015087917022137971,-1.0,-0.9225874430839556,-0.9995446320181409,0.0059372720851760446,12.923076923076923,165.00591715976333,-1.0,-0.9225874430839556,188.75268129352145,0.0,2.8478847930624918,170,True
whole_blood,excluded_at_or_below_-1,ENSG00000295305.1,ENSG00000295305,,,,,,,,,,-0.786402620956228,-0.786402620956228,,,,,,,,,,1,False
whole_blood,raw,ENSG00000295305.1,ENSG00000295305,2.7086952445935912,767.8056645205336,-0.9973482220754654,0.0024851711567989085,1369.554063073379,120.0408789590301,0.0,1.509022947984394,0.3215338316441893,-1.0,-0.786402620956228,-0.9997340007732954,0.007537687818672704,28.284293289435283,798.0012468827931,-1.0,-0.786402620956228,764.7997551499446,0.0,245.9089957138995,803,True
adipose_subcutaneous,excluded_at_or_below_-1,ENSG00000295306.1,ENSG00000295306,1.3598731791584613,28.815756367321065,-0.8235653258088094,0.13253425068758806,740.0461611415706,9.64520953017815,0.0,1.398499600697845,0.37610124375325954,-0.9546269289477004,0.0803438515730579,-0.7555350728649971,0.16144051789582103,2.265659312421338,6.957283125619172,-0.9546269289477004,0.0803438515730579,28.81565090070465,0.0,10.837602143314752,295,True
adipose_subcutaneous,raw,ENSG00000295306.1,ENSG00000295306,5.7607098694600065,395.94328685041626,-0.9865024545429362,0.010346719923452954,4993.898564212239,145.8190157111522,0.0,1.8448756693277588,0.18365939857710448,-1.0,0.0803438515730579,-0.8989955833265744,0.1589256428824318,2.284968740397932,7.352440092579728,-1.0,0.0803438515730579,393.1378052082769,0.0,72.20345286247498,714,True
adipose_visceral_omentum,excluded_at_or_below_-1,ENSG00000295306.1,ENSG00000295306,4.531518968253563,36.540184352552195,-0.8335299009133411,0.10482410984484812,814.7683769844161,21.126364939307695,0.0,1.597934203458495,0.2789601380437569,-0.951971722519902,0.7323951177268766,-0.5685234077411199,0.3665458898440998,1.441966426859781,1.4879457794779132,-0.951971722519902,0.7323951177268766,36.539801503758994,0.0,10.193148071580087,334,True
adipose_visceral_omentum,raw,ENSG00000295306.1,ENSG00000295306,8.377755923865255,95847133570.00584,-1.48396998387237,0.11366978534181027,4337.678783570478,27.574729524004567,0.0,-6.021273928825156,1.0,-1.0,0.7323951177268766,-0.7544920241661568,0.3494047600244552,1.8809383700998676,3.315307290609467,-1.0,0.7323951177268766,1284.533039169235,0.0,1284.5330391692075,587,True
adrenal_gland,excluded_at_or_below_-1,ENSG00000295306.1,ENSG00000295306,0.6115679172336019,10.046237318203636,-0.8597959230680621,0.08058795742371384,143.18234469064083,8.478284773225088,0.0,1.786707375111532,0.20267498863298578,-0.961610176378226,-0.3766668748751756,-0.8252548728401994,0.09983757345929199,1.7222360537474057,3.802622812803354,-0.961610176378226,-0.3766668748751756,10.046136876970856,0.0,2.0361006773454875,119,True
adrenal_gland,raw,ENSG00000295306.1,ENSG00000295306,3.051282051282051,197.7798950207115,-0.9932063795855574,0.00272482481009393,667.8974358974363,319.99067465557755,0.0,3.5259625103708703,0.0020626371801915322,-1.0,-0.3766668748751756,-0.9295095927728262,0.10665145019226034,1.8043746153901383,3.8102449638039104,-1.0,-0.3766668748751756,191.4676546518446,0.0,0.39492830328896655,295,True
artery_aorta,excluded_at_or_below_-1,ENSG00000295306.1,ENSG00000295306,0.5309763578072876,13.44366865834485,-0.9151570690012989,0.2517550396298546,89.8138976523172,5.359178808910211,0.0,0.052545966502903954,0.9986217910078784,-0.9245111808775344,0.0388715935131989,-0.7372927933328229,0.17070457595099311,1.808881638598912,4.098917952830141,-0.9245111808775344,0.0388715935131989,13.44364230326648,0.0,13.425114154557251,151,True
artery_aorta,raw,ENSG00000295306.1,ENSG00000295306,3.967747875349844,304.9788891019805,-0.9870232151182669,0.01005082686651965,1187.1869348838104,144.34975064267098,0.0,1.8259139690165684,0.19012830795420219,-1.0,0.0388715935131989,-0.9159559571891023,0.15597347918826066,2.4413942144082426,7.305382092140446,-1.0,0.0388715935131989,302.87427237595745,0.0,57.584972929700946,472,True
artery_coronary,excluded_at_or_below_-1,ENSG00000295306.1,ENSG00000295306,0.04322788181386046,472.6634317482027,-2.4094213495861814,0.8043418516976526,44.64202810800103,5.179277320416033,0.0,-2.615343914201123,1.0,-0.921929910708478,0.5363215149982601,-0.7295383149773119,0.21579724462771313,2.9868364727537275,13.009120331708566,-0.921929910708478,0.5363215149982601,15.461080555959297,0.0,15.461080555959297,84,True
artery_coronary,raw,ENSG00000295306.1,ENSG00000295306,2.1538461367889856,206.11111108623086,-0.9829555215500629,0.006101895899990043,575.0769230770375,352.1171493751883,0.0,3.9503349422130594,0.00041785693289193344,-1.0,0.5363215149982601,-0.915228427082441,0.1740015337106651,3.6007471955660857,19.948429392372404,-1.0,0.5363215149982601,201.58553237002369,0.0,0.0842339122715261,268,True
artery_tibial,excluded_at_or_below_-1,ENSG00000295306.1,ENSG00000295306,0.2947959391299221,13.8682224873654,-0.8827586169603204,0.22496641624478342,128.8362408859895,6.854940701127292,0.0,0.2501881230114363,0.9691882140309573,-0.922557362297231,0.2076929839388848,-0.7520815585505328,0.15378597716692047,2.4455058311868583,10.660063484620512,-0.922557362297231,0.2076929839388848,13.868214195752032,0.0,13.440909748179681,129,True
artery_tibial,raw,ENSG00000295306.1,ENSG00000295306,3.3076922907030655,726.0397546519124,-0.9868749251539352,0.0038508063599236,1026.3076930862483,438.7065929350583,0.0,4.820200529334103,9.623407907899231e-06,-1.0,0.2076929839388848,-0.9537171071678997,0.11718818805811201,3.575053009875231,18.850591302918346,-1.0,0.2076929839388848,679.7671438029157,0.0,0.006541676507203054,691,True
bladder,excluded_at_or_below_-1,ENSG00000295306.1,ENSG00000295306,0.28205128204880886,381.45946129537015,-0.9346150393056832,0.005543955291833827,11.89743589750513,182.48671890772516,0.0,-0.7718627419444319,1.0,-0.9315892073898928,-0.2192363738089296,-0.7797284337211371,0.18227818084947334,2.0440877275348335,4.037959794075448,-0.9315892073898928,-0.2192363738089296,283.19013793246995,0.0,283.1901379324691,15,True
bladder,raw,ENSG00000295306.1,ENSG00000295306,0.38461538462820327,62.30580798877074,-0.9903700062137689,0.0012272700001306608,17.230769230769965,888.5963489964295,0.0,11.09687991770966,0.0,-1.0,-0.2192363738089296,-0.9570899546210008,0.11760606596232948,4.019982913952977,19.51932026617269,-1.0,-0.2192363738089296,52.570106883115635,0.0,0.0,77,True
brain_amygdala,excluded_at_or_below_-1,ENSG00000295306.1,ENSG00000295306,0.08447712073824182,0.9559336176724342,-0.978950749046872,0.11647260573605367,14.004697028123312,3.4803671806903482,0.0,-0.4115040999961377,1.0,-0.9450598600942915,-0.6923126872727873,-0.8716248505152927,0.06973466731505171,1.342523318489057,1.222380651985917,-0.9450598600942915,-0.6923126872727873,0.8760890865751346,0.0,0.8760890865751346,14,True
brain_amygdala,raw,ENSG00000295306.1,ENSG00000295306,0.358974358974359,180.34209969284623,-0.99615758849321,1.3091373975096125e-05,18.974358974358978,32823.26064332603,,415.08175348576754,,-1.0,-0.6923126872727873,-0.9900704304265973,0.039164508884452456,4.754378939598644,25.46017382642848,-1.0,-0.6923126872727873,0.0,0.0,0.0,181,True
brain_anterior_cingulate_cortex_ba24,excluded_at_or_below_-1,ENSG00000295306.1,ENSG00000295306,0.12388083893114851,7.103989725915331,-1.1357129046737273,0.1598473833452743,14.069592334153946,4.416025492851172,0.0,-1.6821881035669466,1.0,-0.9455765816996254,-0.6365732141776335,-0.8661474700564942,0.08469822789978974,1.4374337530802448,1.2963079240604873,-0.9455765816996254,-0.6365732141776335,1.7255370518559638,0.0,1.7255370518559692,17,True
brain_anterior_cingulate_cortex_ba24,raw,ENSG00000295306.1,ENSG00000295306,0.4358974358974358,245.64016228028203,-0.9954631444000938,1.6544648659176153e-05,21.5897435897436,30677.41220592415,,387.80410827020995,,-1.0,-0.6365732141776335,-0.990233935583521,0.04137395283459827,5.401628639537808,33.4819922071695,-1.0,-0.6365732141776335,0.0,0.0,0.0,233,True
brain_caudate_basal_ganglia,excluded_at_or_below_-1,ENSG00000295306.1,ENSG00000295306,0.18906658109363267,1.4472645034438893,-0.9115726806115406,0.05085146253964501,12.486847676386741,6.7172024077755195,0.0,1.3964995614185904,0.3771528866662047,-0.961787193485356,-0.6700394527466991,-0.8816192739415246,0.069610862559111,1.4795290460517632,2.0256323006157375,-0.961787193485356,-0.6700394527466991,1.4472632383530686,0.0,0.5458395081107392,24,True
brain_caudate_basal_ganglia,raw,ENSG00000295306.1,ENSG00000295306,0.6153845927993408,321.1498879276945,-0.9964898431346119,0.0015668341908909337,27.230769238489437,294.6518350266932,0.0,3.1682429921102178,0.006726123337250604,-1.0,-0.6700394527466991,-0.9905295419153219,0.03751831207892401,4.974554553670733,28.850925854650168,-1.0,-0.6700394527466991,315.69686166952556,0.0,2.1234160287722093,300,True
brain_cerebellar_hemisphere,excluded_at_or_below_-1,ENSG00000295306.1,ENSG00000295306,,,,,,,,,,-0.9420437901712222,-0.7840505934876089,,,,,,,,,,8,False
brain_cerebellar_hemisphere,raw,ENSG00000295306.1,ENSG00000295306,0.20512820512820507,359.3030868994168,-0.9978075900374034,0.0009410434256617197,6.3589743589743595,321.2370814453004,0.0,3.2947851489487543,0.004396992696596947,-1.0,-0.7840505934876089,-0.9966468636623841,0.02145825805517988,7.308091741520063,57.49287817388678,-1.0,-0.7840505934876089,358.9546819594199,0.0,1.5783211149848493,277,True
brain_cerebellum,excluded_at_or_below_-1,ENSG00000295306.1,ENSG00000295306,,,,,,,,,,-0.9043536841643393,-0.4520635962947814,,,,,,,,,,7,False
brain_cerebellum,raw,ENSG00000295306.1,ENSG00000295306,0.179487179492867,295.45594842945724,-0.994035960038439,0.002432789887142664,5.743589747524904,315.0558423842781,0.0,3.466976841999808,0.0025354899492941456,-1.0,-0.4520635962947814,-0.9940573864620291,0.04330553463212856,9.364651076471135,100.35905398193039,-1.0,-0.4520635962947814,285.9805856845281,0.0,0.7251009006963729,266,True
brain_cortex,excluded_at_or_below_-1,ENSG00000295306.1,ENSG00000295306,0.3757195059230089,2.6066231616390474,-0.9352330303049058,0.004331766905975471,10.677014978497585,61.814263355385954,0.0,4.0881870088342644,0.00023486849010717338,-0.9477552360463006,-0.7458945969562714,-0.8791819406419481,0.06082201625420081,0.637769996800876,-0.5657632544541698,-0.9477552360463006,-0.7458945969562714,2.606227786257191,0.0,0.0006121207850335875,19,True
brain_cortex,raw,ENSG00000295306.1,ENSG00000295306,0.4871794871801809,253.9769591355536,-0.9969639445982277,0.0011968786485627978,17.74358974368706,296.65971312779294,0.0,3.5873567720994735,0.0016100770414400648,-1.0,-0.7458945969562714,-0.9914979884155447,0.0347275133583562,4.598995754156243,22.04504791763596,-1.0,-0.7458945969562714,253.19311424612957,0.0,0.4076604202984002,270,True
brain_frontal_cortex_ba9,excluded_at_or_below_-1,ENSG00000295306.1,ENSG00000295306,0.11275194387941384,1456513.2075452965,-2.3779476473128556,0.3903640633201599,9.603501796197527,6.096449846424998,0.0,-5.241736021449083,1.0,-0.9310760950764676,-0.6951502274630638,-0.8657984516300474,0.0635008691730937,1.2626340368452114,1.0010814915074313,-0.9310760950764676,-0.6951502274630638,1.5616805514635286,0.0,1.5616805514635146,18,True
brain_frontal_cortex_ba9,raw,ENSG00000295306.1,ENSG00000295306,0.4615384502454975,284.3501396981244,-0.9964567764920846,0.0007515410293614849,23.692307692495763,566.9840919140545,0.0,6.667466636746262,2.2232150813119204e-10,-1.0,-0.6951502274630638,-0.9910199707410441,0.03720850479174268,4.808013582830789,25.52129491779094,-1.0,-0.6951502274630638,284.16277788201546,0.0,6.31754973334786e-08,269,True
brain_hippocampus,excluded_at_or_below_-1,ENSG00000295306.1,ENSG00000295306,0.2064106491771813,0.6639646869125243,-0.9165909328064079,0.08536804271973761,15.224663499329308,4.311604560973583,0.0,0.5634767048735602,0.8531951375788434,-0.9506048220046596,-0.6563238471661247,-0.8469731861449702,0.08980066189659192,0.8465834104296278,-0.4412880096259095,-0.9506048220046596,-0.6563238471661247,0.6639024716086162,0.0,0.5664383606030474,18,True
brain_hippocampus,raw,ENSG00000295306.1,ENSG00000295306,0.46153846142670246,245.81244767646504,-0.996029898159039,0.0016615908578784264,17.692307692529717,289.13068596669916,0.0,3.3790339185294,0.003318760918282591,-1.0,-0.6563238471661247,-0.9891981072572921,0.04562974830970356,4.987066244192113,26.57776258719987,-1.0,-0.6563238471661247,245.62291871135184,0.0,0.8151637432537362,255,True
brain_hypothalamus,excluded_at_or_below_-1,ENSG00000295306.1,ENSG00000295306,0.116130950181784,1.6843713584146862,-0.9277030662850352,0.08630593565611451,21.464481611986844,6.328044544526012,0.0,0.38516305157772174,0.9285167760454142,-0.9512086091754588,-0.541518249635112,-0.860337407462099,0.09445907649969232,2.0504794187629183,4.294240968433925,-0.9512086091754588,-0.541518249635112,1.6843571089132372,0.0,1.5639538324772935,21,True
brain_hypothalamus,raw,ENSG00000295306.1,ENSG00000295306,0.5384615384615387,294.3936577808393,-0.9950605726454056,0.0016749047690862544,27.692307692319993,382.95055107000246,0.0,4.170628255500872,0.0001743999913592037,-1.0,-0.541518249635112,-0.9885878815435957,0.04654458591873329,5.680100180549188,40.16601086283509,-1.0,-0.541518249635112,282.0281579959511,0.0,0.04918570831754587,257,True
brain_nucleus_accumbens_basal_ganglia,excluded_at_or_below_-1,ENSG00000295306.1,ENSG00000295306,,,,,,,,,,-0.9555527204946208,-0.7723858277687653,,,,,,,,,,16,False
brain_nucleus_accumbens_basal_ganglia,raw,ENSG00000295306.1,ENSG00000295306,0.4102564102564103,273.8185825056069,-0.9972617206729983,0.0007698497861045713,17.435897437534873,413.0968707611331,0.0,5.030217364099912,3.235955597893465e-06,-1.0,-0.7723858277687653,-0.9930229243382135,0.030953935299074063,4.775479454615461,23.235302871957394,-1.0,-0.7723858277687653,270.9972557823391,0.0,0.0008769350868626513,285,True
brain_putamen_basal_ganglia,excluded_at_or_below_-1,ENSG00000295306.1,ENSG00000295306,0.13310723010031478,1.6238919534659855,-0.9466531099803096,0.10691730028703808,22.165560961127447,4.180880899070885,0.0,0.21525868107509133,0.9770973752316774,-0.962927085606224,-0.630570369407373,-0.8758307356342775,0.07727150104869056,1.4812079167410597,2.133204329272721,-0.962927085606224,-0.630570369407373,1.62362724239571,0.0,1.5864419168994948,27,True
brain_putamen_basal_ganglia,raw,ENSG00000295306.1,ENSG00000295306,0.6923076923076913,245.5146223908713,-0.9958396235373222,0.001602915230440968,40.307692307692356,322.2682792566447,0.0,3.6706001080782733,0.0011980264929542029,-1.0,-0.630570369407373,-0.9868009049689981,0.04565198663746767,4.391154795174461,22.483043074530304,-1.0,-0.630570369407373,243.17554638595058,0.0,0.2913307470089822,254,True
brain_spinal_cord_cervical_c-1,excluded_at_or_below_-1,ENSG00000295306.1,ENSG00000295306,0.07088486389352268,0.7373941168677628,-0.9023118694193081,0.08892940279776411,15.222235122990668,5.218461281171784,0.0,0.5776243501283117,0.8463512555650401,-0.9386343810010528,-0.5741615407807326,-0.8367987204955828,0.10541390886385207,1.5442265723030737,1.419530905732806,-0.9386343810010528,-0.5741615407807326,0.7373900042225088,0.0,0.6240909559148305,12,True
brain_spinal_cord_cervical_c-1,raw,ENSG00000295306.1,ENSG00000295306,0.30769230780501017,230.41352875971327,-0.9956070491256693,0.0021682352354565016,14.307692310515636,274.8843593887763,0.0,2.865266002380661,0.016549173863772876,-1.0,-0.5741615407807326,-0.9903999247350342,0.045650631448543144,6.1610889200582974,43.953005126537214,-1.0,-0.5741615407807326,229.61870054045073,0.0,3.7999997976174953,204,True
brain_substantia_nigra,excluded_at_or_below_-1,ENSG00000295306.1,ENSG00000295306,0.2368421119383985,7.2739158515445075,-0.9225494867826485,0.0016647166680080895,6.868421816196177,129.22318225727477,0.0,23.062857737473983,0.0,-0.9496975248929924,-0.7704366863398678,-0.8721053032190983,0.059742160645150956,0.31067846184111936,-1.322799127578306,-0.9496975248929924,-0.7704366863398678,7.254867758165177,0.0,0.0,12,True
brain_substantia_nigra,raw,ENSG00000295306.1,ENSG00000295306,0.31724517788012135,168.3185246312361,-0.997139747993028,0.002455804983420928,20.851406305508128,130.55049020008062,0.0,1.6471206823719735,0.25890949480983144,-1.0,-0.7704366863398678,-0.9916134625061704,0.0349783214560314,4.52589877988407,20.480112287299733,-1.0,-0.7704366863398678,167.4410940905602,0.0,43.352089081392386,183,True
breast_mammary_tissue,excluded_at_or_below_-1,ENSG00000295306.1,ENSG00000295306,1.0975461640122706,12.428479236698411,-0.8510244173290684,0.1677887731017031,247.51233674984366,5.381157602785951,0.0,0.9063973517245456,0.6631383865993521,-0.958563549773318,-0.2125792375761142,-0.7653196661524333,0.14979989999537208,1.383726552658803,1.7617530079544128,-0.958563549773318,-0.2125792375761142,12.428388831417926,0.0,8.241741717695891,206,True
breast_mammary_tissue,raw,ENSG00000295306.1,ENSG00000295306,5.282051274196593,390.8029860101116,-0.99240914303623,0.004455962636035088,1347.8974381879616,247.49893989845833,0.0,2.4091523527114087,0.05515653405869023,-1.0,-0.2125792375761142,-0.9059452358509753,0.14906221159386618,1.8902159992986152,3.6252239589388067,-1.0,-0.2125792375761142,389.0765434164646,0.0,21.46011361838769,514,True
cells_cultured_fibroblasts,excluded_at_or_below_-1,ENSG00000295306.1,ENSG00000295306,0.19424993508450514,31.712222011852624,-0.8404065619988395,0.39488756114133383,364.4528912654215,4.058885610968081,0.0,0.35557331230075423,0.938725858595437,-0.9396924703207592,0.2929466192401264,-0.6712876474330742,0.19446291911860064,1.0864496221742377,1.622520400244217,-0.9396924703207592,0.2929466192401264,31.703777903400002,0.0,29.76115613308821,468,True
cells_cultured_fibroblasts,raw,ENSG00000295306.1,ENSG00000295306,11.999999964593847,1189.914366530006,-0.9880411940847041,0.0030221635801416413,6594.0,599.4349050932991,0.0,5.59609202702613,1.7643256650474038e-07,-1.0,0.2929466192401264,-0.7640530966237404,0.22146969264475877,0.9338029843446426,0.824223047957279,-1.0,0.2929466192401264,1068.3180001853916,0.0,0.00018848608661592436,652,True
cells_ebv-transformed_lymphocytes,excluded_at_or_below_-1,ENSG00000295306.1,ENSG00000295306,0.30255708383545016,7.297025339410731,-0.9105838513171106,0.0883364652769136,72.72513075100058,7.22198527989982,0.0,0.6928412710938675,0.7866294233360113,-0.9538610129246512,-0.4594747197954706,-0.8635916747472323,0.08228642891225023,2.367742750128578,7.679614427983719,-0.9538610129246512,-0.4594747197954706,7.296904943110771,0.0,5.739960127536916,82,True
cells_ebv-transformed_lymphocytes,raw,ENSG00000295306.1,ENSG00000295306,2.1428124083658013,239.75953740872208,-0.993257649717732,0.005280012820630142,410.82282819843954,142.9699291467285,0.0,1.8058901626522135,0.1970851409139624,-1.0,-0.4594747197954706,-0.9657936309763703,0.07203513494618279,2.8938338475166194,11.426418204415022,-1.0,-0.4594747197954706,238.20611065631957,0.0,46.94688488526766,327,True
cervix_ectocervix,excluded_at_or_below_-1,ENSG00000295306.1,ENSG00000295306,0.21052635958684765,4.3753827233128515,-0.909368874934273,0.001966748447621389,10.315790118941987,144.36749598376343,0.0,3.7017303706657767,0.001057989604196656,-0.9145168756703166,-0.7085968301968412,-0.8179737581547499,0.07101600125926237,0.261645380149308,-1.0613155261511842,-0.9145168756703166,-0.7085968301968412,4.3752991671673405,0.0,0.004629021034113334,10,True
cervix_ectocervix,raw,ENSG00000295306.1,ENSG00000295306,,,,,,,,,,,,,,,,,,,,,24,False
cervix_endocervix,excluded_at_or_below_-1,ENSG00000295306.1,ENSG00000295306,,,,,,,,,,-0.9399609196347664,-0.5494976480894705,,,,,,,,,,9,False
cervix_endocervix,raw,ENSG00000295306.1,ENSG00000295306,0.23076923077139533,22.141888540687567,-0.9959561545534784,0.0023032061066234066,6.923076923100378,274.1342483690598,0.0,2.4830001354049953,0.04653710020445795,-1.0,-0.5494976480894705,-0.9330603793369242,0.11323844900411133,2.010482216192757,3.809658622231698,-1.0,-0.5494976480894705,21.809198231263217,0.0,1.0149368434671833,23,True
colon_sigmoid,excluded_at_or_below_-1,ENSG00000295306.1,ENSG00000295306,0.6188625071410832,7.648160127831017,-0.866835594296604,0.08254278643953121,53.88373920437882,11.329285381838476,0.0,1.6777309133699627,0.24478519596003756,-0.9647589830759584,-0.205584133649894,-0.7849480587471623,0.16226177019477633,1.9439939800782815,3.487756659346762,-0.9647589830759584,-0.205584133649894,7.648035428299913,0.0,1.872125851025704,81,True
colon_sigmoid,raw,ENSG00000295306.1,ENSG00000295306,2.0648674018780486,333.1511331341286,-0.9900773651404887,0.007534810801382754,351.3070916199897,147.2420471872095,0.0,1.8623858199892194,0.17780837246656606,-1.0,-0.205584133649894,-0.9584267130274944,0.11076259361386699,3.798646912869156,17.206477152651253,-1.0,-0.205584133649894,330.763836820438,0.0,58.81257949583905,419,True
colon_transverse,excluded_at_or_below_-1,ENSG00000295306.1,ENSG00000295306,0.3751333628533716,21.0233761994388,-0.9109572333091315,0.1569136788566428,40.84352914115712,12.051718665308348,0.0,0.36203135345448756,0.9366120664530775,-0.951126323072822,0.4262379136144427,-0.795959608437801,0.20144926546807812,3.7229728456167646,17.305019272486426,-0.951126323072822,0.4262379136144427,21.022382839421336,0.0,19.689817432998133,124,True
colon_transverse,raw,ENSG00000295306.1,ENSG00000295306,2.736122097688238,148891717522.8599,-1.4636854699767508,0.10804250829901921,1190.3624160057093,24.737997321605853,0.0,-6.069372977732103,1.0,-1.0,0.4262379136144427,-0.9471795228523744,0.1358190600026612,5.324089720698484,40.66594961774449,-1.0,0.4262379136144427,1491.9525528963438,0.0,1491.9525528963331,479,True
esophagus_gastroesophageal_junction,excluded_at_or_below_-1,ENSG00000295306.1,ENSG00000295306,0.3769510002264083,6.3045388822371,-0.8987057190427985,0.14428161127102232,103.3868214186079,7.031525855578493,0.0,0.44932996892242233,0.903979429483895,-0.9445474883719644,-0.1813318321495614,-0.7894367095594097,0.15631794236890845,1.879335275791802,3.5565086412239797,-0.9445474883719644,-0.1813318321495614,6.304538651102211,0.0,5.699173252982542,72,True
esophagus_gastroesophageal_junction,raw,ENSG00000295306.1,ENSG00000295306,1.8461538518690757,350.300586600777,-0.990702910852809,0.0037520718688412564,273.07692307693253,305.06440081814475,0.0,3.5042158098666314,0.0021666208539903955,-1.0,-0.1813318321495614,-0.9623807520800931,0.1041052165301827,3.887486995844712,18.2439170903072,-1.0,-0.1813318321495614,348.49152764736004,0.0,0.7550490112397406,403,True
esophagus_mucosa,excluded_at_or_below_-1,ENSG00000295306.1,ENSG00000295306,0.6932593891035418,9.854861094457007,-0.8480977549533889,0.13435310278390272,320.08521511111917,4.965707369886432,0.0,1.1377531979919482,0.5234890303922684,-0.9561865729505952,-0.3763456727985392,-0.7980030279019605,0.11589285758694184,1.4039693213424587,2.2025702331417225,-0.9561865729505952,-0.3763456727985392,9.854758486212035,0.0,5.158857964697116,169,True
esophagus_mucosa,raw,ENSG00000295306.1,ENSG00000295306,4.918221528637322,414.2423736099955,-0.9922286017055362,0.006777033761501158,1644.3045247037699,128.5208280711604,0.0,1.6217149350897626,0.2698485901726282,-1.0,-0.3763456727985392,-0.9444014848785526,0.10878319696035724,2.2966405660619267,5.671128155611701,-1.0,-0.3763456727985392,412.14112829190475,0.0,111.21570242172677,614,True
esophagus_muscularis,excluded_at_or_below_-1,ENSG00000295306.1,ENSG00000295306,0.9087944242834275,4.8968017887155835,-0.875939491308997,0.10787349831557097,72.74779065256078,5.01449073201717,0.0,0.9938683352597624,0.6102485171280005,-0.9517498618513626,-0.4934437552152194,-0.8097770899033305,0.10689012953768565,1.0283572085046115,0.4747601247748965,-0.9517498618513626,-0.4934437552152194,4.896783114106756,0.0,2.9882546340810814,105,True
esophagus_muscularis,raw,ENSG00000295306.1,ENSG00000295306,3.696787209514497,418.2537179055809,-0.9936943214218678,0.005810789939687325,1522.4439009765536,121.74956290922644,0.0,1.5346581545227918,0.3093829758481533,-1.0,-0.4934437552152194,-0.964396781532709,0.08738802822272879,2.8087084145864574,7.991171859274601,-1.0,-0.4934437552152194,416.4122557199645,0.0,128.8308628542848,561,True
fallopian_tube,excluded_at_or_below_-1,ENSG00000295306.1,ENSG00000295306,0.04459380080894942,1752664933392.0461,-7.240808858737996,1.2010682475079948,11.262073619956347,8.518274032265643,0.0,-7.422206830508086,1.0,-0.9372510455875738,-0.0063792535246457,-0.7534734168943412,0.26416249265765185,2.2780263114150854,4.110610384212099,-0.9372510455875738,-0.0063792535246457,1.9106064904352162,0.0,1.910606490435216,11,True
fallopian_tube,raw,ENSG00000295306.1,ENSG00000295306,0.28205128205128216,22.582081345290515,-0.9881602333594386,0.0011786111714527567,13.897435897435896,1178.0373464905383,0.0,14.20651607923984,0.0,-1.0,-0.0063792535246457,-0.9064899167530259,0.19935316909852296,3.4196906993313254,12.580807858382652,-1.0,-0.0063792535246457,21.751400156429284,0.0,0.0,29,True
heart_atrial_appendage,excluded_at_or_below_-1,ENSG00000295306.1,ENSG00000295306,1.798864584356228,19.72828032579211,-0.8433507706245825,0.20388969364788354,520.5686937288059,5.358681214180153,0.0,0.7968117782688152,0.7280078143577452,-0.9582285470006188,-0.0707801347706337,-0.7349983706172633,0.17216687728971783,1.2947584267599128,1.5876445529291559,-0.9582285470006188,-0.0707801347706337,19.728047398097505,0.0,14.362172667834967,325,True
heart_atrial_appendage,raw,ENSG00000295306.1,ENSG00000295306,8.333333348040068,495.70809367770005,-0.9932088809823117,0.0041418969374519546,2910.6666668790813,314.9550225211264,0.0,2.3187666819187402,0.06936838435599728,-1.0,-0.0707801347706337,-0.8131767254893937,0.18845468092417383,1.1895690194993618,1.3188190520211203,-1.0,-0.0707801347706337,485.8849377048565,0.0,33.70505311150001,461,True
heart_left_ventricle,excluded_at_or_below_-1,ENSG00000295306.1,ENSG00000295306,0.4974742280432627,16.09543271463564,-0.9126220143610608,0.052464573042250336,73.64097771786453,15.286409094579149,0.0,1.5374079136402274,0.3067308776497273,-0.969656858267919,-0.3455259633583433,-0.8774620764793761,0.09159432761050466,2.993632636152301,11.482235386141447,-0.969656858267919,-0.3455259633583433,16.09499797357653,0.0,4.9368328542057105,110,True
heart_left_ventricle,raw,ENSG00000295306.1,ENSG00000295306,2.820404828525287,392.74703321726713,-0.9932393408356035,0.0037089368664614975,1011.7435903474518,246.97240097072287,0.0,2.5778319300412478,0.03616896080001176,-1.0,-0.3455259633583433,-0.9701788239219721,0.06927247400796438,3.8901320087254896,21.920090840105985,-1.0,-0.3455259633583433,391.5491138029522,0.0,14.161924548418366,452,True
kidney_cortex,excluded_at_or_below_-1,ENSG00000295306.1,ENSG00000295306,0.07438378977904309,2.2156044392847636,-0.8594273178640524,0.08672043431618584,18.36305921499684,6.1199165622963925,0.0,1.283030938628367,0.43907651608230397,-0.9381035540417406,-0.484150318419503,-0.8320571258210872,0.09021440578605726,2.1582684308252102,5.8555256252910155,-0.9381035540417406,-0.484150318419503,2.215598619497332,0.0,0.9728173228856509,30,True
kidney_cortex,raw,ENSG00000295306.1,ENSG00000295306,0.7692307692319542,91.02303032138344,-0.9947019929351545,0.002466119660125679,52.92307692332501,292.77942756254265,0.0,3.0381791953564643,0.009927475486616013,-1.0,-0.484150318419503,-0.9515549401406982,0.09020390726132586,2.293805077049916,6.592800792870985,-1.0,-0.484150318419503,90.76694773465708,0.0,0.9010866486307607,104,True
kidney_medulla,excluded_at_or_below_-1,ENSG00000295306.1,ENSG00000295306,,,,,,,,,,-0.8555737489474782,-0.7064859009159115,,,,,,,,,,2,False
kidney_medulla,raw,ENSG00000295306.1,ENSG00000295306,0.05128205887582754,11.260427526766533,-0.9971329980371078,0.001672910326982711,1.8974358975193972,245.70179284774895,0.0,2.423652358333747,0.05312332454437031,-1.0,-0.7064859009159115,-0.9601872408966717,0.09464346501085752,2.0915687677694463,2.874848086666897,-1.0,-0.7064859009159115,11.238983493054846,0.0,0.5970521676503733,11,True
liver,excluded_at_or_below_-1,ENSG00000295306.1,ENSG00000295306,0.13199919276321795,3.3238641358749184,-0.9942116226803495,0.21810009902159788,34.38394098893893,4.114900884630358,0.0,-0.24501163302888945,1.0,-0.9564259141800188,-0.3596113654914883,-0.8153338248678914,0.1399629222579991,1.79313479064636,3.0696572760947713,-0.9564259141800188,-0.3596113654914883,3.2248800435875036,0.0,3.2248800435875027,40,True
liver,raw,ENSG00000295306.1,ENSG00000295306,1.0256410208165652,229.0689042441012,-0.9914265791205127,0.0029975817891539614,72.97435897576514,298.0808221016076,0.0,4.044809762180263,0.00028014715363896604,-1.0,-0.3596113654914883,-0.9718066908195254,0.08576464702633088,4.236602717615337,21.412585023062544,-1.0,-0.3596113654914883,229.05803243890188,0.0,0.06416995580590035,262,True
lung,excluded_at_or_below_-1,ENSG00000295306.1,ENSG00000295306,1.7226289736458562,55.65696610233604,-0.7576835268980365,0.23222264376305357,676.824854154155,14.847247199710852,0.0,1.1563322292029878,0.5124644020336049,-0.9475604553043424,1.6803266075365522,-0.6038289188280305,0.3505030339983322,3.140256690534897,13.266769489909873,-0.9475604553043424,1.6803266075365522,55.655403147652024,0.0,28.521412894000708,375,True
lung,raw,ENSG00000295306.1,ENSG00000295306,6.121152825656289,7327922629854.186,-4.8094881252174,0.7798196548350563,9837.945767491921,11.769367385707463,0.0,-6.908558586563487,1.0,-1.0,1.6803266075365522,-0.7540328552326349,0.33645727662802977,3.0099174070716517,13.743235196321475,-1.0,1.6803266075365522,316.91142331151553,0.0,316.91142331151553,604,True
minor_salivary_gland,excluded_at_or_below_-1,ENSG00000295306.1,ENSG00000295306,0.9608378209560134,4.083777919444245,-0.8872448846299198,0.06307002694371826,43.525695043647445,10.15582922564777,0.0,1.3876261668319827,0.3818401610387831,-0.9491291870142388,-0.4343228932564393,-0.7948051875002117,0.12462007410229603,0.9988353356835881,0.141090508322669,-0.9491291870142388,-0.4343228932564393,4.083777899442034,0.0,1.5593504107695697,71,True
minor_salivary_gland,raw,ENSG00000295306.1,ENSG00000295306,1.8205128197701992,114.77230327596995,-0.9932690236648782,0.0013978280411923469,129.74358974427406,565.4981692778927,0.0,6.809877710724798,8.573164185694386e-11,-1.0,-0.4343228932564393,-0.9195092171962156,0.12701494706968186,1.689390338985909,2.2056684883922317,-1.0,-0.4343228932564393,113.92406417671694,0.0,9.766897068885783e-09,181,True
muscle_skeletal,excluded_at_or_below_-1,ENSG00000295306.1,ENSG00000295306,0.6400980954883109,6.566468008034503,-0.8910383512767618,0.07375618224746781,129.9912904930832,6.875968889114173,0.0,1.5115079136747138,0.31907541320177374,-0.9698687741461408,-0.5324325310480136,-0.8532369578222673,0.08165501897143383,1.3068005947938666,1.7680289829355686,-0.9698687741461408,-0.5324325310480136,6.566466119485781,0.0,2.0951978903503736,99,True
muscle_skeletal,raw,ENSG00000295306.1,ENSG00000295306,2.5384615384615397,783.2801471833566,-0.9941586636266473,1.0907292163650744e-05,343.6923076923078,59866.312279676305,,757.3737823865034,,-1.0,-0.5324325310480136,-0.9822377247242108,0.055623109707116536,3.777128844193662,16.08675840960973,-1.0,-0.5324325310480136,0.0,0.0,0.0,818,True
nerve_tibial,excluded_at_or_below_-1,ENSG00000295306.1,ENSG00000295306,0.7196238264933715,14.923518061352008,-0.8315497659045695,0.15816156595478675,593.6560408874678,6.869269913104957,0.0,1.0929181123293392,0.5503335716013787,-0.9537785754036788,-0.0633104311044726,-0.7639080495712012,0.14622484734565874,1.6904140903803924,3.683561534667512,-0.9537785754036788,-0.0633104311044726,14.92345374927907,0.0,8.212877602468737,191,True
nerve_tibial,raw,ENSG00000295306.1,ENSG00000295306,5.031071675903287,464.32202377953803,-0.9883173081386523,0.009328240321354913,1848.8883505912913,140.23623167119595,0.0,1.7711616238617496,0.20965862057035825,-1.0,-0.0633104311044726,-0.9326961753255216,0.1320969320671797,2.486233231141112,7.388469594202274,-1.0,-0.0633104311044726,461.4373384409735,0.0,96.74431585719223,670,True
ovary,excluded_at_or_below_-1,ENSG00000295306.1,ENSG00000295306,0.11767044347116128,1.8341470026793936,-0.8564899261309992,0.1296365826564001,31.257584335895515,5.363916106887398,0.0,0.5861282580081255,0.8421700956234993,-0.9102184904639696,-0.3647963288883957,-0.7801516089999315,0.12296076853701449,1.8629420632160842,3.5566438478646027,-0.9102184904639696,-0.3647963288883957,1.8341459619892246,0.0,1.5446628801959206,27,True
ovary,raw,ENSG00000295306.1,ENSG00000295306,0.6923076919225881,169.9365805543841,-0.9926298431138343,0.003429282064403668,44.30769233175019,258.91444741346345,0.0,3.0394046419875216,0.00986509895482111,-1.0,-0.3647963288883957,-0.9692440074766745,0.08884495869376094,3.641773009514844,15.768840506819117,-1.0,-0.3647963288883957,169.89610984395844,0.0,1.6760419356498053,193,True
pancreas,excluded_at_or_below_-1,ENSG00000295306.1,ENSG00000295306,0.11465531372994345,3.344236423401369,-0.907939530696979,0.1270773387635132,36.760932793710566,3.4592235078634506,0.0,0.5605903946605993,0.8542289570993667,-0.9583126408022988,-0.5971032261505651,-0.8584970829599259,0.07590016046279931,1.1530756604915116,1.5152675889487073,-0.9583126408022988,-0.5971032261505651,3.335789412356048,0.0,2.8495279108200164,64,True
pancreas,raw,ENSG00000295306.1,ENSG00000295306,1.684210629159235,284.6190206170963,-0.9949655580637836,0.0038908428584362533,279.16004100757857,144.61193274076248,0.0,1.8298801376004787,0.18877399316086724,-1.0,-0.5971032261505651,-0.9749829096945726,0.06267026576708132,2.8718987746685105,8.781203223210856,-1.0,-0.5971032261505651,282.6263310219889,0.0,53.35250107942592,362,True
pituitary,excluded_at_or_below_-1,ENSG00000295306.1,ENSG00000295306,0.9054027724262197,10.487339913316163,-0.822805240094215,0.09740834306857976,159.62410108304783,8.352218783842831,0.0,1.8525920760544663,0.17977681362427037,-0.9504082622344012,-0.2475202800806845,-0.7751191663331242,0.11845861295311108,1.2863863478397395,2.1763264776843716,-0.9504082622344012,-0.2475202800806845,10.48723946200531,0.0,1.8853624941940224,136,True
pituitary,raw,ENSG00000295306.1,ENSG00000295306,3.4871794618329037,232.6512217663412,-0.9887956285536185,0.003320718337501223,685.743589757198,315.69122843827444,0.0,4.7716705986157875,1.138193851647791e-05,-1.0,-0.2475202800806845,-0.9022882000680669,0.136152385105247,1.4307942328152308,1.850710002278972,-1.0,-0.2475202800806845,232.43324803270383,0.0,0.0026455409382935002,313,True
prostate,excluded_at_or_below_-1,ENSG00000295306.1,ENSG00000295306,0.669365470626095,11.364828448068515,-0.822837824711075,0.18457945715875038,171.85048509396938,7.990707687290746,0.0,0.8000551853816975,0.7261353321302751,-0.9272589360225773,0.2200884535233214,-0.7118753330268967,0.1941219862841269,2.047133572337751,5.865539618535221,-0.9272589360225773,0.2200884535233214,11.364541192114164,0.0,8.252194893044013,129,True
prostate,raw,ENSG00000295306.1,ENSG00000295306,3.307692400399753,178.52568859743448,-0.9876663319743312,0.006951195109425185,792.3076924157976,245.71648051654677,0.0,2.5092721929295436,0.042939551324273836,-1.0,0.2200884535233214,-0.8681982906399635,0.19453103334712352,2.0891454142685393,6.036162685234272,-1.0,0.2200884535233214,178.47900423294342,0.0,7.663808362565762,282,True
skin_not_sun_exposed_suprapubic,excluded_at_or_below_-1,ENSG00000295306.1,ENSG00000295306,1.212248292072242,13.669138925671211,-0.8562448382406835,0.11675645532659853,253.46030567924822,8.371758389264008,0.0,1.1812597591305574,0.49773537522746697,-0.95376879499344,-0.1650784823326155,-0.7750810587203812,0.1523340208586449,1.7515839829025561,3.456520548562401,-0.95376879499344,-0.1650784823326155,13.669130846691576,0.0,6.803609971011376,175,True
skin_not_sun_exposed_suprapubic,raw,ENSG00000295306.1,ENSG00000295306,4.820290369459473,451.6230182517504,-0.989590234385586,0.008746817609718573,1627.3749305854117,133.30970806956503,0.0,1.6830843364873973,0.2439438550859028,-1.0,-0.1650784823326155,-0.939537919010855,0.12716397523537218,2.799970033200888,9.36141157062675,-1.0,-0.1650784823326155,449.1148033587166,0.0,109.5587965074725,651,True
skin_sun_exposed_lower_leg,excluded_at_or_below_-1,ENSG00000295306.1,ENSG00000295306,0.7586498092924135,15.261816786829296,-0.8485438440934407,0.11959961296510085,322.2745963103982,8.001118753593232,0.0,1.2251845453161105,0.4721239209185426,-0.9521573302947364,-0.1718916526013717,-0.7924458003638414,0.12970252551639155,2.019849758618744,5.56337739940672,-0.9521573302947364,-0.1718916526013717,15.261438275507183,0.0,7.2052900774887725,178,True
skin_sun_exposed_lower_leg,raw,ENSG00000295306.1,ENSG00000295306,4.56410250877379,575.1256336406672,-0.9899006514316624,0.00314120074733789,1693.5897435897455,368.2793661848688,0.0,4.546871360762609,3.300091712547253e-05,-1.0,-0.1718916526013717,-0.9510017937198457,0.10832186787618785,2.965191538996163,11.341777672461362,-1.0,-0.1718916526013717,564.8409176169865,0.0,0.018640268311354014,754,True
small_intestine_terminal_ileum,excluded_at_or_below_-1,ENSG00000295306.1,ENSG00000295306,0.7017308779485156,12.458997587800859,-0.8386996042049022,0.10314349102434538,63.02632774405551,13.56332556006615,0.0,1.5935584853243268,0.28091190618331646,-0.9549233413411866,0.1505206842905944,-0.7532486827767789,0.19129266751899976,2.3013082745589957,6.663553435520447,-0.9549233413411866,0.1505206842905944,12.458995555147327,0.0,3.499880190525903,106,True
small_intestine_terminal_ileum,raw,ENSG00000295306.1,ENSG00000295306,2.7105258634496017,129.23880175802427,-0.9933484162233756,0.014773996016491047,651.8157868890366,109.4947632123825,0.0,0.6367106081295237,0.8194873599708685,-1.0,0.1505206842905944,-0.8736442530161284,0.18422332420865767,2.375744019292895,7.751790009661503,-1.0,0.1505206842905944,128.77130160328363,0.0,105.52645399088738,207,True
spleen,excluded_at_or_below_-1,ENSG00000295306.1,ENSG00000295306,0.3923964823035712,28.34142509689893,-1.230865485293821,0.7339826468307182,148.02465327787013,4.964200980497105,0.0,-0.595489132748181,1.0,-0.9218041798146068,1.3455752107993295,-0.5431288674233762,0.3703958200890973,2.0191457030108957,5.251617569511874,-0.9218041798146068,1.3455752107993295,23.736537951960532,0.0,23.736537951960532,195,True
spleen,raw,ENSG00000295306.1,ENSG00000295306,3.3736263222471474,5549703422185.514,-5.418753806162113,0.8878371955501005,1574.4994625501672,10.774729741091274,0.0,-7.0385219190893435,1.0,-1.0,1.3455752107993295,-0.6783759175002108,0.3742848085870534,1.9665357843299516,5.260334032089563,-1.0,1.3455752107993295,96.9669503170186,0.0,96.9669503170186,277,True
stomach,excluded_at_or_below_-1,ENSG00000295306.1,ENSG00000295306,0.5410960978769326,17.21864282221459,-0.8592813098070801,0.14206088119292576,169.1844538933634,16.406688015548195,0.0,0.9854923783999802,0.6153302569418362,-0.9582761995530736,0.7888068000503314,-0.7331550162208895,0.27308957607648027,3.1454053134355364,11.635594679855169,-0.9582761995530736,0.7888068000503314,17.2186176522023,0.0,10.595136424112878,105,True
stomach,raw,ENSG00000295306.1,ENSG00000295306,2.4400474899309836,181092245038.32092,-1.508974076454343,0.11817151146069167,1037.862095351487,27.49861484166066,0.0,-6.091130027201903,1.0,-1.0,0.7888068000503314,-0.9311579280176742,0.18101990827567158,4.969950517687413,32.939626852783,-1.0,0.7888068000503314,1589.7624401559167,0.0,1589.762440155894,407,True
testis,excluded_at_or_below_-1,ENSG00000295306.1,ENSG00000295306,0.5132207642043486,1.0014023741711409,-0.8834072455416805,0.06737433197648098,35.458462623817525,3.6112084761921075,0.0,1.265150038870165,0.4483830555672204,-0.9436800649989222,-0.711366214975562,-0.850215747096215,0.06228079025990075,0.49896169882333946,-0.6377416814611574,-0.9436800649989222,-0.711366214975562,0.9999217258975878,0.0,0.4483479587860091,39,True
testis,raw,ENSG00000295306.1,ENSG00000295306,1.7516086952296166,352.9538221599289,-0.9964263917660554,0.003490458097316215,516.1024401479649,115.49657863521008,0.0,1.4479031376822684,0.35172379421529765,-1.0,-0.711366214975562,-0.9858898892192087,0.04770648329245483,3.59165941029803,12.593889542324876,-1.0,-0.711366214975562,351.7900581087031,0.0,123.73293400521307,414,True
thyroid,excluded_at_or_below_-1,ENSG00000295306.1,ENSG00000295306,1.630218509867998,41.69240920186358,-0.8754338601917688,0.2791500189135329,567.5058693124108,8.47903376155754,0.0,0.2896020437744094,0.9589372533852145,-0.9325980807507684,0.7982330440737373,-0.6642678348209217,0.2673168596763573,2.3621128462078635,7.606250840859383,-0.9325980807507684,0.7982330440737373,41.69219922160126,0.0,39.98020300915149,358,True
thyroid,raw,ENSG00000295306.1,ENSG00000295306,9.131551086435492,397.2683530192198,-0.9891441868218933,0.024440367769458512,8040.340992807802,103.42451246450581,0.0,0.6281590511191949,0.8227782527033525,-1.0,0.7982330440737373,-0.8242805334296637,0.2559479238528825,2.449405938153853,8.63077207335573,-1.0,0.7982330440737373,396.3860698414163,0.0,326.13783794006963,684,True
uterus,excluded_at_or_below_-1,ENSG00000295306.1,ENSG00000295306,0.12692622994366448,2.49419794877222,-0.8070613604022131,0.14844425193307215,60.58721505976463,4.088801564076797,0.0,1.3059683403805165,0.4260953622928043,-0.9441435511646552,-0.3778764723265685,-0.7706210453163415,0.11370039828068101,1.1697867291250161,1.7835026645194825,-0.9441435511646552,-0.3778764723265685,2.4936136950798273,0.0,1.0625172308233373,47,True
uterus,raw,ENSG00000295306.1,ENSG00000295306,1.2051282089896627,121.64479085705827,-0.9928691380036438,0.0016721657638728692,82.35897435897435,520.12245876039,0.0,6.030838547550169,1.273947008957188e-08,-1.0,-0.3778764723265685,-0.9295371838553468,0.12322216617448266,1.810872311961071,2.987019666990774,-1.0,-0.3778764723265685,120.80277246606364,0.0,1.5389633065687747e-06,153,True
vagina,excluded_at_or_below_-1,ENSG00000295306.1,ENSG00000295306,0.08056871815881386,2564101220640.1904,-9.152856893173539,1.5991569337994411,38.688811747097155,8.056210259158748,0.0,-7.275133779739639,1.0,-0.9263195881099224,-0.0430980569892919,-0.7647903889758838,0.1634520500551383,1.9653426479142895,5.2355735314499,-0.9263195881099224,-0.0430980569892919,8.21802760034045,0.0,8.218027600340395,60,True
vagina,raw,ENSG00000295306.1,ENSG00000295306,1.5384615276104363,110.07013727235922,-0.9885907815089381,0.004549778674641373,203.69230769513428,293.88872069610477,0.0,3.5463420706744344,0.0018625890374854453,-1.0,-0.0430980569892919,-0.9169848431679591,0.1484462664444505,2.4862136720108197,8.07100974069244,-1.0,-0.0430980569892919,109.79714605731553,0.0,0.20450696059354367,170,True
whole_blood,excluded_at_or_below_-1,ENSG00000295306.1,ENSG00000295306,2.194049435193936,80.27243409642557,-1.0119557462179778,1.1849306368504215,960.300134661561,6.371554967938955,0.0,-0.13181483971271304,1.0,-0.9015117184397212,4.326594870718891,-0.07074586747212191,0.7875141765308014,1.8316819069479318,4.132969903702935,-0.9015117184397212,4.326594870718891,79.57808158967012,0.0,79.57808158967012,665,True
whole_blood,raw,ENSG00000295306.1,ENSG00000295306,1.1665208617768423,9689412273518.234,-36.88742118398705,7.186167323172728,1933.376157167992,8.110779758283492,0.0,-7.06252380087673,1.0,-1.0,4.326594870718891,-0.23044333981190668,0.79781830589326,1.7951641610217346,4.117916779675683,-1.0,4.326594870718891,142.89097310455088,0.0,142.89097310455088,803,True
adipose_subcutaneous,excluded_at_or_below_-1,ENSG00000295307.1,ENSG00000295307,0.8595831588308787,21.5835557018906,-0.8697977555422423,0.21708359620723303,481.6612049815968,5.6568854564143685,0.0,0.4709793041910979,0.8950186805134391,-0.9420936829843598,-0.0014585804107478,-0.7562970556847003,0.15185156833915106,1.543005431815986,3.1575680049132657,-0.9420936829843598,-0.0014585804107478,21.583551614873297,0.0,19.317681887137606,275,True
adipose_subcutaneous,raw,ENSG00000295307.1,ENSG00000295307,7.078695510976893,409.83567483533164,-0.9875291830246975,0.009843570958647293,3603.444689298268,141.66753361482276,0.0,1.791666720790219,0.2022195312928061,-1.0,-0.0014585804107478,-0.9061368211670764,0.15147774233537978,1.970527900274102,4.478210672048926,-1.0,-0.0014585804107478,407.126053076856,0.0,82.32883963029207,714,True
adipose_visceral_omentum,excluded_at_or_below_-1,ENSG00000295307.1,ENSG00000295307,1.4400901905541403,29.08809517600766,-0.8490758871373344,0.19567701130752058,585.498673362307,8.680160381113813,0.0,0.7807670637133394,0.7372890638041363,-0.9571063640183566,0.3519505251650265,-0.735281513874181,0.18352056268202055,1.6923006515109378,4.321293709711294,-0.9571063640183566,0.3519505251650265,29.087415772411887,0.0,21.44583354332323,299,True
adipose_visceral_omentum,raw,ENSG00000295307.1,ENSG00000295307,7.666666644487955,306.7097931301131,-0.9809230058987346,0.007261830621696206,4724.666672622103,259.571989868059,0.0,3.715171172777834,0.0010266186925739643,-1.0,0.3519505251650265,-0.865160430406099,0.1861987414097855,1.8444542350064284,4.507793360776403,-1.0,0.3519505251650265,300.7075745823713,0.0,0.30871201706484186,587,True
adrenal_gland,excluded_at_or_below_-1,ENSG00000295307.1,ENSG00000295307,0.5383695597963926,4.3129268044430225,-0.9117210666557564,0.05383672555463036,46.835600544428125,7.9499669111264515,0.0,1.3713793316100704,0.3904955510894466,-0.9639271652758924,-0.6090792322467373,-0.8721455405256652,0.0717783028023496,1.3672254932801828,1.871474998084639,-0.9639271652758924,-0.6090792322467373,4.312918467737534,0.0,1.6841754738630206,64,True
adrenal_gland,raw,ENSG00000295307.1,ENSG00000295307,1.6842386408606604,217.23921395604654,-0.9951323727668486,0.0043704426703978436,323.88177019266436,124.92134739993479,0.0,1.5750954694648178,0.2906097758723232,-1.0,-0.6090792322467373,-0.9722620833682798,0.062373846382906266,2.6450427047633425,7.544262226572679,-1.0,-0.6090792322467373,216.22296788170686,0.0,62.83650823455135,295,True
artery_aorta,excluded_at_or_below_-1,ENSG00000295307.1,ENSG00000295307,0.045011806697048705,15.777988086611392,-0.9498079941601418,0.2042904546496655,6.576186853361476,11.258609302529017,0.0,-0.19907885970742434,1.0,-0.921050024470952,0.6765562794769242,-0.7901043281551102,0.20874647216162837,5.79498287923305,37.78854058817771,-0.921050024470952,0.6765562794769242,15.468405880588062,0.0,15.468405880588062,62,True
artery_aorta,raw,ENSG00000295307.1,ENSG00000295307,1.5526311755396767,427.0771842070305,-0.983115507535873,0.01928322065681867,541.3947259976426,121.71879335164525,0.0,1.2382930559948429,0.46456090713668025,-1.0,0.6765562794769242,-0.9724289583593577,0.10334909626952975,9.647145426507528,138.23681573635815,-1.0,0.6765562794769242,427.0676856798056,0.0,198.39895146817312,472,True
artery_coronary,excluded_at_or_below_-1,ENSG00000295307.1,ENSG00000295307,-0.08508097136303734,698141995475.2814,-10.008991330711272,1.765089103165266,35.35702368746297,7.604233166949767,0.0,-7.271344866424367,1.0,-0.9335787264469428,-0.5180986833602297,-0.8121701804800906,0.0998301045590999,0.9632192433663275,0.6314765002629579,-0.9335787264469428,-0.5180986833602297,2.1119906277243077,0.0,2.1119906277243077,31,True
artery_coronary,raw,ENSG00000295307.1,ENSG00000295307,0.7948717948700191,239.7988435289389,-0.9937069064862506,0.0021917671256086687,46.358974359086396,306.88095996247733,0.0,4.060549176252159,0.0002639439075990984,-1.0,-0.5180986833602297,-0.9782734163988165,0.06886329232158646,3.641378339765871,14.119512150769204,-1.0,-0.5180986833602297,238.78046233676847,0.0,0.063024648287486,268,True
artery_tibial,excluded_at_or_below_-1,ENSG00000295307.1,ENSG00000295307,0.5826450833526992,6.985844308354833,-0.8720948040890553,0.04785558995503566,66.71114989922742,14.007683246860058,0.0,2.1466382017460837,0.09986173128496362,-0.9447349203330218,-0.3980886401565756,-0.8171390209774754,0.10504473652726266,2.0050989221324333,4.330837991767239,-0.9447349203330218,-0.3980886401565756,6.985431822777229,0.0,0.6975773155956132,66,True
artery_tibial,raw,ENSG00000295307.1,ENSG00000295307,1.6923077059965328,759.0389167589657,-0.9937506762744097,0.0028715469443191134,238.30769230771614,293.3587179325594,0.0,3.077741210490825,0.008823230647653064,-1.0,-0.3980886401565756,-0.9825342624956779,0.06270891975714518,4.711478223239829,27.361792032712696,-1.0,-0.3980886401565756,754.5901543071262,0.0,6.657922975899852,691,True
bladder,excluded_at_or_below_-1,ENSG00000295307.1,ENSG00000295307,0.4008862440178735,6.2580679983707235,-0.9222420371079976,0.010313151668161175,16.864437462324148,49.34976465769016,0.0,1.099579261518981,0.5463331633346473,-0.9302607183008018,-0.562358904005539,-0.8528034108804531,0.09848211639787656,1.7413170794754955,2.364128684709888,-0.9302607183008018,-0.562358904005539,6.25799930949301,0.0,3.418952558901355,27,True
bladder,raw,ENSG00000295307.1,ENSG00000295307,0.6923076923076923,52.97408283761027,-0.9949398014333792,0.0015321015063086355,72.3076923084645,399.2958491633645,0.0,4.670840288159447,1.832717043140764e-05,-1.0,-0.562358904005539,-0.9483856116074314,0.09119383668500675,2.295485128033241,5.729515714247732,-1.0,-0.562358904005539,52.90797948108098,0.0,0.0009696535571311893,77,True
brain_amygdala,excluded_at_or_below_-1,ENSG00000295307.1,ENSG00000295307,0.1941238298284519,4.940492560376475,-0.9875875731439081,0.050573524009224595,12.019261440024039,8.206142627011578,0.0,-1.1904671099483488,1.0,-0.9450154195675152,-0.6941286768270848,-0.8834043584531401,0.06910493082099488,1.4159389067900248,1.4520985520016652,-0.9450154195675152,-0.6941286768270848,2.432352910673836,0.0,2.432352910673839,16,True
brain_amygdala,raw,ENSG00000295307.1,ENSG00000295307,0.41025641025546816,184.90038805964056,-0.9966924437906968,0.0015121917530342428,21.43589743593155,282.96000283301595,0.0,3.0932524530188887,0.008581675993362674,-1.0,-0.6941286768270848,-0.9896932029571837,0.03872391080056293,4.668320442795475,24.856217349113006,-1.0,-0.6941286768270848,180.15866150199102,0.0,1.546063260407986,181,True
brain_anterior_cingulate_cortex_ba24,excluded_at_or_below_-1,ENSG00000295307.1,ENSG00000295307,0.5074360958136124,4.953232412653734,-0.9239651724617493,0.004101723221211382,23.154331437358664,52.83379711921001,0.0,11.62943091067156,0.0,-0.9576946657185744,-0.7707283359085846,-0.8980961149133021,0.04172571056086449,1.2401342480003212,1.4285964966738884,-0.9576946657185744,-0.7707283359085846,4.953121947265178,0.0,0.0,28,True
brain_anterior_cingulate_cortex_ba24,raw,ENSG00000295307.1,ENSG00000295307,0.7397335761962537,196.36404684357592,-0.9971455822821577,0.0026049892341205093,120.88889235120658,122.9188729007487,0.0,1.5496249260368813,0.3023561277762716,-1.0,-0.7707283359085846,-0.9877540395603968,0.036128940943528566,3.1908829535221903,10.43363848343856,-1.0,-0.7707283359085846,195.47868354285194,0.0,59.10417781881956,233,True
brain_caudate_basal_ganglia,excluded_at_or_below_-1,ENSG00000295307.1,ENSG00000295307,0.591104752939723,2.907451421077764,-0.9441992090969837,0.009604625117800315,21.771889830282017,18.282044520568288,0.0,3.5411795931304306,0.0018923222074476854,-0.968249114550973,-0.8200367850622824,-0.9173431182002606,0.038396500959873896,1.1585285421133424,0.5483312023109312,-0.968249114550973,-0.8200367850622824,2.9073760246604974,0.0,0.005501692216866028,37,True
brain_caudate_basal_ganglia,raw,ENSG00000295307.1,ENSG00000295307,1.400594165543372,245.1065483840491,-0.9977686440972122,0.00217133832520966,355.95698061183026,115.75847144350982,0.0,1.4533035886515415,0.3490446727865174,-1.0,-0.8200367850622824,-0.9898056512446988,0.03030982634570212,3.3285047496995834,11.473503490335988,-1.0,-0.8200367850622824,244.25254479817204,0.0,85.25504957635212,300,True
brain_cerebellar_hemisphere,excluded_at_or_below_-1,ENSG00000295307.1,ENSG00000295307,,,,,,,,,,-0.9372137512092364,-0.7829964097793799,,,,,,,,,,9,False
brain_cerebellar_hemisphere,raw,ENSG00000295307.1,ENSG00000295307,0.23076922742640604,323.1419450956818,-0.9977649349117316,0.001101322876679938,8.923076936806606,275.78521017257236,0.0,2.8700569356596923,0.016317704944033968,-1.0,-0.7829964097793799,-0.9959991525792455,0.0238874894085456,6.620155611436724,45.90311270791895,-1.0,-0.7829964097793799,322.13890869702976,0.0,5.256567663111228,277,True
brain_cerebellum,excluded_at_or_below_-1,ENSG00000295307.1,ENSG00000295307,0.2368421221363255,13.4095595867538,-0.8708482269176379,0.00160159847889085,10.868422294607164,131.22217616426084,0.0,28.319891590447973,0.0,-0.9029205365746766,-0.7222389621409917,-0.845972852269239,0.06306156274069717,1.0188994224296921,-0.5783975566698722,-0.9029205365746766,-0.7222389621409917,13.358823781986672,0.0,0.0,14,True
brain_cerebellum,raw,ENSG00000295307.1,ENSG00000295307,0.358974358974359,259.18424093239037,-0.9966279739748924,0.0005817956426537902,32.97435897435898,666.9776008146702,0.0,8.196632267011731,2.7001861905093853e-15,-1.0,-0.7222389621409917,-0.9918933080141705,0.03718174898980802,5.089419246726491,27.290219490159316,-1.0,-0.7222389621409917,247.29540522346034,0.0,6.677436381608004e-13,266,True
brain_cortex,excluded_at_or_below_-1,ENSG00000295307.1,ENSG00000295307,0.3683721200858323,0.9199919933896491,-0.926894042708141,0.078641396480275,48.47813788103203,2.931674215212143,0.0,0.7203525657382664,0.7683212240306843,-0.9669513107439154,-0.7638698995068657,-0.8870111148131314,0.05292301006800592,0.5620043495599111,-0.6231040346433159,-0.9669513107439154,-0.7638698995068657,0.9074755990894685,0.0,0.6972327630703989,34,True
brain_cortex,raw,ENSG00000295307.1,ENSG00000295307,1.581684703269299,216.51172687919595,-0.997071830821381,0.0028684159417816453,407.94101470013726,114.97542222964395,0.0,1.4436736684547533,0.3539367367572963,-1.0,-0.7638698995068657,-0.9857717700135054,0.04188091633140017,3.1517314698358994,9.516772080500445,-1.0,-0.7638698995068657,215.76394713166337,0.0,76.36678735765473,270,True
brain_frontal_cortex_ba9,excluded_at_or_below_-1,ENSG00000295307.1,ENSG00000295307,0.7631581064667073,15.869499783625344,-0.9167311666588267,0.0019057017013780727,20.868427726271992,116.85094291496237,0.0,38.527692493651905,0.0,-0.9686485651966515,-0.7592704785099967,-0.8780658764053828,0.05180605615840502,0.6597548728710443,-0.35781050024170247,-0.9686485651966515,-0.7592704785099967,15.75103111706925,0.0,0.0,36,True
brain_frontal_cortex_ba9,raw,ENSG00000295307.1,ENSG00000295307,0.948648095810783,212.95825660328362,-0.9970089401655968,0.0029105002757878824,423.4557464069673,115.51723927600442,0.0,1.453357492823958,0.34910253842568867,-1.0,-0.7592704785099967,-0.9836816786267428,0.045611495795476874,2.928237523102585,8.048500826176177,-1.0,-0.7592704785099967,212.1644667997085,0.0,74.06715392351096,269,True
brain_hippocampus,excluded_at_or_below_-1,ENSG00000295307.1,ENSG00000295307,0.1910290125530828,0.9430274358258331,-0.9490402046863734,0.028243390578695474,14.94035411613526,6.097615291182032,0.0,0.6353172899478634,0.8172587197538163,-0.9617281853696346,-0.827264162616395,-0.9177423033183535,0.04268365151549797,0.9936083942647924,-0.3474369599377707,-0.9617281853696346,-0.827264162616395,0.943013784685324,0.0,0.7706862383821289,18,True
brain_hippocampus,raw,ENSG00000295307.1,ENSG00000295307,0.47273836480127207,235.17329158938443,-0.997846016449607,0.001707403820323511,18.05022356101959,141.2900500245832,0.0,1.7841079619449038,0.20489966725932585,-1.0,-0.827264162616395,-0.9941935743518838,0.0238242331930939,4.777431871410595,24.39682736088132,-1.0,-0.827264162616395,233.6996844076395,0.0,47.88498757373479,255,True
brain_hypothalamus,excluded_at_or_below_-1,ENSG00000295307.1,ENSG00000295307,0.18517634731416516,1.2291458762871608,-0.96297713163618,0.09205319912669407,18.08337363088005,2.9411120403082287,0.0,-0.12884260646376922,1.0,-0.95459058067643,-0.7715359098124389,-0.8941614952741056,0.04780482002295084,0.8701247440433604,0.0241605159695788,-0.95459058067643,-0.7715359098124389,1.2027211075677144,0.0,1.2027211075677147,27,True
brain_hypothalamus,raw,ENSG00000295307.1,ENSG00000295307,0.722453061793538,220.5992310358479,-0.9971556420353069,0.0025992934583072506,111.22682140774359,122.75431395743915,0.0,1.5475473140815406,0.3033267290842538,-1.0,-0.7715359098124389,-0.9888807796591472,0.03590848838810736,3.545031254931414,12.778557334066132,-1.0,-0.7715359098124389,219.6073144177665,0.0,66.61276836531802,257,True
brain_nucleus_accumbens_basal_ganglia,excluded_at_or_below_-1,ENSG00000295307.1,ENSG00000295307,0.5263165465971472,6.020797057929165,-0.9410577607300672,0.0021446839017651054,29.4736899150096,118.7499118752854,0.0,2.2837477066594194,0.07383771568367442,-0.9445211110135608,-0.7609710813832883,-0.893233589961307,0.04591030596122673,1.061167529278828,0.9295488210658296,-0.9445211110135608,-0.7609710813832883,6.009571713313576,0.0,0.4437330475483,26,True
brain_nucleus_accumbens_basal_ganglia,raw,ENSG00000295307.1,ENSG00000295307,0.6842081905296262,258.14033544739715,-0.9970119949141701,0.0015884804221471438,56.70970536272077,210.1456565256846,0.0,2.660201068835844,0.029501483373319242,-1.0,-0.7609710813832883,-0.9902599064526105,0.03367365353309229,3.821255911670059,15.356895643484847,-1.0,-0.7609710813832883,254.29200752701604,0.0,7.5019914320261005,285,True
brain_putamen_basal_ganglia,excluded_at_or_below_-1,ENSG00000295307.1,ENSG00000295307,0.708043144498212,18803896591.196632,-1.012303935726796,0.012731864485745042,25.799181025726995,19.547754223405196,0.0,-6.540684896768537,1.0,-0.9534195380903614,-0.8363196541481228,-0.9098535609704066,0.0343535444862306,0.6471393627700297,-0.49194935485825875,-0.9534195380903614,-0.8363196541481228,9.650893400102346,0.0,9.650893400101008,32,True
brain_putamen_basal_ganglia,raw,ENSG00000295307.1,ENSG00000295307,0.8205128203599645,271.3149848677262,-0.9976121071466878,0.0007563869980141293,31.74358975298979,301.5678153351,0.0,4.464633140858076,4.7368120261387686e-05,-1.0,-0.8363196541481228,-0.9886429683112323,0.03229482825142773,2.912988447623324,7.7863030546374326,-1.0,-0.8363196541481228,268.9073870735982,0.0,0.012737637450077721,254,True
brain_spinal_cord_cervical_c-1,excluded_at_or_below_-1,ENSG00000295307.1,ENSG00000295307,,,,,,,,,,-0.9496083590462282,-0.8718055979294043,,,,,,,,,,5,False
brain_spinal_cord_cervical_c-1,raw,ENSG00000295307.1,ENSG00000295307,0.12820512820367602,235.96187849891447,-0.998663978678172,0.0006442252986059673,4.35897435899972,278.48152337980156,0.0,2.9328551316401943,0.013645846382853828,-1.0,-0.8718055979294043,-0.9979216904927027,0.013995224912961709,7.269309339547604,54.683557048707485,-1.0,-0.8718055979294043,234.43321421971152,0.0,3.199039628280843,204,True
brain_substantia_nigra,excluded_at_or_below_-1,ENSG00000295307.1,ENSG00000295307,,,,,,,,,,-0.9458989319115804,-0.8192792492768943,,,,,,,,,,8,False
brain_substantia_nigra,raw,ENSG00000295307.1,ENSG00000295307,0.2051282051282064,195.4922144034583,-0.9979926924335427,0.0007524124401885316,6.358974365908201,335.90483302907205,0.0,3.7728796504569746,0.0008267764452782206,-1.0,-0.8192792492768943,-0.9958502713274879,0.02101301379291027,5.708103562168917,35.50343560847953,-1.0,-0.8192792492768943,191.7488313885999,0.0,0.15853341720171277,183,True
breast_mammary_tissue,excluded_at_or_below_-1,ENSG00000295307.1,ENSG00000295307,3.4858451420926544,75.4562821738862,-1.1450335644428398,0.5331868467605728,459.12793743335186,14.130526205720296,0.0,-0.5451524770254099,1.0,-0.9395001584831744,4.1824579199783685,0.10788689815293608,1.1407122641227385,1.0062268404162051,-0.20051562477391505,-0.9395001584831744,4.1824579199783685,65.03709717652265,0.0,65.03709717652265,302,True
breast_mammary_tissue,raw,ENSG00000295307.1,ENSG00000295307,4.8057920537664955,4161358770084.356,-5.1987266737438,0.8786403488569403,1516.6870699156452,15.099464190128545,0.0,-6.758050907212503,1.0,-1.0,4.1824579199783685,-0.349062561785629,1.0302969517437695,1.7057355207301805,1.8260760242112815,-1.0,4.1824579199783685,503.32532582474664,0.0,503.32532582474664,514,True
cells_cultured_fibroblasts,excluded_at_or_below_-1,ENSG00000295307.1,ENSG00000295307,0.10805778533037387,2.450783238723853,-0.8970881358841108,0.02931929495087996,10.423311718429833,10.792548155140187,0.0,1.5075108726970854,0.32101791572763244,-0.928341658756637,-0.6733384059627324,-0.8735749434599913,0.05970529686624465,2.1848149241226924,4.210263550135227,-0.928341658756637,-0.6733384059627324,2.450694594330669,0.0,0.786716870757007,23,True
cells_cultured_fibroblasts,raw,ENSG00000295307.1,ENSG00000295307,0.5897434854279576,693.4937535019016,-0.9964154557575888,0.0015886753838144868,47.435897452207904,287.59805191563726,0.0,3.1909042805037253,0.00628588272802856,-1.0,-0.6733384059627324,-0.9955402203981285,0.02579225869465579,7.201041843618304,62.69843020943608,-1.0,-0.6733384059627324,678.7522360966544,0.0,4.266556957490713,652,True
cells_ebv-transformed_lymphocytes,excluded_at_or_below_-1,ENSG00000295307.1,ENSG00000295307,0.26719886669654114,0.35005164679981565,-0.9075638683914166,0.05715685147257035,13.052182579612609,3.34140454342469,0.0,0.4984091299501293,0.882757960728421,-0.9277075704255914,-0.7725176714946627,-0.8632134987502527,0.047240993213361865,0.578571670265854,-0.6309395366212067,-0.9277075704255914,-0.7725176714946627,0.3487338929963835,0.0,0.30784762021837087,17,True
cells_ebv-transformed_lymphocytes,raw,ENSG00000295307.1,ENSG00000295307,0.4358974358974245,314.7419621369512,-0.9972847057423934,0.000995656950751534,17.58974358974401,319.2551289553973,0.0,3.856756046390013,0.0005908092636451938,-1.0,-0.7725176714946627,-0.992888775164386,0.03216380849852795,4.782373245183532,23.10326627003582,-1.0,-0.7725176714946627,313.715606029211,0.0,0.18534608619212384,327,True
cervix_ectocervix,excluded_at_or_below_-1,ENSG00000295307.1,ENSG00000295307,,,,,,,,,,-0.9224589204710965,-0.6940376479894279,,,,,,,,,,9,False
cervix_ectocervix,raw,ENSG00000295307.1,ENSG00000295307,0.23220494152500543,14.762107317005716,-0.9961751546629052,0.0010733621707410832,6.923189677379955,398.08274530879976,0.0,5.039443625970866,3.226734398322848e-06,-1.0,-0.6940376479894279,-0.9397252875002673,0.0888238525999233,1.1916647769296584,0.3950560891428405,-1.0,-0.6940376479894279,13.98670877995987,0.0,4.513139433962032e-05,24,True
cervix_endocervix,excluded_at_or_below_-1,ENSG00000295307.1,ENSG00000295307,,,,,,,,,,-0.936702777203469,-0.4884550460272736,,,,,,,,,,5,False
cervix_endocervix,raw,ENSG00000295307.1,ENSG00000295307,0.12820512872322698,23.4575032404261,-0.9927924238763801,0.001559458532558068,4.3589743589743595,457.3643638961797,0.0,6.536276337620921,5.597968555827495e-10,-1.0,-0.4884550460272736,-0.9488207888208787,0.128052267414399,2.721870626735894,6.393877189836514,-1.0,-0.4884550460272736,22.135516184257025,0.0,1.2391392356647657e-08,23,True
colon_sigmoid,excluded_at_or_below_-1,ENSG00000295307.1,ENSG00000295307,0.24945006689248705,21.30123523211237,-1.080292554614041,0.2281209592894161,22.290966364407232,7.344949615183638,0.0,-0.9113144565552832,1.0,-0.9332921767539544,0.1044909863785337,-0.790597790630522,0.18351934410084092,2.711273511704271,8.348146972256325,-0.9332921767539544,0.1044909863785337,14.062589491517105,0.0,14.062589491517105,70,True
colon_sigmoid,raw,ENSG00000295307.1,ENSG00000295307,1.7948717924209832,374.293574888916,-0.984675065795551,0.00554125754169177,436.35897467386457,277.9718125482918,0.0,3.911157283584882,0.0004818619727182578,-1.0,0.1044909863785337,-0.9650163373368414,0.10805511130365329,5.164768581564703,35.09964507057797,-1.0,0.1044909863785337,370.30154092535497,0.0,0.17843423101090217,419,True
colon_transverse,excluded_at_or_below_-1,ENSG00000295307.1,ENSG00000295307,2.1274213703518927,31.963480097689256,-0.8463742248767684,0.14436302719396413,257.3539595735432,19.131716897847184,0.0,1.2006076180059828,0.48643584472878343,-0.968932341146447,1.106592880145587,-0.642475587125174,0.3235560823015686,1.8858694091057202,4.379447235615481,-0.968932341146447,1.106592880145587,31.960952874188,0.0,15.546953109692478,225,True
colon_transverse,raw,ENSG00000295307.1,ENSG00000295307,4.596345016889098,2078392719133.0825,-2.262641154779058,0.269743051770951,2390.0577698809957,17.664278785744017,0.0,-6.619797002279148,1.0,-1.0,1.106592880145587,-0.8320605576266475,0.28454255675020446,2.540290560571417,8.005461180408961,-1.0,1.106592880145587,633.8167051576487,0.0,633.8167051576487,479,True
esophagus_gastroesophageal_junction,excluded_at_or_below_-1,ENSG00000295307.1,ENSG00000295307,0.5930567376746957,6.051529440189064,-0.8987919087630076,0.029327777801994387,31.348105633445222,18.085629817474423,0.0,3.364334569052863,0.0034847046762003183,-0.9685610435796628,-0.5237344585954621,-0.8541304797699987,0.08081092012118068,1.7889228703739881,4.104068808507738,-0.9685610435796628,-0.5237344585954621,6.0515199605015475,0.0,0.02108775990447931,52,True
esophagus_gastroesophageal_junction,raw,ENSG00000295307.1,ENSG00000295307,1.333333329242468,382.75578367070733,-0.9947158530711492,0.002225424752954442,150.6666666707573,299.29939208622835,0.0,3.357971210858591,0.003617478525515454,-1.0,-0.5237344585954621,-0.9811781264219354,0.05679531125654959,3.791854163551077,17.427101462280675,-1.0,-0.5237344585954621,376.6776773566674,0.0,1.362623408878782,403,True
esophagus_mucosa,excluded_at_or_below_-1,ENSG00000295307.1,ENSG00000295307,1.2832230010208374,22.936565982965814,-0.8479745877900134,0.12174971083636314,193.2489243436332,12.379782701453301,0.0,1.2291706382845262,0.46980971046621717,-0.9537939447537308,0.2178014761799587,-0.7511884252341333,0.1901291778655197,2.095084908928426,5.412191895761083,-0.9537939447537308,0.2178014761799587,22.93650425154414,0.0,10.77579242152511,202,True
esophagus_mucosa,raw,ENSG00000295307.1,ENSG00000295307,5.179487179487179,422.97919022268377,-0.9856428157379186,0.004384547684250257,2353.743589744237,388.16483745957294,0.0,4.630836784797638,2.2065357890374244e-05,-1.0,0.2178014761799587,-0.9181434232854966,0.15981799307137154,2.8958990668650566,10.818853267878675,-1.0,0.2178014761799587,422.63123501223924,0.0,0.009325509456195924,614,True
esophagus_muscularis,excluded_at_or_below_-1,ENSG00000295307.1,ENSG00000295307,0.8368961016838603,3.3402447684189607,-0.900807429434292,0.03456525312067217,48.81840230402656,9.730416166095546,0.0,2.871340375630334,0.016208069797202834,-0.9709867923819404,-0.6629831667492465,-0.8573297515733012,0.06530947423744221,0.9259309369803087,0.478079415456405,-0.9709867923819404,-0.6629831667492465,3.340071911149544,0.0,0.05413611866358847,60,True
esophagus_muscularis,raw,ENSG00000295307.1,ENSG00000295307,1.5517860841540336,491.8281823347747,-0.9958196849259716,0.003731211190347551,183.61611828317336,126.15257996552037,0.0,1.584434107610253,0.2862147099253781,-1.0,-0.6629831667492465,-0.9847411499008878,0.04895922627905521,3.5577380647705015,13.100746330341302,-1.0,-0.6629831667492465,489.7655110768686,0.0,140.1780936843205,561,True
fallopian_tube,excluded_at_or_below_-1,ENSG00000295307.1,ENSG00000295307,,,,,,,,,,-0.9338487965210388,-0.6977593378550491,,,,,,,,,,9,False
fallopian_tube,raw,ENSG00000295307.1,ENSG00000295307,0.23076923076923128,31.666401631907046,-0.9970271853761403,0.0011730902692484591,6.9230769259128015,360.7809729916798,0.0,3.583862955556609,0.001628872003138221,-1.0,-0.6977593378550491,-0.9555600456458122,0.07791298336946906,1.758552153767552,2.4708300741945326,-1.0,-0.6977593378550491,31.597781663591753,0.0,0.05146874191309839,29,True
heart_atrial_appendage,excluded_at_or_below_-1,ENSG00000295307.1,ENSG00000295307,0.07287811513428133,14.871562539557369,-0.9206916930035615,0.07975754637096201,98.37806095693477,14.040490922471863,0.0,0.9245926335748141,0.6521793044854981,-0.9728360379657536,-0.1288486958673991,-0.8908449768290791,0.09660957912757076,5.957723114021741,43.89409983122161,-0.9728360379657536,-0.1288486958673991,14.87156222655472,0.0,9.698925109527263,85,True
heart_atrial_appendage,raw,ENSG00000295307.1,ENSG00000295307,0.821786133389188,355.1363273113626,-0.9891231186995333,0.01073534679548517,1368.8629000636215,113.32766228321063,0.0,1.4328585135145986,0.3597547698902658,-1.0,-0.1288486958673991,-0.979873802669136,0.05916138037801303,7.51356976596222,93.30894755052884,-1.0,-0.1288486958673991,353.6446696137459,0.0,127.22535673981206,461,True
heart_left_ventricle,excluded_at_or_below_-1,ENSG00000295307.1,ENSG00000295307,0.34181293578585464,1.7164355739644113,-0.9431481018275489,0.03778313035318663,32.15856874681294,4.077277766950805,0.0,0.9326582021563847,0.6472315874649482,-0.9680656583866244,-0.834216663568431,-0.9233836069743159,0.032843812741675776,0.967652223532285,0.4267110022414493,-0.9680656583866244,-0.834216663568431,1.7159997759121106,0.0,1.1106492590530908,42,True
heart_left_ventricle,raw,ENSG00000295307.1,ENSG00000295307,1.5097761287490745,397.6241172307721,-0.997969471435098,0.002028727598348426,246.47327671593655,114.15107772489759,0.0,1.4154690051085412,0.36800176784213606,-1.0,-0.834216663568431,-0.9928807776392063,0.024370636988967447,3.766394156515328,14.690321183405505,-1.0,-0.834216663568431,396.7865246014721,0.0,146.01814250927893,452,True
kidney_cortex,excluded_at_or_below_-1,ENSG00000295307.1,ENSG00000295307,0.3684210799228596,11.514535105131786,-0.9499757403866936,0.0023633809219871064,10.842106170174198,144.23876471474958,0.0,3.5657434194371125,0.0017448637821522745,-0.955934677703104,-0.7089293002961319,-0.8662557776077368,0.07721370595490214,0.5661420740037142,-0.8316215981498138,-0.955934677703104,-0.7089293002961319,11.443545749031609,0.0,0.019967428516887875,19,True
kidney_cortex,raw,ENSG00000295307.1,ENSG00000295307,0.48717948717948717,102.2537669774291,-0.9966796653297578,0.0007285924578517952,23.7435897435906,558.5296202601364,0.0,6.444840694782285,9.682046559340716e-10,-1.0,-0.7089293002961319,-0.9755659593706442,0.06114503805416981,2.7028115408810445,6.641296427011939,-1.0,-0.7089293002961319,100.99282494678891,0.0,9.778172332941537e-08,104,True
kidney_medulla,excluded_at_or_below_-1,ENSG00000295307.1,ENSG00000295307,,,,,,,,,,-0.9347158426124578,-0.8749626040110583,,,,,,,,,,3,False
kidney_medulla,raw,ENSG00000295307.1,ENSG00000295307,0.07692307692307863,8.630116566902982,-0.9983717751060532,0.00022320397006062568,2.7692307692307687,781.916752808471,0.0,10.316383382373672,0.0,-1.0,-0.8749626040110583,-0.9760653899738565,0.043494699735180616,1.4177609737426888,0.5595291854820874,-1.0,-0.8749626040110583,8.33376216024785,0.0,0.0,11,True
liver,excluded_at_or_below_-1,ENSG00000295307.1,ENSG00000295307,0.13541970774956427,614189942148.315,-2.631272905035532,0.33070564676719943,10.925777533140629,8.68396331031959,0.0,-7.210904878317425,1.0,-0.945044583508805,-0.6005784049609892,-0.8776133364126576,0.08335101997945929,2.2612370053924096,5.247835631560571,-0.945044583508805,-0.6005784049609892,3.142401295692654,0.0,3.1424012956926197,17,True
liver,raw,ENSG00000295307.1,ENSG00000295307,0.43589743589743596,358.1315867252998,-0.9950202347641998,2.105702229841313e-05,27.589743589743584,26491.161825715426,,334.4466959335211,,-1.0,-0.6005784049609892,-0.9920588806069282,0.03658143814032823,6.575217704642188,54.885763901366495,-1.0,-0.6005784049609892,0.0,0.0,0.0,262,True
lung,excluded_at_or_below_-1,ENSG00000295307.1,ENSG00000295307,-0.9329257143849135,28.97504402483909,-0.5468548378753257,1.9524333938849465,588.2623044461797,2.715020872160305,0.0,0.26613574478258,0.9643132750947682,-0.914276229696816,3.2014456712821016,0.2579886612028146,0.8200032918886884,0.7352600807181404,0.07408011962882899,-0.914276229696816,3.2014456712821016,28.248258001209827,0.0,27.24017018886864,549,True
lung,raw,ENSG00000295307.1,ENSG00000295307,-16.330295314936475,7942.111287770622,-33.70596323810044,14.708514089543858,1259.0035344301778,3.548622105125037,0.0,-3.144655979537626,1.0,-1.0,3.2014456712821016,0.14343671357673055,0.8615538352164953,0.693449568083029,-0.030040354883059006,-1.0,3.2014456712821016,41.93408592327149,0.0,41.93408592327149,604,True
minor_salivary_gland,excluded_at_or_below_-1,ENSG00000295307.1,ENSG00000295307,0.22635448846890913,1.0154574131545266,-0.9045036189141032,0.06603867575698685,10.56073752117901,6.769146346691971,0.0,0.5741141829602535,0.8480621050020859,-0.9313126818341187,-0.5884088842612547,-0.8214334242404213,0.10296902040714194,1.0019103280050776,-0.24446571326184285,-0.9313126818341187,-0.5884088842612547,1.0154552412668851,0.0,0.8611691094441956,19,True
minor_salivary_gland,raw,ENSG00000295307.1,ENSG00000295307,0.6291447921676626,159.10501873003983,-0.9948618457459019,0.004106682199556237,26.125963308203715,139.96975238561453,0.0,1.7694204417609212,0.2103387888746936,-1.0,-0.5884088842612547,-0.9812554423235801,0.06381769540594708,4.0117550483610405,16.93806306272895,-1.0,-0.5884088842612547,158.09180322052006,0.0,33.252838420420716,181,True
muscle_skeletal,excluded_at_or_below_-1,ENSG00000295307.1,ENSG00000295307,0.15331141826356,4.854952444325553,-0.8976767354413455,0.07671680503755388,85.92521772394505,5.3642657300848375,0.0,1.2581839591460293,0.45315921931916625,-0.9659294067940466,-0.606681556824906,-0.8749478910994851,0.06251710138999071,1.7492396971632311,4.540920686766446,-0.9659294067940466,-0.606681556824906,4.854938146183324,0.0,2.2000599801672753,72,True
muscle_skeletal,raw,ENSG00000295307.1,ENSG00000295307,1.8461401474185977,929.0379857085748,-0.9960473146306612,0.0020459915799397503,249.0769232196039,269.13421385086644,0.0,2.7321428455132626,0.023938618269632762,-1.0,-0.606681556824906,-0.9889929684097347,0.03995605174996397,4.432815220669288,23.761099901870054,-1.0,-0.606681556824906,929.0008553691473,0.0,22.238996848844334,818,True
nerve_tibial,excluded_at_or_below_-1,ENSG00000295307.1,ENSG00000295307,1.5528013127555806,24.301039822174975,-0.8828258478810119,0.03716767592072158,223.36273939977806,33.805074691579364,0.0,2.161012177665479,0.09681177382841487,-0.9396205233226927,0.005622752840958,-0.7926793032021021,0.1413045296135157,2.548986305167043,9.12281293609356,-0.9396205233226927,0.005622752840958,24.30103607077297,0.0,2.352626407879824,129,True
nerve_tibial,raw,ENSG00000295307.1,ENSG00000295307,3.307692308762406,615.7292443158699,-0.9882299906263289,0.002173890086654859,1306.307692519542,646.5460408699564,0.0,7.656922025491293,1.8579023217223206e-13,-1.0,0.005622752840958,-0.9600830300195092,0.10253060618474638,3.846078792830995,20.844645345462077,-1.0,0.005622752840958,615.6862895092263,0.0,1.1438849867317913e-10,670,True
ovary,excluded_at_or_below_-1,ENSG00000295307.1,ENSG00000295307,0.642915680543187,15.105377297121066,-0.8656895937260354,0.047801414870563344,60.11814965987465,34.81112057495974,0.0,1.9275139175870404,0.1560916106786491,-0.930840922276974,0.3109508098072007,-0.7702568608034562,0.1907035865201587,3.298551432292623,14.432497780218057,-0.930840922276974,0.3109508098072007,15.10020073935148,0.0,2.3570146549763007,66,True
ovary,raw,ENSG00000295307.1,ENSG00000295307,1.6923076954471632,141.31805368059887,-0.9864215130337214,0.008098948555568286,490.3076943699781,226.54317678652998,0.0,2.371033757340652,0.0603343869543325,-1.0,0.3109508098072007,-0.9214349886685395,0.15572799220371533,3.753006325648102,21.31868060960324,-1.0,0.3109508098072007,140.8880472618958,0.0,8.500393960739506,193,True
pancreas,excluded_at_or_below_-1,ENSG00000295307.1,ENSG00000295307,0.14226319191713752,1.0389294219191423,-0.9088380399961339,0.010566550449838834,8.79802652204555,17.723252138461934,0.0,6.444614351163463,9.577181704419086e-10,-0.9569901327798112,-0.7764155807304902,-0.882831122509699,0.05148383929718891,0.7708650770983522,0.008693851368016148,-0.9569901327798112,-0.7764155807304902,1.038867601338168,0.0,9.949423784849643e-10,10,True
pancreas,raw,ENSG00000295307.1,ENSG00000295307,0.2564102564099245,509.6914722411329,-0.9978880256079474,0.0011211994947808042,9.43589743590412,279.3520124613153,0.0,2.6639173871634263,0.02915072579826875,-1.0,-0.7764155807304902,-0.9967632906770636,0.020877449690959345,7.263816365540944,57.28988249911996,-1.0,-0.7764155807304902,503.1322868300202,0.0,14.666671333637819,362,True
pituitary,excluded_at_or_below_-1,ENSG00000295307.1,ENSG00000295307,0.45236954083100506,8.508601483943387,-0.8942388281801877,0.0862601707192516,44.083373630128115,10.140875002180334,0.0,0.7650579747676567,0.7462782309304693,-0.940903655381281,-0.2756946194379082,-0.8165686223849169,0.13661395370302973,2.028094583325028,3.6915627881720265,-0.940903655381281,-0.2756946194379082,8.508600907234598,0.0,6.349783632744422,79,True
pituitary,raw,ENSG00000295307.1,ENSG00000295307,2.078951904160765,225.94155806968286,-0.9909483605616238,0.006451049245807558,403.2021646057434,156.79953798099223,0.0,1.9843208085540551,0.14079134951162575,-1.0,-0.2756946194379082,-0.9537026235412409,0.10504825912141094,3.26831124099814,12.64774305181254,-1.0,-0.2756946194379082,224.07663477177874,0.0,31.548051803542418,313,True
prostate,excluded_at_or_below_-1,ENSG00000295307.1,ENSG00000295307,-0.04539165658502979,5651813610960.151,-45.35070590615921,8.688072288660152,119.45536428206658,7.840862731571134,0.0,-7.2323696264027735,1.0,-0.9194037292393452,2.818809667599299,-0.14841037755951944,0.6874243792972526,1.2302687323014538,1.2620468144122805,-0.9194037292393452,2.818809667599299,24.512086405508725,0.0,24.512086405508725,217,True
prostate,raw,ENSG00000295307.1,ENSG00000295307,3.2574975478649497,10285794399161.902,-11.89406467924208,2.1485248057998403,784.7744073854576,9.684387346437132,0.0,-7.170749891816305,1.0,-1.0,2.818809667599299,-0.344698765710694,0.7016614608400868,1.3372802826634378,1.540390741909012,-1.0,2.818809667599299,70.24280398175584,0.0,70.24280398175584,282,True
skin_not_sun_exposed_suprapubic,excluded_at_or_below_-1,ENSG00000295307.1,ENSG00000295307,0.4790272332369711,23.3887046711568,-0.895650379693722,0.039017150061176016,61.583184452029386,39.81210602563184,0.0,1.863077473683259,0.1763279454194792,-0.947051366998862,0.2027374143300808,-0.8412163851356552,0.1504486252812051,4.932271324971477,29.88962852357163,-0.947051366998862,0.2027374143300808,23.38591819140898,0.0,4.123590906439168,74,True
skin_not_sun_exposed_suprapubic,raw,ENSG00000295307.1,ENSG00000295307,1.894736793985306,804.100036281207,-0.9921853092420981,0.012470252430199932,1043.5789475956985,135.51256729744316,0.0,0.8862404123281646,0.6754282267150609,-1.0,0.2027374143300808,-0.9819508640553588,0.07131693028142261,8.991501753642112,123.54147531893534,-1.0,0.2027374143300808,803.8567082831621,0.0,542.9475110087023,651,True
skin_sun_exposed_lower_leg,excluded_at_or_below_-1,ENSG00000295307.1,ENSG00000295307,0.4552255592397175,6.050076043822673,-0.878503335124776,0.0773974936994502,83.19698473445325,7.570079423749171,0.0,1.1358068744176548,0.5246487374000085,-0.9406641061323876,-0.4642058131007355,-0.8352536200095729,0.08397201280691391,1.7117831472772755,3.8984595724937385,-0.9406641061323876,-0.4642058131007355,6.0500620315600475,0.0,3.1741574060497095,79,True
skin_sun_exposed_lower_leg,raw,ENSG00000295307.1,ENSG00000295307,2.025641002348494,796.909274200436,-0.994336525770959,0.0025148628813682,324.9743589743753,298.1148790429734,0.0,3.1848106408500683,0.006360800734579057,-1.0,-0.4642058131007355,-0.9827387745102868,0.0572675194708511,4.046396565796893,19.499219556029356,-1.0,-0.4642058131007355,785.9022627404676,0.0,4.998967690146909,754,True
small_intestine_terminal_ileum,excluded_at_or_below_-1,ENSG00000295307.1,ENSG00000295307,0.4462087905099251,15.608346599788133,-1.1266384482373142,0.6419514005751547,67.15876852343763,5.057098642342224,0.0,-0.43656792534843797,1.0,-0.9284679607097148,1.1689211777435895,-0.5368984773947324,0.37668129144339124,1.8672073562493567,4.361555983169082,-0.9284679607097148,1.1689211777435895,14.18956672291634,0.0,14.189566722916338,130,True
small_intestine_terminal_ileum,raw,ENSG00000295307.1,ENSG00000295307,3.1878751425724063,245089414154.45416,-1.907283170333219,0.19955762376084252,757.6524829690758,21.80026915381096,0.0,-6.4296825158421615,1.0,-1.0,1.1689211777435895,-0.7091632949821991,0.37309091728721344,1.9727304097064688,4.9887917372399215,-1.0,1.1689211777435895,258.392645387387,0.0,258.3926453873852,207,True
spleen,excluded_at_or_below_-1,ENSG00000295307.1,ENSG00000295307,,,,,,,,,,-0.9297150995289803,-0.5499675319752322,,,,,,,,,,29,False
spleen,raw,ENSG00000295307.1,ENSG00000295307,1.224152697926533,244.73033602336523,-0.9943744447214544,0.0026146154628274684,50.62671191607985,240.3742700039009,0.0,3.042794125525257,0.00995521316210583,-1.0,-0.5499675319752322,-0.9795075295371037,0.06822131531748778,3.78853256591665,14.854036647656027,-1.0,-0.5499675319752322,239.9709367258734,0.0,2.388961827816278,277,True
stomach,excluded_at_or_below_-1,ENSG00000295307.1,ENSG00000295307,0.5950146726480263,18.942380375225916,-0.9681170025884864,0.33066716932545137,265.79189956200105,5.731379625958855,0.0,-0.07161073526705353,1.0,-0.9513731954619756,0.3719769744945846,-0.7171322303741322,0.226661448142562,2.113217251571167,5.865369852463758,-0.9513731954619756,0.3719769744945846,18.89387200856441,0.0,18.893872008564415,182,True
stomach,raw,ENSG00000295307.1,ENSG00000295307,4.631570710450388,252.22161090415295,-0.9894262466021716,0.01789681262555071,1864.8418713922301,107.57864762939626,0.0,0.8355423825049624,0.7070484092337103,-1.0,0.3719769744945846,-0.8735087614940837,0.2067191274709835,2.5250243074512624,8.521820385032434,-1.0,0.3719769744945846,251.61464158246037,0.0,177.90373207078878,407,True
testis,excluded_at_or_below_-1,ENSG00000295307.1,ENSG00000295307,0.5752535964573906,8.683146474656429,-0.870406002878445,0.10261015214877445,236.70302947999247,4.929904435426557,0.0,1.2432117911402396,0.4617245425165708,-0.9606088933301462,-0.5127102080868926,-0.8346464976213646,0.08448457761899669,1.373931682021296,2.344415577373675,-0.9606088933301462,-0.5127102080868926,8.683038667658085,0.0,4.009172056478124,149,True
testis,raw,ENSG00000295307.1,ENSG00000295307,3.8205128091827403,314.7370418231477,-0.9929833687978656,0.0021429265668822966,711.7435897681564,316.953846211081,0.0,4.63059031587158,2.2523829321192643e-05,-1.0,-0.5127102080868926,-0.9404887153274959,0.09419053790321835,1.6781068925501863,2.6984389246415743,-1.0,-0.5127102080868926,308.4287603085753,0.0,0.0069469967549373735,414,True
thyroid,excluded_at_or_below_-1,ENSG00000295307.1,ENSG00000295307,1.5682709165919513,10.791944507787637,-0.8433901909550624,0.10378405520071332,243.2360852100396,6.137039362029444,0.0,1.5086440584664242,0.3204591782490978,-0.9541041611841222,-0.3930149089863116,-0.7819281090993396,0.11713660942291666,1.2022589343898076,1.0179433181014783,-0.9541041611841222,-0.3930149089863116,10.791911176143946,0.0,3.4583669872443434,195,True
thyroid,raw,ENSG00000295307.1,ENSG00000295307,4.9999999908392905,496.656580278168,-0.9929578695630582,0.0033932482117490894,974.0000023734351,250.03990823900267,0.0,2.934968428610826,0.013476709509684048,-1.0,-0.3930149089863116,-0.9378303819800748,0.11663574910590356,2.0687407960057387,4.050326544268708,-1.0,-0.3930149089863116,496.5435871135648,0.0,6.691773682426009,684,True
uterus,excluded_at_or_below_-1,ENSG00000295307.1,ENSG00000295307,0.35830168178697097,1996456066777.4102,-2.8843293558963703,0.39533478389542764,32.69651658255356,15.163315847248008,0.0,-7.061554786001398,1.0,-0.9103147448322104,1.354483192012447,-0.634692984082105,0.46787454930801164,2.8618296514006225,8.595837879231908,-0.9103147448322104,1.354483192012447,29.654585276153338,0.0,29.654585276153128,33,True
uterus,raw,ENSG00000295307.1,ENSG00000295307,0.6219403194753798,152868924160.8619,-1.9237123670762943,0.2081375659399154,82.30655558335638,22.27405994126441,0.0,-6.276265177561254,1.0,-1.0,1.354483192012447,-0.9212082906843754,0.2623149812823582,5.841850079385385,41.06536717029018,-1.0,1.354483192012447,427.13255435208674,0.0,427.13255435208674,153,True
vagina,excluded_at_or_below_-1,ENSG00000295307.1,ENSG00000295307,0.027013455070463255,4.35750477071675,-0.8812378078348241,0.24478037867696226,32.94876038191344,6.1926796000135065,0.0,0.26569590885151345,0.9653256842180732,-0.9272260142217426,0.1906275015126319,-0.7505792680992174,0.1887083836905044,3.223794400913341,13.188820281772507,-0.9272260142217426,0.1906275015126319,4.357472416882588,0.0,4.206380042288565,42,True
vagina,raw,ENSG00000295307.1,ENSG00000295307,1.0769230769230769,139.74978204207676,-0.9859264098076188,0.0026081577578650787,118.76923076923077,637.95930028949,0.0,7.6310806205368555,2.2719992902347018e-13,-1.0,0.1906275015126319,-0.9383784074127478,0.1424088406801056,4.0037182749615745,23.68580729735406,-1.0,0.1906275015126319,139.2265064032981,0.0,3.1632252373015035e-11,170,True
whole_blood,excluded_at_or_below_-1,ENSG00000295307.1,ENSG00000295307,,,,,,,,,,-0.9190176815368348,-0.2928215681604783,,,,,,,,,,8,False
whole_blood,raw,ENSG00000295307.1,ENSG00000295307,2.634032410166231,732.9209980033514,-0.9913094716308591,0.009253094993474348,4207.371272419018,106.75466608070118,0.0,1.3282326716082167,0.41479200541463235,-1.0,-0.2928215681604783,-0.9972305372414864,0.03380877087799161,15.488565599318246,273.51945755523496,-1.0,-0.2928215681604783,731.3667019994605,0.0,303.36506101584234,803,True
adipose_subcutaneous,excluded_at_or_below_-1,ENSG00000295308.1,ENSG00000295308,2.6341038803850125,32.152848554259414,-0.9428318548669435,0.06580335378387143,1727.955959826426,8.330876377235484,0.0,0.9244417428948963,0.652272541558935,-0.9858461270241238,-0.5551961963168817,-0.8942485573770351,0.08011059971308855,1.6516577175765117,2.84220865702821,-0.9858461270241238,-0.5551961963168817,32.15273691550142,0.0,20.972347425949906,392,True
adipose_subcutaneous,raw,ENSG00000295308.1,ENSG00000295308,10.051281964423882,840.8235124563067,-0.9970795792062127,0.002650859746293687,6949.8974359109925,235.74143216861123,0.0,1.5580223360307486,0.2971962398057905,-1.0,-0.5551961963168817,-0.9419403844422938,0.07932364749631568,1.884349705294706,3.989536246672115,-1.0,-0.5551961963168817,840.5257610554528,0.0,249.80109564558052,714,True
adipose_visceral_omentum,excluded_at_or_below_-1,ENSG00000295308.1,ENSG00000295308,0.4233945121132423,632.8678722482247,-1.5476931384543842,0.4001671452650803,406.51367359682433,6.404841192843788,0.0,-1.992753613600648,1.0,-0.9838217784363654,0.2646265027995744,-0.8562333919327728,0.15104516089276823,3.6337152966141666,19.44087438419523,-0.9838217784363654,0.2646265027995744,86.89740556931586,0.0,86.89740556931586,349,True
adipose_visceral_omentum,raw,ENSG00000295308.1,ENSG00000295308,3.08164928269957,1590341885101.5881,-2.971591209399423,0.41797494235447696,2160.862335469928,10.949706586722687,0.0,-6.67085689893719,1.0,-1.0,0.2646265027995744,-0.9145237713535567,0.13616009119901235,3.8296558303089747,23.091793186786564,-1.0,0.2646265027995744,345.43491561237914,0.0,345.43491561237533,587,True
adrenal_gland,excluded_at_or_below_-1,ENSG00000295308.1,ENSG00000295308,0.6265817821570704,18.21162310442697,-1.00364042792782,0.198499808164754,182.43971428806952,4.083259582886469,0.0,-0.1460857975417472,1.0,-0.983135743515819,-0.4305118245436404,-0.8602498272485853,0.1037084098126117,1.4157306023053469,2.2887339138005984,-0.983135743515819,-0.4305118245436404,18.013964884439922,0.0,18.013964884439922,230,True
adrenal_gland,raw,ENSG00000295308.1,ENSG00000295308,2.1689976910025335,4101641535145.8633,-4.370018196092753,0.6709446922559265,1424.3696533819757,8.303670040175007,0.0,-7.1033059704726895,1.0,-1.0,-0.4305118245436404,-0.8910422381938121,0.10836981184622783,1.3679952652149463,2.130127865175119,-1.0,-0.4305118245436404,45.32388348714993,0.0,45.32388348714993,295,True
artery_aorta,excluded_at_or_below_-1,ENSG00000295308.1,ENSG00000295308,0.640169720454968,8.663487467106485,-0.9577896433452583,0.00988054999366577,57.570806155761545,19.907833259974893,0.0,3.313135842022475,0.004134981461814847,-0.9809372111482269,-0.8187014978033115,-0.9412547283155983,0.029263406592187645,1.8643635498093638,3.9653302667096586,-0.9809372111482269,-0.8187014978033115,8.662083055553737,0.0,0.03581755285541521,63,True
artery_aorta,raw,ENSG00000295308.1,ENSG00000295308,1.6153846154486085,437.06015628880544,-0.9979808338291579,0.0009317355730389169,265.2307692424097,272.1150461542007,0.0,3.064745262624467,0.009233432422347034,-1.0,-0.8187014978033115,-0.9921589997539888,0.02264316486214388,3.495720695150005,14.375765881768974,-1.0,-0.8187014978033115,432.1027916161813,0.0,3.9897919258954095,472,True
artery_coronary,excluded_at_or_below_-1,ENSG00000295308.1,ENSG00000295308,0.8363502663384302,9.988752147759781,-0.9589447185571206,0.010470217169745673,77.92507223864831,24.97056573399174,0.0,1.5308642756581694,0.3098654064470671,-0.9702785664638328,-0.7740735979269475,-0.9299789136244392,0.043257729364046274,1.5548428469586224,1.8448309094893398,-0.9702785664638328,-0.7740735979269475,9.987199350047803,0.0,3.0946875858704463,69,True
artery_coronary,raw,ENSG00000295308.1,ENSG00000295308,1.917768473967164,185.74712811909836,-0.997197299649111,0.0026480010546194263,511.41677465915313,119.16330792690077,0.0,1.496833560764875,0.32742711056404744,-1.0,-0.7740735979269475,-0.9819721829853967,0.03764842573059891,2.5929881000606883,7.278469858412198,-1.0,-0.7740735979269475,185.04900465022948,0.0,60.59006090537763,268,True
artery_tibial,excluded_at_or_below_-1,ENSG00000295308.1,ENSG00000295308,1.199796376050257,17.931943483116438,-0.9604081483663016,0.009501186854164624,137.03030117217008,29.984691970882267,0.0,2.5628833348936433,0.037472633351269595,-0.9776265049838044,-0.7589603835026502,-0.9349652046096555,0.04244930965823605,2.028594629035641,4.3759900203080395,-0.9776265049838044,-0.7589603835026502,17.93120641621007,0.0,0.6719295235805729,103,True
artery_tibial,raw,ENSG00000295308.1,ENSG00000295308,2.641105451682138,641.2146370619282,-0.9970707824363954,0.0002775081755537461,786.974359222779,1213.4379639166812,0.0,14.927629419658496,0.0,-1.0,-0.7589603835026502,-0.9903059566929008,0.02834832380446201,4.022596921893668,20.045173996395796,-1.0,-0.7589603835026502,544.2071388797623,0.0,0.0,691,True
bladder,excluded_at_or_below_-1,ENSG00000295308.1,ENSG00000295308,0.38652510612373847,1.8354992205062675,-0.9638261727534543,0.003453723604473972,8.481792586342788,24.202103688976198,0.0,3.94155061138096,0.000423101943245595,-0.973452036022586,-0.90472097180468,-0.9457128061239195,0.0230862359011752,0.5598246928650855,-1.1627909290585214,-0.973452036022586,-0.90472097180468,1.8354749853486596,0.0,0.0007765930330796977,22,True
bladder,raw,ENSG00000295308.1,ENSG00000295308,0.5641019028474357,64.23304288517417,-0.9989937209509712,0.00045403827388662056,23.589743618508102,293.63559874287995,0.0,3.134302900252655,0.00745506165078295,-1.0,-0.90472097180468,-0.9844893731782626,0.02750694226903508,1.6041348301447944,1.337716613193658,-1.0,-0.90472097180468,63.39927910442747,0.0,0.4726455343387015,77,True
brain_amygdala,excluded_at_or_below_-1,ENSG00000295308.1,ENSG00000295308,0.12238577340654926,278434136480.6039,-1.4710557959074448,0.09896278023557918,4.750460387452038,10.02698601011438,0.0,-6.9524302940125935,1.0,-0.9845438223304048,-0.7693948591539689,-0.9513054382047047,0.059065708120948385,2.287682629846829,3.9461568636680795,-0.9845438223304048,-0.7693948591539689,8.884461730979297,0.0,8.884461730978888,21,True
brain_amygdala,raw,ENSG00000295308.1,ENSG00000295308,0.5384615383741423,189.39307410655096,-0.9976423667216421,0.0012656405759252684,55.69230769613309,255.041381352741,0.0,2.6343948043216967,0.031160760043439564,-1.0,-0.7693948591539689,-0.9943503547088332,0.025143176432067912,6.959759227066288,53.508082016277385,-1.0,-0.7693948591539689,189.12388691718644,0.0,5.893244058709006,181,True
brain_anterior_cingulate_cortex_ba24,excluded_at_or_below_-1,ENSG00000295308.1,ENSG00000295308,0.18812317224838485,17.501544480348816,-0.9818384647960775,0.008510264460925038,7.709103224066755,31.120209456602087,0.0,-0.6000608546543308,1.0,-0.9782274991671044,-0.7945674474607239,-0.9529317882285653,0.04429261668127679,2.420440235602621,5.4718628795623,-0.9782274991671044,-0.7945674474607239,14.617984977858567,0.0,14.61798497785838,23,True
brain_anterior_cingulate_cortex_ba24,raw,ENSG00000295308.1,ENSG00000295308,0.5897276183793858,275.2291087894885,-0.9980500544260753,0.001182045292072256,133.43589748735113,243.44909996887267,0.0,2.3329389279995625,0.06633859007310772,-1.0,-0.7945674474607239,-0.9953537816706309,0.01959560110402193,6.747189572318101,55.56254175970676,-1.0,-0.7945674474607239,272.94910562618225,0.0,18.10705882895698,233,True
brain_caudate_basal_ganglia,excluded_at_or_below_-1,ENSG00000295308.1,ENSG00000295308,0.15721233618487224,6.934047013385022,-0.9773071687828394,0.012197495971646483,8.852878674886412,26.94380365761712,0.0,1.4197496517647397,0.36500500237300576,-0.9895524131496716,-0.7449186913147414,-0.9554827707227479,0.05414488476425906,2.834884892228286,7.4689155966058145,-0.9895524131496716,-0.7449186913147414,6.934044818891149,0.0,2.5309610455738922,29,True
brain_caudate_basal_ganglia,raw,ENSG00000295308.1,ENSG00000295308,0.7368421051473548,286.2335724520542,-0.9962816332374227,0.0022113213126793508,127.36842105250098,160.7549655976216,0.0,2.3780192753366007,0.05931939806358698,-1.0,-0.7449186913147414,-0.9956966678365324,0.021170027271821948,8.526546803099157,85.48597062352,-1.0,-0.7449186913147414,285.47065422541516,0.0,16.93394737346991,300,True
brain_cerebellar_hemisphere,excluded_at_or_below_-1,ENSG00000295308.1,ENSG00000295308,0.3381507974965546,7.939904231137172,-0.9628026174201251,0.014337168391169365,29.502344733363635,19.268088785633026,0.0,1.7859815934290408,0.20294032013514954,-0.9809087362764268,-0.7674644868537156,-0.9469978927876705,0.0384560369086509,3.209381204052133,11.251809067461913,-0.9809087362764268,-0.7674644868537156,7.939731195609765,0.0,1.6112915906240792,50,True
brain_cerebellar_hemisphere,raw,ENSG00000295308.1,ENSG00000295308,1.2820512902733345,248.18022312050684,-0.9974367073700983,0.001114909952131294,213.8974358974722,291.7095076616778,0.0,3.251422408247811,0.005160317402549549,-1.0,-0.7674644868537156,-0.9904328326331535,0.026069280528243127,4.547115608875287,28.768879031281074,-1.0,-0.7674644868537156,243.4809095401756,0.0,1.2564387746887218,277,True
brain_cerebellum,excluded_at_or_below_-1,ENSG00000295308.1,ENSG00000295308,0.5577798020221821,4.954191558776342,-0.957002537484358,0.012559485200991287,32.746785710047305,16.416370208110187,0.0,2.8856420235784213,0.015555205846914838,-0.9826296275185364,-0.811210442026883,-0.9412546279999319,0.031681545669841445,1.8456137732240385,4.598256515292232,-0.9826296275185364,-0.811210442026883,4.953671252863292,0.0,0.07705537603623303,48,True
brain_cerebellum,raw,ENSG00000295308.1,ENSG00000295308,1.2461159769303705,216.65723502823678,-0.9976402753981638,0.0006098282454428699,120.9416056970405,432.33746674549707,0.0,5.472285943329957,3.3484555473045694e-07,-1.0,-0.811210442026883,-0.9893993313684087,0.0262737564907402,3.0517450251813174,11.265371431378703,-1.0,-0.811210442026883,203.355618553007,0.0,6.809272490193585e-05,266,True
brain_cortex,excluded_at_or_below_-1,ENSG00000295308.1,ENSG00000295308,0.27563987882948504,309.0562207696393,-1.0631535695580425,0.04136689102827222,46.48409253169341,5.100510566980047,0.0,-2.94829370288865,1.0,-0.9769135930992674,-0.9139595083309936,-0.9609068522445587,0.017011653944454013,1.3498672182083273,0.8638861539521696,-0.9769135930992674,-0.9139595083309936,4.003352624589632,0.0,4.003352624589697,34,True
brain_cortex,raw,ENSG00000295308.1,ENSG00000295308,1.6550503009478057,221.1663495792148,-0.9989675315624866,0.0011747249913375386,347.8897189610612,102.33841984379937,0.0,1.2429554813430077,0.46211504310160406,-1.0,-0.9139595083309936,-0.995077159171537,0.014294840799129098,3.217379624977871,10.698055578303096,-1.0,-0.9139595083309936,221.04965840794156,0.0,102.15037242278078,270,True
brain_frontal_cortex_ba9,excluded_at_or_below_-1,ENSG00000295308.1,ENSG00000295308,0.47511367960489964,62728120917.75863,-1.1021205239894967,0.026001776865719032,21.404487839795923,10.397555543031373,0.0,-6.769883022028242,1.0,-0.9776492330690396,-0.9109507273110108,-0.9584718304610824,0.020270496328313466,1.0951419126343822,0.14465901708733497,-0.9776492330690396,-0.9109507273110108,7.00355318096587,0.0,7.0035531809649,30,True
brain_frontal_cortex_ba9,raw,ENSG00000295308.1,ENSG00000295308,1.5053436255438164,224.62973845799252,-0.9989294351230257,0.0012085750703436267,326.59115845070244,102.94824445819114,0.0,1.252720998114824,0.45655688523283816,-1.0,-0.9109507273110108,-0.99536860562763,0.014696375283788272,3.6064413519794543,13.563810314025034,-1.0,-0.9109507273110108,224.4920883418645,0.0,102.49340861277632,269,True
brain_hippocampus,excluded_at_or_below_-1,ENSG00000295308.1,ENSG00000295308,0.23260565930869645,6.190686330564074,-0.9961292130579823,0.028678724622260468,46.641273860511475,7.257595549087508,0.0,-0.8262699939521827,1.0,-0.9793733494100422,-0.8489530087633772,-0.9505876208654555,0.03513777637190999,1.5931378280850361,1.4154095070054042,-0.9793733494100422,-0.8489530087633772,4.400353622322675,0.0,4.4003536223226485,29,True
brain_hippocampus,raw,ENSG00000295308.1,ENSG00000295308,0.7620608314098984,233.30667869837248,-0.9982973953590314,0.0009886463135572229,69.44924151647929,213.63034898490045,0.0,2.4354984604692698,0.05172452624993898,-1.0,-0.8489530087633772,-0.9943805529611695,0.019574614883815594,4.6487896928832555,24.453411513583443,-1.0,-0.8489530087633772,232.3745813982434,0.0,12.01946513535202,255,True
brain_hypothalamus,excluded_at_or_below_-1,ENSG00000295308.1,ENSG00000295308,0.42901080615985665,10.165160054067385,-0.9777213196082516,0.003730618179562743,24.99482525174552,76.53259661919664,0.0,3.3470307074236,0.0036933523693244747,-0.9865506039093556,-0.7758325074279924,-0.9526347408647365,0.04428809024269986,2.6858431164995236,7.403712903165129,-0.9865506039093556,-0.7758325074279924,10.164280337959097,0.0,0.037540268868679394,30,True
brain_hypothalamus,raw,ENSG00000295308.1,ENSG00000295308,0.7894736844467002,301.1276242445545,-0.9979214514289384,0.0013527914443413986,92.93905832199079,232.17266635816577,0.0,2.1729229524199396,0.09579148212905833,-1.0,-0.7758325074279924,-0.9944709814238992,0.021316911607457405,6.444539422387457,52.545094033027475,-1.0,-0.7758325074279924,296.580477966032,0.0,28.409883554910667,257,True
brain_nucleus_accumbens_basal_ganglia,excluded_at_or_below_-1,ENSG00000295308.1,ENSG00000295308,0.2970624864970154,20.973189771514516,-0.9725056671037586,0.00774088157564991,25.7260974226945,71.63901570986043,0.0,2.000673483707614,0.13522971467772496,-0.9834566132132952,-0.5803802119669814,-0.9530951428620389,0.06314638556140958,5.325813855491549,28.936173096257605,-0.9834566132132952,-0.5803802119669814,20.961304743470688,0.0,2.834591259732384,40,True
brain_nucleus_accumbens_basal_ganglia,raw,ENSG00000295308.1,ENSG00000295308,0.9472884411333233,234.83507471318103,-0.994763338905951,0.005143629213570792,443.2181144151624,113.93244221210759,0.0,1.4397921843231996,0.35618273621514024,-1.0,-0.5803802119669814,-0.9934168621560756,0.028529855482316412,11.089201967802275,153.06103413967065,-1.0,-0.5803802119669814,233.85331664527564,0.0,83.29451419569986,285,True
brain_putamen_basal_ganglia,excluded_at_or_below_-1,ENSG00000295308.1,ENSG00000295308,0.1430922122518764,4.242072983572876,-0.9750170597560142,0.012456119869262105,20.572253959156416,15.687280288144814,0.0,0.6385290122560302,0.8156322872510231,-0.9806410999492904,-0.8368465253397323,-0.9582785218295374,0.034277367375554285,2.6378878303092974,6.083194281787868,-0.9806410999492904,-0.8368465253397323,4.24178455024999,0.0,3.459736434746451,25,True
brain_putamen_basal_ganglia,raw,ENSG00000295308.1,ENSG00000295308,0.6410256410417182,285.5861238012436,-0.9983647837920684,0.0008547487900945551,70.97435897743921,267.2379467760438,0.0,2.705525840420921,0.02573421675887828,-1.0,-0.8368465253397323,-0.9958935552981829,0.016325781628698566,6.366448667815139,50.3055779814854,-1.0,-0.8368465253397323,285.58576527890165,0.0,7.34932598693739,254,True
brain_spinal_cord_cervical_c-1,excluded_at_or_below_-1,ENSG00000295308.1,ENSG00000295308,0.06652478741474196,1864912367.4530156,-1.6536334937195123,0.1522523404204048,11.745064412773651,8.040551142358591,0.0,-6.267011917837226,1.0,-0.9789353736334876,-0.7879985130735758,-0.9521121733469172,0.041210946902769406,3.080602268745974,9.67035244959435,-0.9789353736334876,-0.7879985130735758,5.522096684667879,0.0,5.52209668466788,22,True
brain_spinal_cord_cervical_c-1,raw,ENSG00000295308.1,ENSG00000295308,0.5640979375959069,245.61546300282157,-0.9979865640057888,0.001156724587708587,61.58974360445585,256.73176892773273,0.0,2.4616304695523867,0.04876465157559487,-1.0,-0.7879985130735758,-0.9948356265374126,0.019935328702410077,6.660346455048279,58.20075331552757,-1.0,-0.7879985130735758,243.39957918246043,0.0,11.869295672479081,204,True
brain_substantia_nigra,excluded_at_or_below_-1,ENSG00000295308.1,ENSG00000295308,0.0947760613500947,5.295240984326811,-0.9866491173957992,0.036626666896775156,9.903124188581005,10.764843404867975,0.0,-0.08266653499941616,1.0,-0.9845081397376204,-0.7078508198286119,-0.9478136969025731,0.05591533550126123,3.23776200280632,10.907861446323748,-0.9845081397376204,-0.7078508198286119,5.277178667818643,0.0,5.277178667818643,27,True
brain_substantia_nigra,raw,ENSG00000295308.1,ENSG00000295308,0.7105261318231617,211.71905974920185,-0.9976469324108318,0.002332822751737564,86.32101073954469,175.68141104227405,0.0,1.4264864723664545,0.36200898881547305,-1.0,-0.7078508198286119,-0.9923003815102157,0.02812576980450798,6.8337434079154304,59.199314929649745,-1.0,-0.7078508198286119,211.43436397986173,0.0,76.54114030519243,183,True
breast_mammary_tissue,excluded_at_or_below_-1,ENSG00000295308.1,ENSG00000295308,2.695709383208235,28.468439918551738,-0.9615464695929821,0.014537329349010081,539.2129637967298,33.41726183038684,0.0,2.1070347570119283,0.10867361416457554,-0.9832056157272436,-0.6180355925262588,-0.9201796532735508,0.057282708914659704,1.9462993675532114,5.2048950892493515,-0.9832056157272436,-0.6180355925262588,28.457297293940517,0.0,3.092557346288312,187,True
breast_mammary_tissue,raw,ENSG00000295308.1,ENSG00000295308,4.825225364368261,324.6512297481565,-0.9952185187044977,7.915103462421048e-05,2058.394906587171,6739.232307314342,0.0,85.43205693314319,0.0,-1.0,-0.6180355925262588,-0.970960301871895,0.051645363362459965,2.5116978257784384,8.269000512667978,-1.0,-0.6180355925262588,3.239939937316194e-05,0.0,0.0,514,True
cells_cultured_fibroblasts,excluded_at_or_below_-1,ENSG00000295308.1,ENSG00000295308,0.5067709349533214,5.862226987253254,-0.9631599648035384,0.021718933938159588,61.56202730185795,7.181424948574585,0.0,0.6501500105803175,0.8094978652992537,-0.9731447121609268,-0.8528704737466042,-0.9464372149540908,0.02494150518067494,1.7374325853476134,3.0743111863692576,-0.9731447121609268,-0.8528704737466042,5.86218961445689,0.0,4.745429978882307,76,True
cells_cultured_fibroblasts,raw,ENSG00000295308.1,ENSG00000295308,1.9487179484728985,593.8225842104963,-0.9982710185123495,0.0005985220224717388,289.8974358974407,343.55865726538525,0.0,4.085311779890061,0.0002376697030420644,-1.0,-0.8528704737466042,-0.9937564851786977,0.019171865804618986,3.6090793851846836,14.79694929299555,-1.0,-0.8528704737466042,593.6696833436931,0.0,0.1410972973453728,652,True
cells_ebv-transformed_lymphocytes,excluded_at_or_below_-1,ENSG00000295308.1,ENSG00000295308,0.8512951616027852,20.075000854531304,-0.9710733291910087,0.005314488516621356,48.98061311920891,43.7070126828032,0.0,4.276461079359334,0.00010690350224022428,-0.9871438887604532,-0.8068262711944727,-0.9535403557122796,0.029425373011093214,2.288041295236356,6.942316086299824,-0.9871438887604532,-0.8068262711944727,20.065453387393884,0.0,0.002145067241150378,76,True
cells_ebv-transformed_lymphocytes,raw,ENSG00000295308.1,ENSG00000295308,1.948717957365007,254.5371215291567,-0.9976395718481383,0.0003674855423863324,529.8974358974526,734.3166643053909,0.0,9.08375737367324,9.436007548169508e-19,-1.0,-0.8068262711944727,-0.9892020398597346,0.02419615389490452,3.127668951093199,13.096308135127327,-1.0,-0.8068262711944727,235.31626462938897,0.0,2.220446049250313e-16,327,True
cervix_ectocervix,excluded_at_or_below_-1,ENSG00000295308.1,ENSG00000295308,,,,,,,,,,-0.9678511853749024,-0.8356114508661072,,,,,,,,,,7,False
cervix_ectocervix,raw,ENSG00000295308.1,ENSG00000295308,0.17948717948717946,21.027448377647932,-0.9978175217925841,0.0002701142591643872,5.743589743589743,849.2481149018878,0.0,11.426609946696889,0.0,-1.0,-0.8356114508661072,-0.9766876093106264,0.046646584160019454,2.146475129611693,3.5657495709123648,-1.0,-0.8356114508661072,20.978587479695516,0.0,0.0,24,True
cervix_endocervix,excluded_at_or_below_-1,ENSG00000295308.1,ENSG00000295308,,,,,,,,,,-0.956963526945928,-0.9017138565938434,,,,,,,,,,4,False
cervix_endocervix,raw,ENSG00000295308.1,ENSG00000295308,0.10256410257183844,20.708034059186538,-0.9989196776849681,0.000490124801266392,3.589743589849331,280.47915586700515,0.0,3.117178452723112,0.007914946426309938,-1.0,-0.9017138565938434,-0.9862444469518922,0.03206134629124664,1.990999814355966,2.218148607549262,-1.0,-0.9017138565938434,20.310202479950018,0.0,0.16075416453632058,23,True
colon_sigmoid,excluded_at_or_below_-1,ENSG00000295308.1,ENSG00000295308,0.29012058309180677,11.573547209945634,-0.9861110243380193,0.05933639358326155,106.84787793732013,6.356208735207877,0.0,-0.21474296936909065,1.0,-0.977101017866054,-0.7194225175634255,-0.9342108315300113,0.048862667828722194,2.5066235345525736,6.837875588391416,-0.977101017866054,-0.7194225175634255,11.309745728892034,0.0,11.309745728892038,90,True
colon_sigmoid,raw,ENSG00000295308.1,ENSG00000295308,2.307692307692308,338.47403053533066,-0.9966682457342348,0.0009322055875236893,604.3076923076924,420.5989259629915,0.0,5.054477394473037,2.8429952667484677e-06,-1.0,-0.7194225175634255,-0.9858686750303127,0.035215001239774946,3.855259986943076,19.36118296311877,-1.0,-0.7194225175634255,337.3864113564016,0.0,0.0009591879705515005,419,True
colon_transverse,excluded_at_or_below_-1,ENSG00000295308.1,ENSG00000295308,1.3055037932638103,34.63663266142873,-0.9430985597866058,0.0670347217379891,660.0905439581405,11.851183229490402,0.0,1.0933053277312328,0.550119674305979,-0.9949220045399868,-0.3813441040297854,-0.9020940055601895,0.08393054399987379,2.3923232371555945,8.245023069977753,-0.9949220045399868,-0.3813441040297854,34.63528757235328,0.0,19.053553118796906,284,True
colon_transverse,raw,ENSG00000295308.1,ENSG00000295308,5.436013461902741,1162478022342.2373,-1.5551928209912866,0.118556481358021,3978.678555402119,14.002378922566589,0.0,-6.622676450788029,1.0,-1.0,-0.3813441040297854,-0.9419513519396531,0.08055498809236598,2.475077492661777,9.097934996040548,-1.0,-0.3813441040297854,347.8089667076691,0.0,347.8089667076691,479,True
esophagus_gastroesophageal_junction,excluded_at_or_below_-1,ENSG00000295308.1,ENSG00000295308,0.8310947120976439,9.869664778822864,-0.9600949932941525,0.0119124598233313,77.76600122174858,21.454378969848918,0.0,3.43080009375437,0.002780725762883224,-0.9889939300361748,-0.7793765825019471,-0.942598394333263,0.034467546658008094,2.115878914372813,6.207120482163198,-0.9889939300361748,-0.7793765825019471,9.868171393549469,0.0,0.02744067842659026,73,True
esophagus_gastroesophageal_junction,raw,ENSG00000295308.1,ENSG00000295308,1.8717948538997875,352.7899211180835,-0.997446696738274,0.0007596205812633397,362.3589743589743,405.98914867256696,0.0,4.753578550464163,1.2407900976903085e-05,-1.0,-0.7793765825019471,-0.9896021905367945,0.026509064626726853,3.4049113661629855,15.086812819974305,-1.0,-0.7793765825019471,352.41002817570615,0.0,0.004372668732871787,403,True
esophagus_mucosa,excluded_at_or_below_-1,ENSG00000295308.1,ENSG00000295308,0.30787911332729184,5.8889271889938435,-0.9651592477054,0.04285871753186751,120.51447079679858,5.1263272271895675,0.0,0.6916117021440333,0.787287416621231,-0.9861190174124488,-0.8098023649462199,-0.9454535158650215,0.03149289165749467,1.5913133205530965,3.4691912146818673,-0.9861190174124488,-0.8098023649462199,5.888903760983229,0.0,4.636259828715539,89,True
esophagus_mucosa,raw,ENSG00000295308.1,ENSG00000295308,2.2820512733818936,569.4417964697366,-0.9978985941344789,0.0009434890859170925,313.8974358986004,281.94098089720654,0.0,3.1498368337584624,0.007124505969730789,-1.0,-0.8098023649462199,-0.9920934249380895,0.022621736221950125,3.572510596207173,15.265440439514666,-1.0,-0.8098023649462199,560.1112528043832,0.0,3.9905159643183272,614,True
esophagus_muscularis,excluded_at_or_below_-1,ENSG00000295308.1,ENSG00000295308,0.4803827976880942,17.508511747349914,-0.9632922875357187,0.011491088924280813,59.132661773933066,25.80851960631428,0.0,3.0450955871958585,0.009693987776646167,-0.9880349891377922,-0.7535870480367057,-0.950852291622789,0.0312853815039351,3.6877056571837192,18.619799369097322,-0.9880349891377922,-0.7535870480367057,17.507563422733448,0.0,0.16971810581883562,80,True
esophagus_muscularis,raw,ENSG00000295308.1,ENSG00000295308,2.0308758066979133,483.4850977026771,-0.9970280772819706,0.0011173185753573249,771.9136760871128,308.12841815201807,0.0,3.761624935679445,0.0008518619368788167,-1.0,-0.7535870480367057,-0.992991414135157,0.02083123242927761,4.836371896860185,36.77921445425811,-1.0,-0.7535870480367057,480.19655253176614,0.0,0.4090611653222407,561,True
fallopian_tube,excluded_at_or_below_-1,ENSG00000295308.1,ENSG00000295308,,,,,,,,,,-0.9674082302238376,-0.8067631777903244,,,,,,,,,,6,False
fallopian_tube,raw,ENSG00000295308.1,ENSG00000295308,0.15384615384615383,26.92439164698552,-0.9976799552702652,0.00023543263288836502,7.076923076923079,1146.8125411685094,0.0,13.936210464332028,0.0,-1.0,-0.8067631777903244,-0.9821696185173611,0.04405079115993323,2.854465900587508,7.747440613818407,-1.0,-0.8067631777903244,25.128782658859503,0.0,0.0,29,True
heart_atrial_appendage,excluded_at_or_below_-1,ENSG00000295308.1,ENSG00000295308,0.7845610400388768,11.431869027840007,-0.971671366565407,0.009921490332520442,80.44497894757149,16.17318035070325,0.0,2.146972617303381,0.09978599971964387,-0.9867335669526084,-0.8582075611226481,-0.9615570071987275,0.02089086431901848,2.198364955722089,6.407914546803738,-0.9867335669526084,-0.8582075611226481,11.43165958820533,0.0,1.1407195804637213,93,True
heart_atrial_appendage,raw,ENSG00000295308.1,ENSG00000295308,2.384615346679302,374.24186173557814,-0.9982239708832933,2.3727715418892918e-05,557.230769872505,8345.224230084428,0.0,105.8544583696582,0.0,-1.0,-0.8582075611226481,-0.9922446890878127,0.018049806969998406,2.977857678678397,11.345213554132226,-1.0,-0.8582075611226481,7.730065920696916e-09,0.0,0.0,461,True
heart_left_ventricle,excluded_at_or_below_-1,ENSG00000295308.1,ENSG00000295308,0.1727766768339819,1.2449151618827812,-0.9805605836742822,0.014349631744987799,21.79919133296756,3.95842697373192,0.0,0.4523606580510073,0.9027111295108471,-0.9851505614765456,-0.9403955259533224,-0.971731901585161,0.011038871248966296,1.1506842528205772,0.9197053854996775,-0.9851505614765456,-0.9403955259533224,1.2444161076896925,0.0,1.1233482701540545,26,True
heart_left_ventricle,raw,ENSG00000295308.1,ENSG00000295308,0.6666574625618957,468.33781302305437,-0.999346323190749,0.0002944387088020549,40.66666673400228,283.1455731655254,0.0,3.1396639824051675,0.007390600875261437,-1.0,-0.9403955259533224,-0.9983739589407394,0.007083215340750775,4.817507696893609,24.825129478937008,-1.0,-0.9403955259533224,458.514141924128,0.0,3.388695018624181,452,True
kidney_cortex,excluded_at_or_below_-1,ENSG00000295308.1,ENSG00000295308,0.41592184147778105,4.05433586559716,-0.9762001657196449,0.015205072000058484,24.779443413391572,25.009283506094484,0.0,1.4985695271435235,0.32535544624317975,-0.99231220011357,-0.7073101150953671,-0.9303393595666194,0.063842016537274,1.726444082983299,3.112169303592066,-0.99231220011357,-0.7073101150953671,4.0542616706958,0.0,1.3190761150558514,31,True
kidney_cortex,raw,ENSG00000295308.1,ENSG00000295308,,,,,,,,,,,,,,,,,,,,,104,False
kidney_medulla,excluded_at_or_below_-1,ENSG00000295308.1,ENSG00000295308,,,,,,,,,,-0.9594441790294492,-0.4595729195023039,,,,,,,,,,8,False
kidney_medulla,raw,ENSG00000295308.1,ENSG00000295308,0.06524093137584559,303.7646483922677,-1.5392194317524066,0.2434521008136914,14.007802659203431,6.271667958870361,0.0,-3.1323263628887164,1.0,-1.0,-0.4595729195023039,-0.8828165285705668,0.17400574358379767,1.6739013484202732,1.360559522165591,-1.0,-0.4595729195023039,2.2490740730003385,0.0,2.249074073000339,11,True
liver,excluded_at_or_below_-1,ENSG00000295308.1,ENSG00000295308,1.8065037115731417,16.71178365614993,-0.4176055700745776,1.050007264663203,278.0280314299213,6.045322822447127,0.0,0.728136312610535,0.7671434669893403,-0.9582229409214548,4.070848684424448,0.2518326861724559,0.9609293473789982,1.1733619498558263,0.999990059260293,-0.9582229409214548,4.070848684424448,16.711619640743425,0.0,12.820209830207066,262,True
liver,raw,ENSG00000295308.1,ENSG00000295308,1.8065037115731417,16.71178365614993,-0.4176055700745776,1.050007264663203,278.0280314299213,6.045322822447127,0.0,0.728136312610535,0.7671434669893403,-0.9582229409214548,4.070848684424448,0.2518326861724559,0.9609293473789982,1.1733619498558263,0.999990059260293,-0.9582229409214548,4.070848684424448,16.711619640743425,0.0,12.820209830207066,262,True
lung,excluded_at_or_below_-1,ENSG00000295308.1,ENSG00000295308,1.48597782841386,23.489710005691435,-0.9560179890576448,0.011180350304977226,112.95622950392013,25.61799626344959,0.0,3.245368809499279,0.005163883624405342,-0.9816749061771232,-0.7534897571431203,-0.9318695933428824,0.04542763295659835,2.0440442793028057,3.9973706707216623,-0.9816749061771232,-0.7534897571431203,23.486350920367467,0.0,0.12128078291472288,141,True
lung,raw,ENSG00000295308.1,ENSG00000295308,3.4823048882196352,441.1065459026489,-0.9969840737402504,0.0030893422952337816,1740.3669971529964,111.46481418510838,0.0,1.380605776910952,0.3863074544995472,-1.0,-0.7534897571431203,-0.9840953852009047,0.03620961094624242,3.154113192887798,12.009885158413722,-1.0,-0.7534897571431203,440.2628802634908,0.0,170.07683258522806,604,True
minor_salivary_gland,excluded_at_or_below_-1,ENSG00000295308.1,ENSG00000295308,0.540630149426646,4.459727769689553,-0.9661798437230963,0.001755814702079348,27.190264680624956,75.77515485633064,0.0,9.605301277501608,0.0,-0.9781052909466672,-0.872101315211584,-0.950229935212721,0.02719518150169756,1.244715205750672,0.8478149269931534,-0.9781052909466672,-0.872101315211584,4.4529302060090865,0.0,0.0,27,True
minor_salivary_gland,raw,ENSG00000295308.1,ENSG00000295308,0.7102091090395728,144.21653252606168,-0.9984090002473645,0.0015026146280604138,139.2004120225414,118.87681503548374,0.0,1.497398857891983,0.32726355087794456,-1.0,-0.872101315211584,-0.9925757361919529,0.02056601340010829,3.24622292610335,11.210137022397108,-1.0,-0.872101315211584,143.6247025512337,0.0,47.00313015070532,181,True
muscle_skeletal,excluded_at_or_below_-1,ENSG00000295308.1,ENSG00000295308,0.45589517135309593,5.3842194920467055,-0.9727236059714396,0.020480634030420837,105.29733784165876,6.155615226942061,0.0,0.7032185001143537,0.7809478543444229,-0.9829076129188032,-0.8835780157654347,-0.9595324670850587,0.020654537574162697,1.6585523359502314,2.640691082894776,-0.9829076129188032,-0.8835780157654347,5.384158985339932,0.0,4.204747407050465,78,True
muscle_skeletal,raw,ENSG00000295308.1,ENSG00000295308,2.0000000064205388,840.1427487153051,-0.9987710943705905,0.0006287353637862081,298.00000005196154,259.1036283912855,0.0,2.764175689946807,0.02213986691703095,-1.0,-0.8835780157654347,-0.9961412376927072,0.013477546544827829,4.257435396524699,20.999892365000953,-1.0,-0.8835780157654347,831.8179082519212,0.0,18.416337787899938,818,True
nerve_tibial,excluded_at_or_below_-1,ENSG00000295308.1,ENSG00000295308,0.8336721348120908,47.20317190914478,-0.9487689294666747,0.07343153801977449,967.978145458227,15.507254812940262,0.0,0.6000381690414253,0.8352809124084772,-0.979925274445678,-0.1435711844613566,-0.9014064292641667,0.08602689005079514,4.143799200011426,27.443916739022168,-0.979925274445678,-0.1435711844613566,47.201486149197464,0.0,39.426500417737756,247,True
nerve_tibial,raw,ENSG00000295308.1,ENSG00000295308,4.827074237951584,239894973656.94336,-1.4108677988971725,0.09388045888943153,5573.894855777005,19.090533651901396,0.0,-6.189305212356332,1.0,-1.0,-0.1435711844613566,-0.9636528179526108,0.07061989137921922,4.361598306906342,34.109215357695426,-1.0,-0.1435711844613566,1152.53316254109,0.0,1152.533162541082,670,True
ovary,excluded_at_or_below_-1,ENSG00000295308.1,ENSG00000295308,0.075305180693227,9.967661605276486,-1.0465337974559439,0.14500780334780775,135.41878366726695,3.5609202210602673,0.0,-0.7564635258267202,1.0,-0.9689690525606952,-0.681411277851289,-0.9066192924222214,0.05439355451769368,1.4738766454574774,2.7457477150262966,-0.9689690525606952,-0.681411277851289,7.469859347039638,0.0,7.469859347039624,83,True
ovary,raw,ENSG00000295308.1,ENSG00000295308,2.128205106217939,136.53845408030014,-0.9970028528004705,0.002029476541344585,350.358976439692,219.91576466714034,0.0,2.088521907819281,0.1139701529565783,-1.0,-0.681411277851289,-0.9598414573629243,0.058412758279859214,1.6626049610246605,2.965557567003109,-1.0,-0.681411277851289,135.29574568900156,0.0,15.419676830549976,193,True
pancreas,excluded_at_or_below_-1,ENSG00000295308.1,ENSG00000295308,0.8965388240140613,10.18536117886422,-0.9732520459952436,0.003436298745237612,54.69909112719967,33.9685103240681,0.0,6.655979405519457,2.398553407336625e-10,-0.9894249453988768,-0.8907143356311058,-0.9647802949095634,0.018326991396644964,1.6378610556126796,3.084520155611153,-0.9894249453988768,-0.8907143356311058,10.184894900493692,0.0,2.4429014366944557e-09,61,True
pancreas,raw,ENSG00000295308.1,ENSG00000295308,1.7247244687614387,297.7264229128933,-0.9986480014620738,0.0011369037977460132,226.89931588593424,134.26048391906315,0.0,1.6817734908042172,0.24418132795406836,-1.0,-0.8907143356311058,-0.9940651878162524,0.015169261054360467,3.051264645826516,10.625383548464004,-1.0,-0.8907143356311058,296.4380224532621,0.0,72.38462997871547,362,True
pituitary,excluded_at_or_below_-1,ENSG00000295308.1,ENSG00000295308,0.23530928723743977,12953717951.116478,-9.86888996604472,1.9985854988860834,298.15760843928865,7.141148511111146,0.0,-6.291377617191964,1.0,-0.9778310706420944,0.2230765087707842,-0.753149254956903,0.2143064799599534,1.5037708331219508,2.3230861779330896,-0.9778310706420944,0.2230765087707842,32.80579954555601,0.0,32.805799545556006,249,True
pituitary,raw,ENSG00000295308.1,ENSG00000295308,1.9446881068591488,2777575051375.3926,-6.772968960206743,1.165889167373706,662.1697830594712,8.486143161870151,0.0,-7.002561844771289,1.0,-1.0,0.2230765087707842,-0.8036235287037343,0.21552266309084012,1.5826099049558235,2.6389729628213896,-1.0,0.2230765087707842,62.467907572955625,0.0,62.46790757295564,313,True
prostate,excluded_at_or_below_-1,ENSG00000295308.1,ENSG00000295308,0.30709895674346216,9.374813170101499,-0.9538958079484152,0.02457204909349859,35.35598448293196,14.835633179787331,0.0,1.170218439984897,0.5042462927837931,-0.9742284265305584,-0.6961257536044603,-0.9314093143536408,0.05223870107499114,2.71352052759078,7.5747625085362955,-0.9742284265305584,-0.6961257536044603,9.374671194088046,0.0,4.727143195685913,64,True
prostate,raw,ENSG00000295308.1,ENSG00000295308,1.6410256501256366,217.3124319310911,-0.9961933646027801,0.00012377005414795475,370.974358974359,3428.6135529636135,0.0,43.49513654833778,0.0,-1.0,-0.6961257536044603,-0.9844333195696205,0.03794942049514992,3.929797748512465,20.126679105716676,-1.0,-0.6961257536044603,3.465874708027008,0.0,0.0,282,True
skin_not_sun_exposed_suprapubic,excluded_at_or_below_-1,ENSG00000295308.1,ENSG00000295308,1.310389194823755,10.137584419391032,-0.9613062509748218,0.009948524423335776,55.053621443941424,16.624334886919346,0.0,3.465066362660584,0.002470620445974176,-0.9856818461851818,-0.8443595563280073,-0.9434760154438567,0.031025559310387467,1.187480558063172,0.6821664156370342,-0.9856818461851818,-0.8443595563280073,10.137011848196176,0.0,0.025044708733235943,103,True
skin_not_sun_exposed_suprapubic,raw,ENSG00000295308.1,ENSG00000295308,3.646605599895147,522.1873637705049,-0.9980595689662961,0.0016595920573072068,957.8018232340573,130.97474252960214,0.0,1.6535291746132301,0.2562219514157185,-1.0,-0.8443595563280073,-0.9910568810917315,0.024025566368518898,3.1438428129193063,10.387064245704604,-1.0,-0.8443595563280073,519.3916924922329,0.0,133.0795529994714,651,True
skin_sun_exposed_lower_leg,excluded_at_or_below_-1,ENSG00000295308.1,ENSG00000295308,1.875081379601824,21.83387443903306,-0.9602307768484605,0.01037043071961032,133.4679970630191,20.924904209777182,0.0,3.671110662408609,0.0011845541903191198,-0.9871510382583756,-0.806788414820873,-0.9419917829243152,0.030543909136654734,1.3279155322343639,1.7749610891551209,-0.9871510382583756,-0.806788414820873,21.830862403051043,0.0,0.025859839537814233,164,True
skin_sun_exposed_lower_leg,raw,ENSG00000295308.1,ENSG00000295308,4.572487588399014,569.0613542534404,-0.9976301503823616,0.002326261631812047,1786.4625382114257,116.0191815946535,0.0,1.4407121813888049,0.3550453393619598,-1.0,-0.806788414820873,-0.9873828281161641,0.02784629705815576,2.523885210680605,6.688538894486149,-1.0,-0.806788414820873,567.7449254102836,0.0,201.5751897133247,754,True
small_intestine_terminal_ileum,excluded_at_or_below_-1,ENSG00000295308.1,ENSG00000295308,0.5272010001986709,35.506510265697266,-1.1988855269677245,0.36489333365343907,68.68712209594798,5.665995532514582,0.0,-0.8677786066382344,1.0,-0.9749825486099022,0.2630464282423745,-0.7807236172420848,0.2049692969490336,2.0358705820257676,4.991963968218584,-0.9749825486099022,0.2630464282423745,24.36617881582025,0.0,24.36617881582026,164,True
small_intestine_terminal_ileum,raw,ENSG00000295308.1,ENSG00000295308,0.7605002588124591,2602888251602.016,-7.318109418996684,1.2690319260222465,252.37900889695987,8.448466266121047,0.0,-7.040922963151418,1.0,-1.0,0.2630464282423745,-0.8262737837087049,0.20296429081877446,2.080499001541671,5.420688828670919,-1.0,0.2630464282423745,44.715772145451936,0.0,44.715772145451936,207,True
spleen,excluded_at_or_below_-1,ENSG00000295308.1,ENSG00000295308,0.4257621532936597,17.230549515011766,-0.3177206307501092,0.7254364130011584,208.23478639093736,4.866314774766016,0.0,1.2811521564028427,0.4401308842552921,-0.9749017309582164,2.178509096262979,-0.16606628359333567,0.5278114651629032,1.1936947840062728,2.3898667199611205,-0.9749017309582164,2.178509096262979,17.23040020136059,0.0,7.583631276697401,270,True
spleen,raw,ENSG00000295308.1,ENSG00000295308,0.38510572815021477,17.265297512262784,-0.3510105718906605,0.7683492615184255,288.73635925935486,4.6558006887686485,0.0,1.1945214201874743,0.48994764482294,-1.0,2.178509096262979,-0.18714042083104923,0.5373190516794133,1.125643669381375,2.205992960613134,-1.0,2.178509096262979,17.26488237492164,0.0,8.458888457737945,277,True
stomach,excluded_at_or_below_-1,ENSG00000295308.1,ENSG00000295308,0.19650547281388506,16.686266923644624,-0.9916649765885249,0.11337238347199727,138.49220998757215,5.088848298919074,0.0,-0.15992482187744186,1.0,-0.9788443823621792,-0.5837104242309876,-0.9122269050283077,0.060050010962583396,2.1115258492800915,6.914934793799542,-0.9788443823621792,-0.5837104242309876,16.474202222903013,0.0,16.474202222903017,156,True
stomach,raw,ENSG00000295308.1,ENSG00000295308,2.543274863904216,243.1116268407378,-0.9947968199811635,0.0035205154414792894,1425.5294950323155,165.13603358395957,0.0,2.0901506817465663,0.11359365690142066,-1.0,-0.5837104242309876,-0.9663572412393514,0.05658847611945174,2.4032520469746617,8.229869068021419,-1.0,-0.5837104242309876,240.87626604946115,0.0,27.362015921317965,407,True
testis,excluded_at_or_below_-1,ENSG00000295308.1,ENSG00000295308,0.28759810858207396,14.673681868669268,-0.9529889064779308,0.045951923718110306,199.5864044019188,7.579803729051815,0.0,1.0485553211281171,0.577105788044839,-0.9870595273605682,-0.7066989740216421,-0.9379499836002968,0.036757750238866585,2.285000751183827,9.780004502734482,-0.9870595273605682,-0.7066989740216421,14.673616674328729,0.0,8.468229114306371,157,True
testis,raw,ENSG00000295308.1,ENSG00000295308,4.068779792870201,249.9883570051681,-0.9963575143855891,0.0030675743476976255,1549.7174682271557,133.53842150471232,0.0,1.6792592363784162,0.24535558011396322,-1.0,-0.7066989740216421,-0.9764689551334458,0.03766883753322746,2.1601764617415773,7.411008747612568,-1.0,-0.7066989740216421,248.7641668399716,0.0,61.03567646658827,414,True
thyroid,excluded_at_or_below_-1,ENSG00000295308.1,ENSG00000295308,4.176600903411844,33.90797446370637,-0.9448433820727518,0.035684438415748324,1076.189534109255,17.42527969280321,0.0,1.3768030764921007,0.3875989793157064,-0.9795838526076636,-0.5051563810291422,-0.8838866876912036,0.08211899023699978,1.4772722108981882,2.634072528484271,-0.9795838526076636,-0.5051563810291422,33.907658327379316,0.0,13.142573758677935,333,True
thyroid,raw,ENSG00000295308.1,ENSG00000295308,8.538461534716454,487.3104789525658,-0.9954299255054117,0.0027200133607822932,4739.692307816902,254.90738606947758,0.0,2.3761138178540477,0.06064278320283969,-1.0,-0.5051563810291422,-0.943471150586507,0.08155451979393141,1.832568896232409,3.7919741448638122,-1.0,-0.5051563810291422,477.56374939029297,0.0,28.96079491981076,684,True
uterus,excluded_at_or_below_-1,ENSG00000295308.1,ENSG00000295308,0.4566623751181253,8.981900248722988,-0.9539001591148063,0.006104882347388714,23.70405078749566,48.25569819649727,0.0,5.561436831962578,1.9219607600239657e-07,-0.977907790242734,-0.745589782295641,-0.9358060505866287,0.04233413848438123,2.949485746462701,10.0691153976056,-0.977907790242734,-0.745589782295641,8.981540431096153,0.0,1.7262168273135536e-06,35,True
uterus,raw,ENSG00000295308.1,ENSG00000295308,0.8974358969345038,119.74986553426292,-0.9966265807126328,0.001292784357583942,129.58974361790303,274.61629071651157,0.0,3.6902792641162536,0.0011040998610912561,-1.0,-0.745589782295641,-0.9853151096113203,0.03365561525741822,3.5361351019856895,17.560373121722844,-1.0,-0.745589782295641,119.7072849945442,0.0,0.13216879673408766,153,True
vagina,excluded_at_or_below_-1,ENSG00000295308.1,ENSG00000295308,0.6578954520644092,17.2087451139814,-0.9466891967033816,0.0016056538324421546,36.552641579558326,142.9125703992652,0.0,21.269862395586248,0.0,-0.9708383330005056,-0.7844307355550635,-0.9221008686832157,0.046391429430685166,1.5587052881952952,1.932444400137996,-0.9708383330005056,-0.7844307355550635,17.105911178903842,0.0,0.0,34,True
vagina,raw,ENSG00000295308.1,ENSG00000295308,0.865641851477087,127.12837074398756,-0.9973223770589263,0.0025523418745103887,129.07371512477926,117.95999969180787,0.0,1.4836298836002249,0.3339630635025994,-1.0,-0.7844307355550635,-0.9844201737366431,0.037375315926477415,2.9613137680505606,9.715784651229018,-1.0,-0.7844307355550635,126.639369121438,0.0,42.29287167183191,170,True
whole_blood,excluded_at_or_below_-1,ENSG00000295308.1,ENSG00000295308,0.8865542807455639,29.967316921730955,-0.9560180116708701,0.018303655140877815,138.10171276734735,41.81347554772228,0.0,2.464695115833795,0.047976680958124504,-0.9879176699883356,-0.414841306094117,-0.9218626252777818,0.078389104967241,4.374828789576878,23.150253155519597,-0.9879176699883356,-0.414841306094117,29.957704723164913,0.0,1.4372712417409823,103,True
whole_blood,raw,ENSG00000295308.1,ENSG00000295308,2.5789473053991174,703.1970543075773,-0.9931870125333585,0.006074464595265679,1531.2631570413585,134.64632626620013,0.0,1.5861511948085023,0.28424449515429645,-1.0,-0.414841306094117,-0.9899773977629035,0.03827601490101965,8.317304048086095,100.35260670567334,-1.0,-0.414841306094117,703.1848935722239,0.0,199.87643507356455,803,True
adipose_subcutaneous,excluded_at_or_below_-1,ENSG00000295309.1,ENSG00000295309,0.7873660387489304,76.08132065761671,-1.014250897976841,0.5781443753150074,293.57456393295513,6.607176567001324,0.0,-0.2343166911098303,1.0,-0.9184599364050602,1.6868276877178254,-0.5766563384526247,0.32878275213723596,2.2616120835687967,7.7029357288016875,-0.9184599364050602,1.6868276877178254,74.02113205002472,0.0,74.02113205002472,519,True
adipose_subcutaneous,raw,ENSG00000295309.1,ENSG00000295309,2.033571890731061,6811278899692.449,-13.539465628173144,2.537596372963325,6325.8338505214,8.485679890398798,0.0,-6.988299063323897,1.0,-1.0,1.6868276877178254,-0.6922754056819499,0.33787990894660513,2.04262556063656,6.723365486226067,-1.0,1.6868276877178254,169.2589539233649,0.0,169.2589539233649,714,True
adipose_visceral_omentum,excluded_at_or_below_-1,ENSG00000295309.1,ENSG00000295309,1.0678304568890071,14385064100396.754,-32.27919212313681,6.081655773297765,907.6083146366801,7.881516360405184,0.0,-7.288840715340512,1.0,-0.934407009695892,1.6143235034326682,-0.33698577551592573,0.5081518881887805,0.9187129568073366,0.37695767800721436,-0.934407009695892,1.6143235034326682,41.36316801855303,0.0,41.36316801855303,419,True
adipose_visceral_omentum,raw,ENSG00000295309.1,ENSG00000295309,8.329259054445416,771614604526.8025,-4.149351709362503,0.6733588857581188,2791.8474696323647,12.105086644652314,0.0,-6.614386465025782,1.0,-1.0,1.6143235034326682,-0.5267411242609419,0.5235900363012095,1.1521253587459737,0.7388474909094209,-1.0,1.6143235034326682,243.88502153821128,0.0,243.88502153821128,587,True
adrenal_gland,excluded_at_or_below_-1,ENSG00000295309.1,ENSG00000295309,0.7123352663824818,5.344335291597985,-0.8598350533902935,0.14442189472756417,107.33509218410406,4.456101463024604,0.0,0.9840523492407295,0.6161869924728539,-0.9603281532796604,-0.4047703916511059,-0.7921685539614007,0.12183910015932602,1.0883707579139268,0.810999318481894,-0.9603281532796604,-0.4047703916511059,5.3440474645257305,0.0,3.29293253479829,111,True
adrenal_gland,raw,ENSG00000295309.1,ENSG00000295309,2.9067044690999997,169.50083871338504,-0.9925666946295257,0.00597958761999549,487.73086349486994,139.01786484491274,0.0,1.7580277999494742,0.21460468655493253,-1.0,-0.4047703916511059,-0.9217990152193745,0.1254028483464737,1.735277852665685,2.6055656390938093,-1.0,-0.4047703916511059,168.42400055044004,0.0,36.14457984645486,295,True
artery_aorta,excluded_at_or_below_-1,ENSG00000295309.1,ENSG00000295309,-0.7969827586647883,45.71954588952312,-1.9784049003750594,1.6961586522114274,385.8938542795049,3.380331615694844,0.0,-0.8624227332220165,1.0,-0.9440450131995216,2.0758474910979197,-0.36229834692876833,0.44928766468904374,1.086404046439951,2.0304556743624227,-0.9440450131995216,2.0758474910979197,31.36958901104253,0.0,31.369589011042525,321,True
artery_aorta,raw,ENSG00000295309.1,ENSG00000295309,6.612757837093053,2994737660576.212,-4.143588720615206,0.6527690809065009,2750.2122776754395,13.474307068442297,0.0,-6.810533668419706,1.0,-1.0,2.0758474910979197,-0.5663088333985903,0.4751944768019622,1.2166160186719628,1.7195571568316987,-1.0,2.0758474910979197,253.71036645798927,0.0,253.71036645798927,472,True
artery_coronary,excluded_at_or_below_-1,ENSG00000295309.1,ENSG00000295309,0.3453481506346579,6547805667633.79,-24.720287916336915,4.62165888128782,205.43735073358414,7.937468728892635,0.0,-7.281381265299917,1.0,-0.9246878116774196,1.219410175847702,-0.459710097238814,0.42889678726952857,1.2907981971245184,1.3575265763577349,-0.9246878116774196,1.219410175847702,19.967028916891778,0.0,19.967028916891778,178,True
artery_coronary,raw,ENSG00000295309.1,ENSG00000295309,4.172917058554945,1972588617138.576,-2.4326678799403822,0.29895531724063984,1027.1023388160115,17.2762216274057,0.0,-6.777261447927748,1.0,-1.0,1.219410175847702,-0.6411507362257794,0.432781360174533,1.5091788632501546,2.048859217024747,-1.0,1.219410175847702,209.5016150034358,0.0,209.5016150034343,268,True
artery_tibial,excluded_at_or_below_-1,ENSG00000295309.1,ENSG00000295309,1.3922709011118186,49.420652729039176,-0.86119919422196,0.6562950364285596,572.5968409778661,5.895187728399166,0.0,0.17253857615590731,0.9852255047032552,-0.94126928698331,1.8745845289030345,-0.45745509517880745,0.4187514547609821,1.7299996651917458,4.230106291151366,-0.94126928698331,1.8745845289030345,49.420648590713725,0.0,48.69048345054815,520,True
artery_tibial,raw,ENSG00000295309.1,ENSG00000295309,3.6169639989618796,13261959111735.062,-15.091750937127598,2.8044931259330177,5790.408212443128,8.555564461171455,0.0,-7.106006111617618,1.0,-1.0,1.8745845289030345,-0.5917172930433863,0.4321945924733897,1.6553644280694535,3.8758787524426452,-1.0,1.8745845289030345,143.77472298984182,0.0,143.77472298984182,691,True
bladder,excluded_at_or_below_-1,ENSG00000295309.1,ENSG00000295309,0.26841888657248825,10.956467619919806,-1.0892881839851176,0.3624194885766391,37.242743638761596,6.331999883364964,0.0,-0.6791225532864122,1.0,-0.9152499375763408,0.5334088544633426,-0.675118814581639,0.2712254461923639,2.2089549480422237,5.765924592365094,-0.9152499375763408,0.5334088544633426,8.700027690320223,0.0,8.700027690320223,59,True
bladder,raw,ENSG00000295309.1,ENSG00000295309,0.14335980850614197,3791953323319.9795,-12.815387667311754,2.297813271402929,200.71743057206825,8.21565847729966,0.0,-7.2719057252228865,1.0,-1.0,0.5334088544633426,-0.7510650657183988,0.27439898563560183,2.086418316009893,5.684835653161807,-1.0,0.5334088544633426,12.465012461120029,0.0,12.46501246112003,77,True
brain_amygdala,excluded_at_or_below_-1,ENSG00000295309.1,ENSG00000295309,0.045643892696379994,5.382196903135724,-0.9823984337402718,0.17372493769247718,33.72429667289966,5.182033725225203,0.0,-0.2418379046836632,1.0,-0.9526905621424708,-0.3458266245119552,-0.8511090265181878,0.10702810259134993,2.739540607453076,9.656127697818615,-0.9526905621424708,-0.3458266245119552,5.227077529436191,0.0,5.227077529436191,46,True
brain_amygdala,raw,ENSG00000295309.1,ENSG00000295309,1.1794871936906004,136.68385600763685,-0.9922504664990087,0.0029389972345490296,131.7435897435928,311.0521349366594,0.0,3.7289913887408397,0.0009572771501594582,-1.0,-0.3458266245119552,-0.9621603050819704,0.08419765700734368,3.5177406067136596,17.555687039690135,-1.0,-0.3458266245119552,136.51027076321154,0.0,0.1306781629637035,181,True
brain_anterior_cingulate_cortex_ba24,excluded_at_or_below_-1,ENSG00000295309.1,ENSG00000295309,0.17635417007767892,11.729546762692381,-1.0394613342030625,0.237391146289446,103.12241282768431,4.680488092419529,0.0,-0.5362450691506765,1.0,-0.9494467599939668,-0.2537904404880406,-0.8228353523822797,0.1263616070916117,2.212864821531462,6.34379666577348,-0.9494467599939668,-0.2537904404880406,10.158506496613553,0.0,10.15850649661356,91,True
brain_anterior_cingulate_cortex_ba24,raw,ENSG00000295309.1,ENSG00000295309,2.3593125583827894,139.56439174125268,-0.9906714189775865,0.004880341088620908,452.69910789506457,213.53160664619702,0.0,2.703213886085497,0.02630099830032979,-1.0,-0.2537904404880406,-0.9308069402008045,0.1170353820890963,2.512989012618339,8.55454507519996,-1.0,-0.2537904404880406,137.41311269188327,0.0,3.614102043352228,233,True
brain_caudate_basal_ganglia,excluded_at_or_below_-1,ENSG00000295309.1,ENSG00000295309,0.4710579518747966,15.486560633759034,-0.9494031317241216,0.17019586862255703,112.79605342655582,6.439032975570766,0.0,0.05966900816804597,0.9982360653921438,-0.9565840971350076,-0.174487065633223,-0.829781852437878,0.11563784966432075,2.0008454357885523,6.473885572074542,-0.9565840971350076,-0.174487065633223,15.486332919652416,0.0,15.459016041066658,144,True
brain_caudate_basal_ganglia,raw,ENSG00000295309.1,ENSG00000295309,3.6923076521732625,156.8589275224192,-0.9893351060585357,0.002016141202583935,1130.3076927968677,571.571648139383,0.0,7.480843918054884,7.272016094056764e-13,-1.0,-0.174487065633223,-0.9182952891701816,0.11683967635359134,2.0235151634684883,6.045295848764127,-1.0,-0.174487065633223,151.92800532115206,0.0,1.1048228998333798e-10,300,True
brain_cerebellar_hemisphere,excluded_at_or_below_-1,ENSG00000295309.1,ENSG00000295309,0.4021051262633419,13.364935090522218,-0.808359377337979,0.44919393670745206,166.74447600510769,4.376733239005085,0.0,0.4317434724403105,0.9110053946673319,-0.9454932269863848,0.5818139924096835,-0.6008815283267035,0.2623861106637907,1.3430291276387458,2.620743250071003,-0.9454932269863848,0.5818139924096835,13.363989393915258,0.0,12.174666432133806,202,True
brain_cerebellar_hemisphere,raw,ENSG00000295309.1,ENSG00000295309,5.17948719314374,838.7148768684966,-0.9804036860299504,0.00011185536325716575,1233.7435897435898,19751.48409423101,,247.76078841446483,,-1.0,0.5818139924096835,-0.708946096469293,0.285840452047045,1.2054846464506004,1.884128641952314,-1.0,0.5818139924096835,0.0,0.0,0.0,277,True
brain_cerebellum,excluded_at_or_below_-1,ENSG00000295309.1,ENSG00000295309,-0.05373780870206475,16.993280600764717,-0.709794016371775,0.6765301472193,238.5345294642573,4.231591908027447,0.0,0.43681505985182967,0.9089941891099497,-0.9187571918155716,1.3145109207877437,-0.4537534664804943,0.3319021167896506,1.0989104729263333,2.479479014817187,-0.9187571918155716,1.3145109207877437,16.991081790456438,0.0,15.44479461421678,242,True
brain_cerebellum,raw,ENSG00000295309.1,ENSG00000295309,-0.27175937434631053,18.118074211523385,-0.8025318088187139,0.7795981190641901,292.91454111756394,3.840376813539099,0.0,0.35821301677982154,0.9378177954755187,-1.0,1.3145109207877437,-0.5030388680010512,0.3532247226425126,0.9154817739495363,1.7973600157828873,-1.0,1.3145109207877437,18.10670565572978,0.0,16.98079078138061,266,True
brain_cortex,excluded_at_or_below_-1,ENSG00000295309.1,ENSG00000295309,0.09180960202530268,26.986975475717777,-1.2210833815713262,0.5134497627815128,113.95764489906628,4.328116873341499,0.0,-0.7666828626979939,1.0,-0.9427285810980698,0.3502992165270933,-0.7191089690428665,0.2121613186932736,2.1687884683247303,6.757085276700188,-0.9427285810980698,0.3502992165270933,20.11243451049322,0.0,20.11243451049322,172,True
brain_cortex,raw,ENSG00000295309.1,ENSG00000295309,,,,,,,,,,,,,,,,,,,,,270,False
brain_frontal_cortex_ba9,excluded_at_or_below_-1,ENSG00000295309.1,ENSG00000295309,1.0794557854268076,9.833521289781531,-0.8838092147476214,0.15811699408207264,174.4576048503518,6.1583619328204735,0.0,0.5109554144611387,0.8776240347562396,-0.9409368907889863,-0.1952698716139953,-0.7596436817252893,0.16012012241202012,1.3936620756368956,1.5294383134093836,-0.9409368907889863,-0.1952698716139953,9.833514003846714,0.0,8.630128235887938,146,True
brain_frontal_cortex_ba9,raw,ENSG00000295309.1,ENSG00000295309,3.743589743589735,137.70308904981505,-0.9913471432925594,0.003708113901897089,735.4358974358997,303.61075848528264,0.0,3.3000570189263496,0.004428520754144675,-1.0,-0.1952698716139953,-0.8695463848769228,0.16811381073549625,1.552511313533015,2.2447201864088893,-1.0,-0.1952698716139953,134.23625450100576,0.0,0.5944680390163497,269,True
brain_hippocampus,excluded_at_or_below_-1,ENSG00000295309.1,ENSG00000295309,0.2533630837078742,7.627882834388245,-0.9516109470187073,0.16312663603976904,139.794079566897,4.957780676600871,0.0,0.015982190831107673,0.9998724874551934,-0.9534544599761486,-0.3797411067664554,-0.839611073556542,0.10677420368471337,2.055491546592369,5.457144880578872,-0.9534544599761486,-0.3797411067664554,7.627846269692026,0.0,7.626873623602784,88,True
brain_hippocampus,raw,ENSG00000295309.1,ENSG00000295309,,,,,,,,,,,,,,,,,,,,,255,False
brain_hypothalamus,excluded_at_or_below_-1,ENSG00000295309.1,ENSG00000295309,0.46512116736621534,5.599180873326999,-0.9198641338829506,0.1688829736602541,66.25155541767181,4.823226862770093,0.0,0.28872479732978157,0.9591763312537714,-0.9543431571647566,-0.343882601181643,-0.8063282178984807,0.1255420229398533,1.3382992187228482,1.5636490000947392,-0.9543431571647566,-0.343882601181643,5.599125381528435,0.0,5.370548541684318,86,True
brain_hypothalamus,raw,ENSG00000295309.1,ENSG00000295309,2.205128188227806,201.81912904916055,-0.9923844435918998,0.0013860649199014927,320.35897437177346,661.6718218549997,0.0,7.770215523612532,7.7638896731372e-14,-1.0,-0.343882601181643,-0.9351915437325655,0.11669247606291691,2.165422475300882,4.8416580946130585,-1.0,-0.343882601181643,201.5360840841846,0.0,1.5647039219857106e-11,257,True
brain_nucleus_accumbens_basal_ganglia,excluded_at_or_below_-1,ENSG00000295309.1,ENSG00000295309,0.5509766742893196,8.366200658024887,-0.8898856975873037,0.09788908282429044,85.64636394956759,6.706154315005607,0.0,0.9561773734291533,0.6330964980288019,-0.9560704157887444,-0.4256988783967869,-0.8370798418596591,0.10231195323692661,1.7253078096363714,3.2209661477700555,-0.9560704157887444,-0.4256988783967869,8.366157471085646,0.0,5.29658499690182,113,True
brain_nucleus_accumbens_basal_ganglia,raw,ENSG00000295309.1,ENSG00000295309,2.897435906505691,197.9496643099086,-0.9940013594772376,0.002973562239914556,495.5897435913353,270.282244469632,0.0,2.852927935799792,0.017201606656168107,-1.0,-0.4256988783967869,-0.9354035864215492,0.10247851661297112,2.0088063083733467,4.633615974890617,-1.0,-0.4256988783967869,196.59904764326677,0.0,3.381819486536728,285,True
brain_putamen_basal_ganglia,excluded_at_or_below_-1,ENSG00000295309.1,ENSG00000295309,0.13926339989314127,23.213324180931593,-0.9342225195685238,0.16623431645680856,25.308131140885358,14.928088211187541,0.0,0.18605819471836474,0.982883831277266,-0.956092806803144,0.8205057660445525,-0.8216987012617388,0.2010463801841903,6.133101173458801,46.027154070965906,-0.956092806803144,0.8205057660445525,23.21229162073198,0.0,22.814986120910227,94,True
brain_putamen_basal_ganglia,raw,ENSG00000295309.1,ENSG00000295309,1.5573302244163092,694730243209.9584,-2.1558919886886674,0.2501569826649574,820.2636636059611,16.826482422831816,0.0,-6.534609226684246,1.0,-1.0,0.8205057660445525,-0.9340144799945017,0.14932623113293012,7.0937105924050226,74.76218261309408,-1.0,0.8205057660445525,371.01058573023744,0.0,371.01058573023744,254,True
brain_spinal_cord_cervical_c-1,excluded_at_or_below_-1,ENSG00000295309.1,ENSG00000295309,0.36972912473129826,11.8311727376877,-0.9354440106357325,0.25158219950843913,50.5582090006959,8.305237887923573,0.0,0.03719268363415998,0.9993191139950188,-0.9420604209172192,0.5420202641223688,-0.7217037108207022,0.2432441913214693,2.5170608419929157,8.171420575172768,-0.9420604209172192,0.5420202641223688,11.831048156747476,0.0,11.822992561633288,88,True
brain_spinal_cord_cervical_c-1,raw,ENSG00000295309.1,ENSG00000295309,2.173022222344193,40496191167.55407,-1.4239004189349926,0.09987453725701814,534.7860538308847,27.837242293046355,0.0,-6.002387976134308,1.0,-1.0,0.5420202641223688,-0.8799506203540284,0.21082843306818702,3.0171579003150546,12.535433905781751,-1.0,0.5420202641223688,607.98064852147,0.0,607.9806485214592,204,True
brain_substantia_nigra,excluded_at_or_below_-1,ENSG00000295309.1,ENSG00000295309,0.33341924811093737,5.876959056034193,-0.9165927859628565,0.11341060478094016,27.99229809093289,8.523154869864392,0.0,0.47166537877336145,0.8947462150642917,-0.954417239980365,-0.2330919526015052,-0.8122020856808271,0.16425713100938796,2.092597233888495,3.9628368604750195,-0.954417239980365,-0.2330919526015052,5.876847657793042,0.0,5.258287198319772,58,True
brain_substantia_nigra,raw,ENSG00000295309.1,ENSG00000295309,,,,,,,,,,,,,,,,,,,,,183,False
breast_mammary_tissue,excluded_at_or_below_-1,ENSG00000295309.1,ENSG00000295309,0.2903454997862151,149.90424957619632,-2.448184430152525,1.361644167888892,304.28757969057085,3.8212364883504293,0.0,-1.5693840656272755,1.0,-0.9371377841613212,1.2310083855036318,-0.50546062832148,0.39587371374603375,1.6127447245831033,3.0598901259235705,-0.9371377841613212,1.2310083855036318,43.64978854500121,0.0,43.64978854500121,400,True
breast_mammary_tissue,raw,ENSG00000295309.1,ENSG00000295309,3.520129508665493,7718576666853.405,-12.620020951916242,2.316964679892004,2708.3879516158727,8.454299589374768,0.0,-7.0925514609162885,1.0,-1.0,1.2310083855036318,-0.6151444578377278,0.4051974027367387,1.5977792117654255,3.0716628551334795,-1.0,1.2310083855036318,92.06388138296448,0.0,92.06388138296448,514,True
cells_cultured_fibroblasts,excluded_at_or_below_-1,ENSG00000295309.1,ENSG00000295309,0.296146937630225,13.662337455721968,-0.8746932512186648,0.1143106760881262,100.95632917949521,10.39202052984168,0.0,0.6190581398314008,0.8256380308826989,-0.924731630417376,-0.0347077466994432,-0.8123619776881964,0.11353578992975,3.5777843141763133,19.951765394644802,-0.924731630417376,-0.0347077466994432,13.66209605161842,0.0,11.279946081788529,103,True
cells_cultured_fibroblasts,raw,ENSG00000295309.1,ENSG00000295309,2.6410256081592505,557.6158999916435,-0.9879264114113719,5.206583243795929e-05,912.974358974359,25891.351399194464,,327.94314292192496,,-1.0,-0.0347077466994432,-0.9703577970887795,0.08191598378949369,4.325462622590209,30.574474711885962,-1.0,-0.0347077466994432,0.0,0.0,0.0,652,True
cells_ebv-transformed_lymphocytes,excluded_at_or_below_-1,ENSG00000295309.1,ENSG00000295309,0.2971284302920821,1687059241126.6223,-6.788246236995172,1.1507335797926554,68.1168897092493,7.806966530196946,0.0,-7.195722905297678,1.0,-0.933147545879173,-0.4357837931051695,-0.8113541692284334,0.10963662302853917,1.2065639116332871,1.0342769044944395,-0.933147545879173,-0.4357837931051695,9.530901818732481,0.0,9.530901818732481,97,True
cells_ebv-transformed_lymphocytes,raw,ENSG00000295309.1,ENSG00000295309,2.4871794875118987,251.210765402955,-0.993833381726704,0.002814941050751761,321.74358974489166,280.3615715130289,0.0,3.0980809327229593,0.00842919334206546,-1.0,-0.4357837931051695,-0.9440408391900856,0.10482126917850755,2.1272742911988236,4.396171022676156,-1.0,-0.4357837931051695,245.49921685648104,0.0,2.069360364208933,327,True
cervix_ectocervix,excluded_at_or_below_-1,ENSG00000295309.1,ENSG00000295309,,,,,,,,,,-0.8548469007893366,0.8263511995550357,,,,,,,,,,22,False
cervix_ectocervix,raw,ENSG00000295309.1,ENSG00000295309,,,,,,,,,,,,,,,,,,,,,24,False
cervix_endocervix,excluded_at_or_below_-1,ENSG00000295309.1,ENSG00000295309,0.2375153198726808,6147799148752.719,-11.224618794229293,1.926366741043567,10.920286018019493,8.8371452301786,0.0,-7.579175974101967,1.0,-0.9006670874398379,0.8128719427579401,-0.3756944871870078,0.5256078552022501,0.9981803093033184,-0.1736453531266995,-0.9006670874398379,0.8128719427579401,2.064995950514889,0.0,2.0649959505148896,18,True
cervix_endocervix,raw,ENSG00000295309.1,ENSG00000295309,0.46153846153821604,8935.774421071348,-1.0176829476887406,0.014648492671724685,15.69230769232071,176.7277774412329,0.0,-1.7071698095205248,1.0,-1.0,0.8128719427579401,-0.5114130769289628,0.5317902459216582,1.164638371222784,0.3116347006317475,-1.0,0.8128719427579401,2080.9997730263394,0.0,2080.999773026305,23,True
colon_sigmoid,excluded_at_or_below_-1,ENSG00000295309.1,ENSG00000295309,0.6919646107237524,34.833917738176424,-1.1026384292239186,0.6213550206724376,130.4298491047811,5.331380061508021,0.0,-0.388931717305444,1.0,-0.9317556985838802,1.2397798988623685,-0.5707637528385164,0.33837587646932993,1.7800683722453434,4.038772946904759,-0.9317556985838802,1.2397798988623685,32.296436327921334,0.0,32.296436327921334,274,True
colon_sigmoid,raw,ENSG00000295309.1,ENSG00000295309,6.05079960275538,1313885484896.251,-2.7505415830216053,0.3709680400402614,3428.2525160092227,15.212002514546985,0.0,-6.673458036812387,1.0,-1.0,1.2397798988623685,-0.7193061295411779,0.34143027140453774,1.8302504701656772,4.3122507119335705,-1.0,1.2397798988623685,280.4761788981915,0.0,280.4761788981915,419,True
colon_transverse,excluded_at_or_below_-1,ENSG00000295309.1,ENSG00000295309,0.29627408533854077,5965534442742.703,-12.379872174894652,2.264158186788646,445.6971152836261,8.237305922785422,0.0,-7.142344708842967,1.0,-0.9449668143087632,0.808067849425991,-0.7071121208393515,0.24457501692411077,2.24069257972937,7.833336011716964,-0.9449668143087632,0.808067849425991,49.91169621183134,0.0,49.91169621183134,262,True
colon_transverse,raw,ENSG00000295309.1,ENSG00000295309,5.126760259814451,1321899371093.913,-2.424522485132528,0.3046328938189529,3231.2225181236513,15.00682685779094,0.0,-6.613136858349696,1.0,-1.0,0.808067849425991,-0.8397982790394782,0.23229845239429883,2.418080744881387,8.867398545642233,-1.0,0.808067849425991,421.28146875012396,0.0,421.28146875012396,479,True
esophagus_gastroesophageal_junction,excluded_at_or_below_-1,ENSG00000295309.1,ENSG00000295309,0.7401647899845494,26.706285923954972,-1.130846886426355,0.6122770496667446,195.35357078815093,4.03323282714918,0.0,-0.4521207444358245,1.0,-0.935103355985464,0.6153221234947053,-0.5996914139096369,0.30144689961970694,1.51301129936192,2.3681522746419557,-0.935103355985464,0.6153221234947053,24.10374436206726,0.0,24.103744362067257,273,True
esophagus_gastroesophageal_junction,raw,ENSG00000295309.1,ENSG00000295309,6.999999952621942,666.0183864821657,-0.9911424525112673,0.0087206828483943,2650.000000000001,260.5167542903939,0.0,1.436408593879333,0.35919489585728576,-1.0,0.6153221234947053,-0.7288232158742702,0.31078769612571466,1.5617498339260028,2.633806525046765,-1.0,0.6153221234947053,660.8802150219215,0.0,237.38480000893915,403,True
esophagus_mucosa,excluded_at_or_below_-1,ENSG00000295309.1,ENSG00000295309,1.0001728560874352,128.4314912932298,-1.3115129024413448,0.7005154178635824,293.73036646305314,7.945172266164473,0.0,-0.7521878766824331,1.0,-0.9389247596279438,2.6240423899933454,-0.5293752520795095,0.5259888227548319,3.193505185970187,12.154434403747803,-0.9389247596279438,2.6240423899933454,96.78599650022207,0.0,96.78599650022207,444,True
esophagus_mucosa,raw,ENSG00000295309.1,ENSG00000295309,1.6297788817066943,5355909801431.763,-12.811110033603637,2.4121395762972746,1180.971742015367,9.04947711535604,0.0,-6.924736926643194,1.0,-1.0,2.6240423899933454,-0.6596785210477235,0.4943235524920891,3.3498147189894865,14.371178726512952,-1.0,2.6240423899933454,207.10603504608653,0.0,207.10603504608653,614,True
esophagus_muscularis,excluded_at_or_below_-1,ENSG00000295309.1,ENSG00000295309,2.207469081249902,27.035993180334383,-0.7810004408711061,0.24639601391592472,1026.5723018167782,7.456149713262468,0.0,1.1198268312260378,0.5341912831122481,-0.976105957344299,0.5180717907835071,-0.6406164502364058,0.25684536497490695,1.4234584689337328,2.103367194387916,-0.976105957344299,0.5180717907835071,27.035864222180056,0.0,14.442322998894884,363,True
esophagus_muscularis,raw,ENSG00000295309.1,ENSG00000295309,9.282045711467717,609.5652340604347,-0.9866006916337048,0.005161713716283619,4943.897436407327,412.25227676828615,0.0,3.671161296345098,0.0012079347923980748,-1.0,0.5180717907835071,-0.767457703094145,0.2686879679255836,1.4795396301638033,2.2926316600944325,-1.0,0.5180717907835071,597.5730291428081,0.0,0.7218292529003065,561,True
fallopian_tube,excluded_at_or_below_-1,ENSG00000295309.1,ENSG00000295309,0.173907314099184,3.0203692316520065,-0.8554445057522234,0.20284318765098835,13.90772810917041,10.741711461607734,0.0,-0.20361718860336533,1.0,-0.8262393272022932,0.6852584345048585,-0.4468767076013833,0.47126388285140897,1.1601433267362056,-0.13560114257633682,-0.8262393272022932,0.6852584345048585,2.9584015521300135,0.0,2.9584015521300135,19,True
fallopian_tube,raw,ENSG00000295309.1,ENSG00000295309,0.48717948519590815,26.169556903647063,-0.9914117362786669,0.012403536269318807,37.74358984092943,191.16884440558806,0.0,0.979207765287826,0.6192280029418706,-1.0,0.6852584345048585,-0.6376088773940098,0.46299041025867593,1.4907746654241765,1.1074432522793227,-1.0,0.6852584345048585,26.1658361068474,0.0,16.202618437747407,29,True
heart_atrial_appendage,excluded_at_or_below_-1,ENSG00000295309.1,ENSG00000295309,0.7138641409266298,5949607198560.0,-18.21822733953949,3.422748577821986,398.4314447143156,8.0676284562918,0.0,-7.131643835346375,1.0,-0.9578754065511796,1.3074401832868885,-0.5902244786253418,0.3437527671945243,1.4639313717292657,3.1035073633206887,-0.9578754065511796,1.3074401832868885,53.697140765693234,0.0,53.697140765693234,344,True
heart_atrial_appendage,raw,ENSG00000295309.1,ENSG00000295309,4.229969786728088,4146046372375.403,-6.681130621263349,1.1581312903272274,1493.5439105254713,9.75497792878094,0.0,-6.937323981578663,1.0,-1.0,1.3074401832868885,-0.6942239059590403,0.34638183977917725,1.5738172595345403,3.25244728284113,-1.0,1.3074401832868885,146.9282396545917,0.0,146.9282396545917,461,True
heart_left_ventricle,excluded_at_or_below_-1,ENSG00000295309.1,ENSG00000295309,0.6143824403428302,51.513052713636235,-1.0737158944701797,0.310266976225477,162.1863119942753,7.3781474719234605,0.0,-0.4961052301191178,1.0,-0.9648744339340412,0.5449897714675709,-0.774339952476009,0.21677535281160015,2.740286558539046,9.578638928802462,-0.9648744339340412,0.5449897714675709,45.5483785820129,0.0,45.54837858201291,257,True
heart_left_ventricle,raw,ENSG00000295309.1,ENSG00000295309,4.228517409447764,1261661006803.5676,-2.6121659241780866,0.3429932344790981,2829.5963698981873,13.017435781456038,0.0,-6.64720666642579,1.0,-1.0,0.5449897714675709,-0.8716932915626865,0.1979709088198633,2.995574550238336,12.364601924713167,-1.0,0.5449897714675709,320.7852817252781,0.0,320.7852817252781,452,True
kidney_cortex,excluded_at_or_below_-1,ENSG00000295309.1,ENSG00000295309,0.5983921558292569,3.9679141054860483,-1.033500949430912,0.250306840097071,68.15492321214242,4.110232825322561,0.0,-0.42967661150136116,1.0,-0.957450911621878,-0.3060157817428331,-0.760347852159735,0.16825832857002174,0.9427509640780695,-0.026959381764341206,-0.957450911621878,-0.3060157817428331,3.6171782410329985,0.0,3.6171782410329976,60,True
kidney_cortex,raw,ENSG00000295309.1,ENSG00000295309,1.5384615291387604,76.06553713771368,-0.9935714821529293,0.0029419265061385183,109.6923076923077,330.51491747942003,0.0,3.0902529707371866,0.008710389676255833,-1.0,-0.3060157817428331,-0.8617391454767702,0.1742740703883423,1.3216603257483868,0.9348592979171029,-1.0,-0.3060157817428331,73.69996601326632,0.0,0.6419554231023692,104,True
kidney_medulla,excluded_at_or_below_-1,ENSG00000295309.1,ENSG00000295309,,,,,,,,,,-0.9198622098012156,-0.3033499989529329,,,,,,,,,,8,False
kidney_medulla,raw,ENSG00000295309.1,ENSG00000295309,0.20512820512820512,3.449242988062383,-0.9927271716514047,0.003129329338527225,8.35897435897436,311.54488446378537,0.0,3.286752966766869,0.004550564485218744,-1.0,-0.3033499989529329,-0.8346627790659421,0.20586322933867138,1.6919537140357253,2.0826937857524186,-1.0,-0.3033499989529329,3.4187884775015815,0.0,0.01555741742819386,11,True
liver,excluded_at_or_below_-1,ENSG00000295309.1,ENSG00000295309,0.5585816941380793,6.805152843770833,-0.911783118837758,0.17508634167073733,80.15462917311959,4.2372020546918865,0.0,0.2925896053383127,0.9580961622175105,-0.9480070987037176,-0.387197422296394,-0.8025662592326167,0.1204980082508822,1.2444196195134636,1.1670390614821837,-0.9480070987037176,-0.387197422296394,6.804274824761068,0.0,6.519149596276803,115,True
liver,raw,ENSG00000295309.1,ENSG00000295309,3.0028483072498657,141.0432895008929,-0.9923489947244717,0.005579759450615013,401.19150030361305,153.37821793103686,0.0,1.9391795510553411,0.15373791013016025,-1.0,-0.387197422296394,-0.9133401519532477,0.12640568609211028,1.6304273337308997,2.366774434778102,-1.0,-0.387197422296394,139.961054821844,0.0,21.517320067923006,262,True
lung,excluded_at_or_below_-1,ENSG00000295309.1,ENSG00000295309,-0.03207200640545513,62.10417470952597,-1.9487854788212091,1.490822864190357,1055.3285643246568,3.313784705738908,0.0,-0.9542308010249229,1.0,-0.9428630822805588,1.544510115112959,-0.38730960777472073,0.4612958089437018,1.187513068330855,1.3262880371986254,-0.9428630822805588,1.544510115112959,39.13470039521709,0.0,39.134700395217095,446,True
lung,raw,ENSG00000295309.1,ENSG00000295309,9.788509436077902,3974861526555.07,-3.792447819343426,0.5758585848047143,6228.985134082161,13.106687113612221,0.0,-6.857790580084651,1.0,-1.0,1.544510115112959,-0.5475829222972276,0.4792364083923773,1.2749879748791986,1.4626302325457887,-1.0,1.544510115112959,243.80414223259345,0.0,243.80414223259345,604,True
minor_salivary_gland,excluded_at_or_below_-1,ENSG00000295309.1,ENSG00000295309,0.24959841734946414,17.70705556512617,-0.811176059752087,0.3174237692194133,64.88370267848072,9.286342537729698,0.0,0.5913508611306829,0.8395869157137307,-0.943906238747306,1.273166736142466,-0.6565131536268363,0.2879265646564762,3.725239718710783,20.039656609352164,-0.943906238747306,1.273166736142466,17.70700872346202,0.0,14.866572840647601,140,True
minor_salivary_gland,raw,ENSG00000295309.1,ENSG00000295309,-0.19280987783525497,929780127671.2532,-15.651398780054663,2.992056320745441,402.6124463008919,7.999498513555663,0.0,-6.925072472341594,1.0,-1.0,1.273166736142466,-0.7343195663411992,0.2912130217686156,3.226336062230282,17.439511399321074,-1.0,1.273166736142466,35.85811709084118,0.0,35.85811709084118,181,True
muscle_skeletal,excluded_at_or_below_-1,ENSG00000295309.1,ENSG00000295309,1.4265313363495538,57.255761117614504,-0.9118078126684692,0.26399232134279993,1176.6308615712499,8.15912417520368,0.0,0.2737417878698766,0.9632447755006076,-0.9629074004188743,0.61126210296845,-0.7402851060395197,0.2175243139126134,2.5688712491854644,9.60393621201917,-0.9629074004188743,0.61126210296845,57.25464098272624,0.0,55.150233799774014,471,True
muscle_skeletal,raw,ENSG00000295309.1,ENSG00000295309,10.06440379671067,2588977117991.2485,-2.1285603079734656,0.24073178150027857,13026.810515996483,16.095481817565183,0.0,-6.629890260211387,1.0,-1.0,0.61126210296845,-0.850457561056985,0.2090833087162195,2.577172113823668,10.189223737884683,-1.0,0.61126210296845,738.45602016347,0.0,738.456020163457,818,True
nerve_tibial,excluded_at_or_below_-1,ENSG00000295309.1,ENSG00000295309,0.8462374330543974,43.17278903379212,-0.6140422735064424,0.732076738941994,319.7819125019164,4.928725956576848,0.0,0.5862363944074135,0.8421197741205796,-0.9175113104931412,1.937344392150232,-0.3273403496668652,0.44379768793871904,1.3782047508601882,2.8355454292409785,-0.9175113104931412,1.937344392150232,43.17236448621658,0.0,36.35630182938404,600,True
nerve_tibial,raw,ENSG00000295309.1,ENSG00000295309,0.026781121525344054,49.42690596012783,-0.8737056075598829,0.9796750326419258,1136.6581438649464,4.057901754807667,0.0,0.18231274319488058,0.9835154688204079,-1.0,1.937344392150232,-0.3976182235822673,0.4677023480147864,1.1972117927504236,2.2674360865379493,-1.0,1.937344392150232,49.41370054462734,0.0,48.5991388573004,670,True
ovary,excluded_at_or_below_-1,ENSG00000295309.1,ENSG00000295309,0.22314873626315282,20.44781603346394,-1.5929575807503769,1.0885406562992033,143.0351823387955,3.6559525909016495,0.0,-0.8846891162119639,1.0,-0.9119995579987388,1.2210820654405916,-0.4487031933473569,0.41071708795180656,1.4545443661095288,2.214026929008929,-0.9119995579987388,1.2210820654405916,13.800230018222317,0.0,13.800230018222317,148,True
ovary,raw,ENSG00000295309.1,ENSG00000295309,1.7577921885505434,21020305261984.242,-12.665279890916183,2.2368128077488567,842.4703599770141,8.779581976046371,0.0,-7.3753140957801895,1.0,-1.0,1.2210820654405916,-0.5772438995617037,0.42869167083029613,1.4078523721854495,2.144968607686666,-1.0,1.2210820654405916,32.42303557161424,0.0,32.423035571614236,193,True
pancreas,excluded_at_or_below_-1,ENSG00000295309.1,ENSG00000295309,2.1059398078245386,19.67503291023015,-0.9157811284565237,0.037788794961868655,301.7817594051281,23.60361214974283,0.0,1.5258114737421251,0.31225667501884014,-0.9565518991985004,-0.2850757784177504,-0.8292100141418951,0.11847315516662846,1.778360910927665,4.338594498421025,-0.9565518991985004,-0.2850757784177504,19.672660762540485,0.0,6.142919638484491,158,True
pancreas,raw,ENSG00000295309.1,ENSG00000295309,4.051282098179856,241.73217634228058,-0.9926122325666724,0.003555314192847486,1335.8974358977498,281.4400064398749,0.0,2.938665989320788,0.013382370989109488,-1.0,-0.2850757784177504,-0.9254563045149709,0.11531989831574557,2.089928000446092,5.576571497104458,-1.0,-0.2850757784177504,240.75228494747262,0.0,3.221836393642877,362,True
pituitary,excluded_at_or_below_-1,ENSG00000295309.1,ENSG00000295309,0.43690161241872905,21.8847036355125,-0.9155640982605324,0.48686159792313766,192.31845085989994,5.285271097711124,0.0,0.039365296054668826,0.9992327327523746,-0.9291161185846292,0.9039599117982527,-0.6070235073564041,0.27953435355414225,1.8148637051861813,5.055566339270845,-0.9291161185846292,0.9039599117982527,21.88452611685098,0.0,21.867734836731717,230,True
pituitary,raw,ENSG00000295309.1,ENSG00000295309,1.769852614420305,8739905460814.554,-11.192533773647117,2.0099871711849318,2445.7490572589254,8.51101224543258,0.0,-7.171398755316409,1.0,-1.0,0.9039599117982527,-0.7112313312842585,0.2958728771240509,1.600593254310725,4.0323100918889,-1.0,0.9039599117982527,59.407056344101875,0.0,59.40705634410334,313,True
prostate,excluded_at_or_below_-1,ENSG00000295309.1,ENSG00000295309,0.21614797537152355,21.571838635602873,-0.8879808629476849,0.7018374410486787,166.1289093684743,5.067866955712687,0.0,0.0709095059089932,0.9974916603525573,-0.9231714080656962,1.62706981285272,-0.4747341144312238,0.39996447401819996,2.2224508750149674,7.695781222524541,-0.9231714080656962,1.62706981285272,21.57172553340275,0.0,21.517616318983567,231,True
prostate,raw,ENSG00000295309.1,ENSG00000295309,-0.3516979123175752,6538567968757.035,-26.916907029174567,5.099572130705659,600.1944792262567,7.915816884126056,0.0,-7.187277770762605,1.0,-1.0,1.62706981285272,-0.5697290086298323,0.41467649719583927,1.962647969376677,6.52254710808959,-1.0,1.62706981285272,39.494831718605965,0.0,39.494831718605965,282,True
skin_not_sun_exposed_suprapubic,excluded_at_or_below_-1,ENSG00000295309.1,ENSG00000295309,1.3846311327041212,48.00281046176999,-0.7752570601584289,0.7809407876833903,638.0118204841278,5.22768856145422,0.0,0.2726919232048219,0.9635059603478403,-0.9258398653078328,2.1115171382836495,-0.34420029818570413,0.48209046516602944,1.6219769143564864,3.6671423431874013,-0.9258398653078328,2.1115171382836495,48.00256830188888,0.0,46.25076067087424,587,True
skin_not_sun_exposed_suprapubic,raw,ENSG00000295309.1,ENSG00000295309,0.9306044142489673,55.64753468113852,-0.9771108384860863,0.9422903472278488,845.2802915598536,4.635492220336353,0.0,0.03435264166671732,0.9994151257642013,-1.0,2.1115171382836495,-0.4086721582719022,0.4977050420230362,1.4944768244177502,3.2613627000954404,-1.0,2.1115171382836495,55.64605467813472,0.0,55.61350873442963,651,True
skin_sun_exposed_lower_leg,excluded_at_or_below_-1,ENSG00000295309.1,ENSG00000295309,1.166776421956929,58.39260995457976,-0.6292678801728498,0.6643760903439245,319.62833715667887,5.950520495533234,0.0,0.6279462186932915,0.8210622642993792,-0.9242674932593188,2.166196431242648,-0.359707837604012,0.4394854646783733,1.6733096059954666,4.50856456562959,-0.9242674932593188,2.166196431242648,58.39249790537321,0.0,47.94387654828249,701,True
skin_sun_exposed_lower_leg,raw,ENSG00000295309.1,ENSG00000295309,1.1874463710817835,60.614569102958306,-0.6505996284112803,0.678673831272185,381.0797010761629,5.869610712018244,0.0,0.7280769073896927,0.7671696046670415,-1.0,2.166196431242648,-0.4047151116185841,0.4542912006572465,1.5094658865611847,3.9306700317225696,-1.0,2.166196431242648,60.61452910618202,0.0,46.50162433146855,754,True
small_intestine_terminal_ileum,excluded_at_or_below_-1,ENSG00000295309.1,ENSG00000295309,0.3342512789533722,25.091606353469533,-1.2130594352317803,0.4389878040111617,130.57304159229466,4.793451493839767,0.0,-0.8946447417254675,1.0,-0.9353516398962805,0.2748818495227769,-0.7246658270783588,0.20792382803879658,1.914366131940336,4.481617310521348,-0.9353516398962805,0.2748818495227769,16.8158767735336,0.0,16.815876773533585,133,True
small_intestine_terminal_ileum,raw,ENSG00000295309.1,ENSG00000295309,3.410256439464,322.6196646452142,-0.9892958744691115,0.004244202790159235,1005.4358974358975,421.2374787238204,0.0,3.5667286054817975,0.0017283976858306416,-1.0,0.2748818495227769,-0.823094468605902,0.21260141196198348,1.8560113190391545,4.496195005792724,-1.0,0.2748818495227769,322.54999284990646,0.0,0.5574946612064688,207,True
spleen,excluded_at_or_below_-1,ENSG00000295309.1,ENSG00000295309,0.5887823932498563,11.324971305702887,-0.9078171058596061,0.3014139029076359,209.9713261945225,5.233223483811322,0.0,0.12406596517490043,0.9923340010435686,-0.9342595101585855,0.2075493119228648,-0.6989167635319402,0.20592228841794588,1.5571193106072858,2.8113942707262582,-0.9342595101585855,0.2075493119228648,11.324951070279685,0.0,11.238134007193286,140,True
spleen,raw,ENSG00000295309.1,ENSG00000295309,3.5897435890581235,155.98708346692538,-0.9860734269786404,0.002953378849910579,857.4358977651598,571.5614391166031,0.0,6.668683377610974,2.2124635804538124e-10,-1.0,0.2075493119228648,-0.8478279671280564,0.2099948916740891,1.7622160853216733,3.5266443741902895,-1.0,0.2075493119228648,155.37608057800216,0.0,3.4376391955248664e-08,277,True
stomach,excluded_at_or_below_-1,ENSG00000295309.1,ENSG00000295309,0.7843775261126288,33.392013211997046,-0.8715307141405925,0.2182558368280465,145.61911004828963,13.527127630434114,0.0,0.5189483663678027,0.8740226363148976,-0.9516201101028916,1.216113358446301,-0.7013994890041679,0.30305450458161043,3.4410855019974464,15.865722445789412,-0.9516201101028916,1.216113358446301,33.39185628694332,0.0,29.185238263362393,198,True
stomach,raw,ENSG00000295309.1,ENSG00000295309,3.5407568582175557,1294727509168.4543,-2.6928196828079147,0.3622053768358812,2523.260685987139,15.262242017613232,0.0,-6.609533450310492,1.0,-1.0,1.216113358446301,-0.854734886542568,0.2586366015134485,3.8794112170600275,22.100708290468,-1.0,1.216113358446301,422.5700179063403,0.0,422.5700179063403,407,True
testis,excluded_at_or_below_-1,ENSG00000295309.1,ENSG00000295309,4.471107580195161,20.721759200677635,2.1280307431201204,0.6795878006314354,469.2627189824709,2.588940743171846,0.035038602238887946,6.279905651528349,0.0,-0.8897222918130597,3.372123285030777,1.7250056845310533,0.96069739171179,-0.8888710026021024,0.12459616857224054,-0.8897222918130597,3.372123285030777,20.72171237748399,0.7260598377033025,0.0,412,True
testis,raw,ENSG00000295309.1,ENSG00000295309,4.48212472681052,21.847591661391494,2.1319498601817077,0.6652522497048196,481.70372939951466,2.636398565949168,0.030952617431880106,6.657994724417393,0.0,-1.0,3.372123285030777,1.7118414058618212,0.9768602321489395,-0.9061441054279669,0.15264015957235122,-1.0,3.372123285030777,21.84756996288216,0.6762394748773266,0.0,414,True
thyroid,excluded_at_or_below_-1,ENSG00000295309.1,ENSG00000295309,0.9708447220108376,39.30920885679275,-0.7017358186240523,0.7273194758915215,568.5538136912215,3.9662488626133796,0.0,0.41274684509670134,0.9183208217110934,-0.9140084392796404,1.33807635738891,-0.3773331125972623,0.4046096439298929,1.2521079894941933,2.0205555876446386,-0.9140084392796404,1.33807635738891,39.293902975313635,0.0,36.084409268525995,633,True
thyroid,raw,ENSG00000295309.1,ENSG00000295309,0.9232169677233719,40.359868892997945,-0.6861218994438174,0.7241472659289323,1181.7719428429107,3.9531304783325125,0.0,0.6129839711112338,0.8286534206429376,-1.0,1.33807635738891,-0.42376002964044884,0.4222285368715955,1.111265866334807,1.686994181036825,-1.0,1.33807635738891,40.343355222084114,0.0,33.43065930499312,684,True
uterus,excluded_at_or_below_-1,ENSG00000295309.1,ENSG00000295309,0.5967691643554566,5185099195324.906,-21.85173791379936,4.058049198733312,108.78981477260452,8.066058764000848,0.0,-7.3020032497530245,1.0,-0.898828660768968,1.293608853532823,-0.38204478369790845,0.5109935492563367,1.3957529377015243,1.254379587578625,-0.898828660768968,1.293608853532823,13.65847758704847,0.0,13.65847758704847,120,True
uterus,raw,ENSG00000295309.1,ENSG00000295309,1.2366000265661607,7234942665603.477,-14.853054844378825,2.692680261821102,569.9009624533671,8.480335044763322,0.0,-7.275716437260554,1.0,-1.0,1.293608853532823,-0.5153292421160066,0.5190849339677147,1.463913306065472,1.6670272397100137,-1.0,1.293608853532823,23.146489046193885,0.0,23.146489046193885,153,True
vagina,excluded_at_or_below_-1,ENSG00000295309.1,ENSG00000295309,0.6341920692993678,9.840345431305249,-0.6626383968964362,0.9842811512010002,182.54287861797516,4.755817684337997,0.0,0.38257481163234197,0.9294365562358265,-0.9289073579875078,2.647372078033043,-0.10076694471259344,0.664601565427008,1.288640628918007,1.7921731562374328,-0.9289073579875078,2.647372078033043,9.840166262170957,0.0,9.14581024350014,150,True
vagina,raw,ENSG00000295309.1,ENSG00000295309,-0.44308271562680707,3676.8361383084134,-12.773507029267957,5.082007098128753,240.6605753099303,4.291299865616296,0.0,-3.2763144552900183,1.0,-1.0,2.647372078033043,-0.20655906886405304,0.6883749714735115,1.2235325346304422,1.625951135420972,-1.0,2.647372078033043,16.793181442283228,0.0,16.79318144228327,170,True
whole_blood,excluded_at_or_below_-1,ENSG00000295309.1,ENSG00000295309,1.000080798018645,36.43294745832671,-1.0300428018909547,0.4889407661703314,641.8727004729539,4.978330884980762,0.0,-0.2799015275683269,1.0,-0.9332715143126796,0.6911321195738105,-0.6332259882920956,0.27071611504092097,1.639571511084997,3.107673987723155,-0.9332715143126796,0.6911321195738105,35.03322036494392,0.0,35.033220364943915,343,True
whole_blood,raw,ENSG00000295309.1,ENSG00000295309,8.92105282601891,443.4635274365035,-0.9788622563589384,0.010955633461406053,5950.976133730756,215.57208023166018,0.0,2.7285764753322224,0.024555619118884344,-1.0,0.6911321195738105,-0.8433331431932614,0.25339697113404214,2.1716119835166263,5.510847995261836,-1.0,0.6911321195738105,436.533594528468,0.0,10.719352679838552,803,True
adipose_subcutaneous,excluded_at_or_below_-1,ENSG00000295310.1,ENSG00000295310,0.4932347393211474,71.65970083241824,-1.043021950804857,0.20649238606791115,378.98165125895537,6.31848441980991,0.0,-0.4236129768947511,1.0,-0.981169302311269,-0.1204463519751372,-0.8716839572858269,0.10716522368249984,2.5656061979172837,10.478246651966606,-0.981169302311269,-0.1204463519751372,65.51011496130148,0.0,65.51011496130148,429,True
adipose_subcutaneous,raw,ENSG00000295310.1,ENSG00000295310,6.819731202468377,2925271362724.346,-2.074283194777,0.22580819522397877,6360.93851125261,12.236679714010677,0.0,-6.72812544458882,1.0,-1.0,-0.1204463519751372,-0.9229025457641734,0.1041547580702421,2.5242699894575167,10.438272557567009,-1.0,-0.1204463519751372,432.92840453133493,0.0,432.92840453133033,714,True
adipose_visceral_omentum,excluded_at_or_below_-1,ENSG00000295310.1,ENSG00000295310,0.21389515832922318,34520.08101731279,-1.731032931179327,0.32879493384728,10.251627389468512,11.028299914825496,0.0,-3.2175011407213883,1.0,-0.9829860287427176,0.832971005297132,-0.8973230094497463,0.15743282664127675,6.9052493913719415,60.203877324228834,-0.9829860287427176,0.832971005297132,195.0273288885339,0.0,195.0273288885339,290,True
adipose_visceral_omentum,raw,ENSG00000295310.1,ENSG00000295310,1.3410100843957826,858706284009.7756,-2.4886489152143043,0.32596027489240165,1157.2282411031276,14.411203764589217,0.0,-6.458662750247732,1.0,-1.0,0.832971005297132,-0.9492737184675065,0.12191443413250545,8.380909651650912,96.9540805535818,-1.0,0.832971005297132,751.0937758385531,0.0,751.0937758385478,587,True
adrenal_gland,excluded_at_or_below_-1,ENSG00000295310.1,ENSG00000295310,1.357079541998294,834139858596.5813,-4.261165380480017,0.6852617169906048,89.2738919412308,11.745223357173431,0.0,-6.759477286221078,1.0,-0.9858389839899508,1.4300202638360329,-0.6699318860031716,0.48932603194460683,2.247431241305843,4.739487704205339,-0.9858389839899508,1.4300202638360329,99.92304402104216,0.0,99.92304402104216,167,True
adrenal_gland,raw,ENSG00000295310.1,ENSG00000295310,1.7002666658247645,406381753058.69183,-2.628360929790366,0.3575130729542702,154.03925018151355,16.053728267554842,0.0,-6.441303229329906,1.0,-1.0,1.4300202638360329,-0.813147881228914,0.4025484162523518,3.150238417896623,10.42612317351512,-1.0,1.4300202638360329,397.56768134893866,0.0,397.56768134893866,295,True
artery_aorta,excluded_at_or_below_-1,ENSG00000295310.1,ENSG00000295310,0.9522168741621251,17.838023206105944,-0.9513686494626998,0.021066189682800142,177.597530096025,18.544461783883186,0.0,1.8090962973300213,0.19468330653046392,-0.9783170303635692,-0.6751295015017796,-0.9238014620993128,0.0554816318611688,2.5660209538219814,7.869169790380587,-0.9783170303635692,-0.6751295015017796,17.837423915962972,0.0,3.4726486679452475,123,True
artery_aorta,raw,ENSG00000295310.1,ENSG00000295310,3.110607817533537,342.44605079397303,-0.9959647664439213,0.0033230795294423676,1131.0742103894431,136.53888778427174,0.0,1.717287224632693,0.23006903902719275,-1.0,-0.6751295015017796,-0.980143177623338,0.04380035846910112,3.4396233788411914,16.024147604500836,-1.0,-0.6751295015017796,340.6829464063882,0.0,78.38059809266996,472,True
artery_coronary,excluded_at_or_below_-1,ENSG00000295310.1,ENSG00000295310,0.25334218209788856,1272878225227.1643,-3.3572453780312377,0.4869074379710133,69.87481298925559,9.625755968208608,0.0,-6.925283246237349,1.0,-0.9729011655554825,-0.04314042124525,-0.900834047544028,0.10928229011745527,4.95416867161469,33.19629236411157,-0.9729011655554825,-0.04314042124525,49.03467744387086,0.0,49.03467744387086,112,True
artery_coronary,raw,ENSG00000295310.1,ENSG00000295310,1.363912997436728,1100930397744.3345,-1.8700423713794623,0.18513318062942438,589.4215055802572,13.955518433928026,0.0,-6.646165302518042,1.0,-1.0,-0.04314042124525,-0.9585575124064595,0.08582582674592447,5.665216821621316,49.73308112569885,-1.0,-0.04314042124525,281.8627189481198,0.0,281.86271894811273,268,True
artery_tibial,excluded_at_or_below_-1,ENSG00000295310.1,ENSG00000295310,1.3776947936111044,79.21445928458051,-0.9512242493093555,0.016686584241145493,399.57431880028184,55.37517874460726,0.0,2.2756804517658793,0.07511193495952237,-0.9780754509769444,-0.297841613493136,-0.9253080613800787,0.07538521622396266,5.886415106081472,42.84196549683983,-0.9780754509769444,-0.297841613493136,79.16813654721912,0.0,5.946471923201306,192,True
artery_tibial,raw,ENSG00000295310.1,ENSG00000295310,,,,,,,,,,,,,,,,,,,,,691,False
bladder,excluded_at_or_below_-1,ENSG00000295310.1,ENSG00000295310,0.5264312266724648,792025424073.1884,-1.7826696229043846,0.16129725880295856,34.00691555794415,9.841038603982923,0.0,-7.099584297068675,1.0,-0.97293089869351,-0.660256012379433,-0.9077792320243916,0.07116497742541864,1.5751485598668644,2.4619128149975174,-0.97293089869351,-0.660256012379433,8.987284398093145,0.0,8.987284398092985,39,True
bladder,raw,ENSG00000295310.1,ENSG00000295310,0.9999999946508652,39.96419876655317,-0.9954218035828958,0.0011937579950121518,106.0,397.0620590973475,0.0,5.423668357681719,4.1007489665516065e-07,-1.0,-0.660256012379433,-0.9532907798565098,0.0684544160925165,1.9559734850672545,4.165819376209637,-1.0,-0.660256012379433,39.917739121490754,0.0,1.6369262744952984e-05,77,True
brain_amygdala,excluded_at_or_below_-1,ENSG00000295310.1,ENSG00000295310,0.48219187824781956,10.12736162256818,-0.9682042217232883,0.014502157534340759,46.974259194493854,30.00130897550356,0.0,1.6869622919785228,0.24101322279501616,-0.9855033012708728,-0.6605535807061709,-0.943817151357941,0.05097228324848342,3.768146887011362,17.519859853015646,-0.9855033012708728,-0.6605535807061709,10.127185340648142,0.0,2.4407855767920523,50,True
brain_amygdala,raw,ENSG00000295310.1,ENSG00000295310,1.282051282051282,131.25406173195023,-0.9957557045849705,1.119969831257576e-05,231.89743589743594,42326.799927581356,,535.9376628844499,,-1.0,-0.6605535807061709,-0.9844798760657295,0.036631641961271964,4.829089785827352,34.218165510734615,-1.0,-0.6605535807061709,0.0,0.0,0.0,181,True
brain_anterior_cingulate_cortex_ba24,excluded_at_or_below_-1,ENSG00000295310.1,ENSG00000295310,0.6189950062321224,15.33287851641883,-0.9734646663627947,0.009038438402901897,57.77204630525857,38.64625763270295,0.0,2.3200686508051884,0.06778966120405285,-0.9882925524393632,-0.7264709813851713,-0.9534093480034589,0.04481188550517377,3.7129898538976436,14.990372703952506,-0.9882925524393632,-0.7264709813851713,15.332668657586183,0.0,1.039396413651767,62,True
brain_anterior_cingulate_cortex_ba24,raw,ENSG00000295310.1,ENSG00000295310,1.57894735097809,185.30211116490315,-0.9975251051011312,0.003154386282422261,481.2631578447748,121.52234494308875,0.0,1.1095755617921912,0.5423268610739314,-1.0,-0.7264709813851713,-0.9876024874515641,0.03088252288619544,5.123448104367427,35.392288901833645,-1.0,-0.7264709813851713,184.6191320718027,0.0,100.1239143906943,233,True
brain_caudate_basal_ganglia,excluded_at_or_below_-1,ENSG00000295310.1,ENSG00000295310,0.3464319131049802,9.147224482888168,-0.9723318721436969,0.01794556227311398,32.72266487302984,16.71943113650327,0.0,1.1670467669965037,0.5061126575250084,-0.9871410289712048,-0.7601718415697541,-0.9529114652512839,0.04271611139971189,2.9168257219472977,8.844343345388392,-0.9871410289712048,-0.7601718415697541,9.147196245152193,0.0,4.629511800536755,59,True
brain_caudate_basal_ganglia,raw,ENSG00000295310.1,ENSG00000295310,1.5128204936454097,272.11477696179213,-0.9973705876740583,0.0010309295188753872,293.7435897643582,325.3856617516706,0.0,3.606988163918696,0.0015385129226357065,-1.0,-0.7601718415697541,-0.9907392548327524,0.026560002991069667,5.02180615251844,32.454822454499066,-1.0,-0.7601718415697541,264.53699463785966,0.0,0.40699358476554304,300,True
brain_cerebellar_hemisphere,excluded_at_or_below_-1,ENSG00000295310.1,ENSG00000295310,0.061992848212489356,2098.9996445477377,-1.8041790999300715,0.3680442838852468,180.6518085559278,4.344704407926009,0.0,-3.1777878104854516,1.0,-0.9771705984086928,-0.6734845110414194,-0.9075492512317354,0.06344230404025215,1.3958608619601713,1.9511643908870075,-0.9771705984086928,-0.6734845110414194,13.297265387400257,0.0,13.297265387400257,135,True
brain_cerebellar_hemisphere,raw,ENSG00000295310.1,ENSG00000295310,3.4615384397605973,302.0686772400849,-0.9976362362899605,0.001945505165517698,679.6923077054516,235.63019735860675,0.0,1.7182512574279922,0.2305445810402019,-1.0,-0.6734845110414194,-0.9549427758710624,0.06401006486684846,1.7389849840806737,3.1135109164809593,-1.0,-0.6734845110414194,299.3973835199242,0.0,69.02444434813351,277,True
brain_cerebellum,excluded_at_or_below_-1,ENSG00000295310.1,ENSG00000295310,0.8027801505471559,18.69352544464585,-0.9266383438076001,0.05201816103619158,127.38856739139483,13.352303118014936,0.0,1.4978237226450657,0.3257306135158731,-0.9817318867358948,-0.4355086641915693,-0.8937978283637718,0.07547382419644555,2.528555971302188,9.629559457405346,-0.9817318867358948,-0.4355086641915693,18.69252772436919,0.0,6.088728523821244,150,True
brain_cerebellum,raw,ENSG00000295310.1,ENSG00000295310,3.842101802968786,610.8163016129181,-1.0046304195351343,0.008976681945115498,1519.0526184695677,89.66115876327804,0.0,-0.7294902666822846,1.0,-1.0,-0.4355086641915693,-0.9401115573479916,0.07737537056066213,2.1982273103828223,7.955006176167107,-1.0,-0.4355086641915693,468.1169872096801,0.0,468.11698720967735,266,True
brain_cortex,excluded_at_or_below_-1,ENSG00000295310.1,ENSG00000295310,0.12309002781329897,35.43764502531431,-1.0639193984432875,0.11622321478563946,123.86293364016403,6.295369258102988,0.0,-0.9739747197740719,1.0,-0.9838759905281956,-0.5465519562787158,-0.9323610112571882,0.05929261398662757,3.377290340339009,16.126219533242427,-0.9838759905281956,-0.5465519562787158,22.05327887260664,0.0,22.053278872606633,115,True
brain_cortex,raw,ENSG00000295310.1,ENSG00000295310,2.828431130966883,38019284673.00475,-1.1251341386084792,0.029745835320326413,1404.3481997116803,27.507674953039295,0.0,-5.9492831191416755,1.0,-1.0,-0.5465519562787158,-0.9711908010910246,0.05111459870003211,3.6148260651683914,20.569401642866055,-1.0,-0.5465519562787158,783.9729706037928,0.0,783.9729706037815,270,True
brain_frontal_cortex_ba9,excluded_at_or_below_-1,ENSG00000295310.1,ENSG00000295310,1.0473083389773565,14.128307223185562,-0.9715387043203948,0.00774777920808629,77.45205381200967,28.414754272114894,0.0,2.950769609822799,0.012863637473735022,-0.9877045169240264,-0.8158682679663889,-0.9479117468266139,0.038271408442313005,1.6921721348906127,2.170946576611411,-0.9877045169240264,-0.8158682679663889,14.125907073923397,0.0,0.18171054758661964,87,True
brain_frontal_cortex_ba9,raw,ENSG00000295310.1,ENSG00000295310,2.230769243707824,225.15003804815208,-0.9978580874611692,0.00033667947289931974,536.9230769230769,764.4436078237363,0.0,8.997049139189672,1.9741129055590842e-18,-1.0,-0.8158682679663889,-0.9831536132859309,0.03264857270939833,2.6173887371826683,7.462267349297482,-1.0,-0.8158682679663889,224.95633790727544,0.0,4.440892098500626e-16,269,True
brain_hippocampus,excluded_at_or_below_-1,ENSG00000295310.1,ENSG00000295310,0.9075665906326483,10.027990998990589,-0.9718839388712647,0.008393057181057933,73.92929081356175,24.738154147749523,0.0,2.521643950808874,0.041620183190401436,-0.986849360242202,-0.8250682472104666,-0.9508571606571802,0.03743176713538166,1.8177551061868062,2.777046031435143,-0.986849360242202,-0.8250682472104666,10.02624577103372,0.0,0.4172941857024113,73,True
brain_hippocampus,raw,ENSG00000295310.1,ENSG00000295310,1.9210526916384494,168.0271376460284,-0.9978137187065604,0.0016025657186213324,486.0855030024418,152.4424151781297,0.0,1.9293240959907598,0.15672008530296377,-1.0,-0.8250682472104666,-0.9859316577567613,0.029875666578456615,2.969809857133983,10.018954165782722,-1.0,-0.8250682472104666,166.71299269883613,0.0,26.127274436873968,255,True
brain_hypothalamus,excluded_at_or_below_-1,ENSG00000295310.1,ENSG00000295310,0.34353423746644685,34.504282748309485,-0.9658359976754308,0.04500821733461501,28.284166905671274,33.07716903521029,0.0,0.7307099278946411,0.7657006758294002,-0.9890912910188604,0.0868652720340623,-0.9183498409057982,0.13337900992635063,5.477849899159518,35.11017297613401,-0.9890912910188604,0.0868652720340623,34.50412571526168,0.0,26.419832379078453,93,True
brain_hypothalamus,raw,ENSG00000295310.1,ENSG00000295310,0.6618810150084357,492416566882.6061,-1.7558421213730735,0.16511791782447802,189.04465370025125,15.782549959306841,0.0,-6.473689791770065,1.0,-1.0,0.0868652720340623,-0.9704534443744717,0.0890997339987423,8.045920078778346,82.43456561978921,-1.0,0.0868652720340623,390.8254792944713,0.0,390.82547929446855,257,True
brain_nucleus_accumbens_basal_ganglia,excluded_at_or_below_-1,ENSG00000295310.1,ENSG00000295310,0.7447502297688482,14.378999020766338,-0.9742066650137416,0.008916177627343348,63.13528416178014,28.609218697254015,0.0,2.316827472150027,0.06830149290764355,-0.9888135432273368,-0.7938344196392957,-0.9574634277994419,0.033167383339708666,2.5175906304402935,7.740122780232467,-0.9888135432273368,-0.7938344196392957,14.37869543582704,0.0,0.9820863643313074,76,True
brain_nucleus_accumbens_basal_ganglia,raw,ENSG00000295310.1,ENSG00000295310,1.948717945696492,215.29843969719195,-0.9976118059907385,0.0009557025902238091,513.8974359351879,301.5422856766189,0.0,3.533961707360272,0.001942157409212891,-1.0,-0.7938344196392957,-0.9886569140798512,0.025408445931596937,3.5624036538900694,17.118530458513966,-1.0,-0.7938344196392957,215.1936541882232,0.0,0.41793994989725647,285,True
brain_putamen_basal_ganglia,excluded_at_or_below_-1,ENSG00000295310.1,ENSG00000295310,0.8291256193310433,8.862619625423337,-0.9742492100477954,0.00479842169596333,62.28151157894737,22.729850034783215,0.0,4.332974883647861,8.37791489412052e-05,-0.9889509787501626,-0.8971269079749189,-0.9644431805328808,0.019172821197808106,1.6349305997325994,2.213279290872996,-0.9889509787501626,-0.8971269079749189,8.8625374657107,0.0,0.0007424958463367881,66,True
brain_putamen_basal_ganglia,raw,ENSG00000295310.1,ENSG00000295310,1.6925314399464524,220.07770100624782,-0.9988498271114878,0.000332579785611375,252.30769426014956,432.5516404512265,0.0,4.890826707997207,6.552717503766029e-06,-1.0,-0.8971269079749189,-0.9907608264376777,0.0183998998411958,2.3424732268341977,5.851346692978934,-1.0,-0.8971269079749189,214.7594221444019,0.0,0.0014072578245842848,254,True
brain_spinal_cord_cervical_c-1,excluded_at_or_below_-1,ENSG00000295310.1,ENSG00000295310,0.3518929041731005,1487057615299.583,-2.839801479549541,0.3726242769751863,71.60769646650886,8.865677494551631,0.0,-7.090388917968899,1.0,-0.9715892700741988,-0.503827087705219,-0.904918066758626,0.0885291188645778,2.618204906339686,7.827460292418243,-0.9715892700741988,-0.503827087705219,18.01153378247171,0.0,18.01153378247171,70,True
brain_spinal_cord_cervical_c-1,raw,ENSG00000295310.1,ENSG00000295310,1.7948717948717943,140.33688941614034,-0.9942459138525613,0.001833988040421983,450.35897435940706,378.1687447760476,0.0,4.437055471146407,5.310984883383429e-05,-1.0,-0.503827087705219,-0.9673738464367833,0.06864164372348364,3.6366292948076047,17.113369303011858,-1.0,-0.503827087705219,140.25517298541024,0.0,0.007448931035418438,204,True
brain_substantia_nigra,excluded_at_or_below_-1,ENSG00000295310.1,ENSG00000295310,0.3829415086350899,666869800650.432,-2.0853022530790506,0.2212797672085583,34.219553343778585,8.55407858969644,0.0,-7.0705182736402055,1.0,-0.9789894024162578,-0.7468590579540598,-0.9338907341443807,0.052626366232771546,1.903402928493071,3.4803156119914966,-0.9789894024162578,-0.7468590579540598,9.297421236777804,0.0,9.297421236777804,50,True
brain_substantia_nigra,raw,ENSG00000295310.1,ENSG00000295310,1.4117507244399443,126.4681888157416,-0.9968454180064168,0.0027227816014070206,188.68177321449542,129.8429887331526,0.0,1.6384908127181295,0.2625992492111625,-1.0,-0.7468590579540598,-0.9819373590558418,0.04022761760497175,3.1974619612754736,12.049051137096894,-1.0,-0.7468590579540598,125.81227427073205,0.0,33.03820876504309,183,True
breast_mammary_tissue,excluded_at_or_below_-1,ENSG00000295310.1,ENSG00000295310,0.2199625330699551,1219001859475.5251,-4.588040586808246,0.7563092621033501,56.19992578096315,10.408737707429287,0.0,-6.743768679154575,1.0,-0.9815310402808528,0.9784629062874636,-0.8893977152144686,0.14387603076540195,8.808793968692642,107.47545263360057,-0.9815310402808528,0.9784629062874636,162.364773599208,0.0,162.364773599208,262,True
breast_mammary_tissue,raw,ENSG00000295310.1,ENSG00000295310,1.5639724163791746,891317263217.3868,-2.604771315910902,0.3497778571712155,1063.436016291347,14.487647889362611,0.0,-6.488373443141102,1.0,-1.0,0.9784629062874636,-0.9436229598953128,0.11659655129383227,9.490536531487175,143.79576348294927,-1.0,0.9784629062874636,643.2100274270261,0.0,643.2100274270261,514,True
cells_cultured_fibroblasts,excluded_at_or_below_-1,ENSG00000295310.1,ENSG00000295310,0.9756765961142945,24.171709641834603,-0.9592617389880392,0.01381680338945015,235.88483102497827,19.172627384449118,0.0,3.262913536782263,0.004876668368816364,-0.9911402586218384,-0.7719460250971306,-0.9441530570554385,0.03157663575232573,2.312373458129017,6.917384082240785,-0.9911402586218384,-0.7719460250971306,24.171483137545152,0.0,0.11787630724424458,147,True
cells_cultured_fibroblasts,raw,ENSG00000295310.1,ENSG00000295310,3.7692306899294565,518.7046834806739,-0.9973130053369395,0.0008841961367886764,1788.9230769497253,360.4596612735265,0.0,4.297671225216769,9.762526703049113e-05,-1.0,-0.7719460250971306,-0.9874087413913334,0.027732589096039484,2.909866203096038,11.10769317871696,-1.0,-0.7719460250971306,518.3858997417494,0.0,0.050607561887130004,652,True
cells_ebv-transformed_lymphocytes,excluded_at_or_below_-1,ENSG00000295310.1,ENSG00000295310,0.6650081486817715,705151736010.9728,-4.257813460006747,0.6873212351117757,100.26938077954499,9.417399725155171,0.0,-6.7483176620527425,1.0,-0.97806692538467,0.3191323301138213,-0.8612727074424493,0.1764403023739949,3.3673454477670792,14.30253230940118,-0.97806692538467,0.3191323301138213,91.08409590281637,0.0,91.08409590281637,223,True
cells_ebv-transformed_lymphocytes,raw,ENSG00000295310.1,ENSG00000295310,1.1744254430122234,1290823128671.5662,-3.447676625780128,0.513670708623075,200.9856486140443,10.370597783496741,0.0,-6.738825910009022,1.0,-1.0,0.3191323301138213,-0.9053939258705389,0.1593320437834741,3.7541443463124735,18.574173598008386,-1.0,0.3191323301138213,177.7563677708,0.0,177.7563677708,327,True
cervix_ectocervix,excluded_at_or_below_-1,ENSG00000295310.1,ENSG00000295310,0.1604216603641019,1.486106322948745,-0.962651141376723,0.13262625246630472,14.99413477666356,6.523776562351581,0.0,0.022190997421317523,0.9997538661172992,-0.9647322335856962,-0.3508453572910939,-0.7977450929856131,0.18241724911382776,1.4434378535178145,0.9693931184359115,-0.9647322335856962,-0.3508453572910939,1.4861062388678592,0.0,1.4857404577691808,18,True
cervix_ectocervix,raw,ENSG00000295310.1,ENSG00000295310,0.4615384615242552,1862.146799818282,-1.0052021540608629,0.005520961450608069,17.69230769293526,167.6157794075705,0.0,-1.3325499357754749,1.0,-1.0,-0.3508453572910939,-0.8483088197392098,0.1805516438842059,1.59934558942248,1.7737918105873014,-1.0,-0.3508453572910939,766.3512602454111,0.0,766.3512602453941,24,True
cervix_endocervix,excluded_at_or_below_-1,ENSG00000295310.1,ENSG00000295310,0.27450590297564753,2.3733822407740335,-0.9779878725926349,0.022986150983527635,9.547512201495246,23.856911735616247,0.0,-0.5281184771912611,1.0,-0.9694040127168048,-0.5902256634427164,-0.8373979185563941,0.1118572245166,0.6079912872267884,-0.31751600951486036,-0.9694040127168048,-0.5902256634427164,2.064445114534892,0.0,2.064445114534898,14,True
cervix_endocervix,raw,ENSG00000295310.1,ENSG00000295310,0.3589743615712457,14.08355323693586,-0.9965328775138417,0.0023680261157098133,12.97435897447766,242.65153530926176,0.0,2.0706070806420422,0.11726499464713647,-1.0,-0.5902256634427164,-0.9010248199908486,0.1182252540553478,1.0290434958908132,0.11993720543507891,-1.0,-0.5902256634427164,14.078092025341787,0.0,1.650867385993596,23,True
colon_sigmoid,excluded_at_or_below_-1,ENSG00000295310.1,ENSG00000295310,0.9745528741700956,22.446997163746623,-0.946031935142129,0.11652239389264131,822.3695160113379,5.556877686815982,0.0,0.4778615721494414,0.8921094976954428,-0.9854047539423664,-0.4881798059701568,-0.8849689318074799,0.0804756500506323,1.431172564858363,2.5668216261711745,-0.9854047539423664,-0.4881798059701568,22.44678025138115,0.0,20.024985854939622,294,True
colon_sigmoid,raw,ENSG00000295310.1,ENSG00000295310,7.538461542716603,2430.5300536505597,-1.0002548118842207,0.003821953683230847,3683.6923078177538,189.47990434666167,0.0,-0.09428644415548275,1.0,-1.0,-0.4881798059701568,-0.9192860762563225,0.08553435852139554,1.3767279913712167,2.2530413108012493,-1.0,-0.4881798059701568,2419.7504036561245,0.0,2419.7504036561245,419,True
colon_transverse,excluded_at_or_below_-1,ENSG00000295310.1,ENSG00000295310,0.6415378163094786,39.47178657476712,-1.0221261870144083,0.16594270850854317,413.1845424541725,4.6698927223445414,0.0,-0.3436938796131862,1.0,-0.9817974171607824,-0.4741646432926647,-0.8902790553384335,0.07941795235255256,1.562353956254988,3.196541191206702,-0.9817974171607824,-0.4741646432926647,37.207260130871965,0.0,37.20726013087194,360,True
colon_transverse,raw,ENSG00000295310.1,ENSG00000295310,2.2914463934027025,1691157658970.1665,-3.904432439679862,0.5964328784058688,4537.966372127383,8.13357448232638,0.0,-6.886756072485525,1.0,-1.0,-0.4741646432926647,-0.9175374946176119,0.083603274891991,1.4560855283751388,2.7775858884851257,-1.0,-0.4741646432926647,84.99938647675701,0.0,84.99938647675701,479,True
esophagus_gastroesophageal_junction,excluded_at_or_below_-1,ENSG00000295310.1,ENSG00000295310,1.605497873697726,27.533476008436846,-0.9549857296331242,0.022930300611551938,289.48324512174213,25.270724430106288,0.0,1.8512408384665822,0.18022794540112322,-0.9850020652558632,-0.5452418809871916,-0.9118500456261828,0.0791453836776411,2.4536668341796584,6.530284254883314,-0.9850020652558632,-0.5452418809871916,27.533105545555582,0.0,4.962235042987755,163,True
esophagus_gastroesophageal_junction,raw,ENSG00000295310.1,ENSG00000295310,4.17948717950574,240.72151349833908,-0.9946027931955093,0.0020029705490758297,1965.743589743911,317.2749078804801,0.0,3.8107415335513553,0.0007036953313960713,-1.0,-0.5452418809871916,-0.9643462963698954,0.0663372963445083,3.1480350617401083,12.43539187724631,-1.0,-0.5452418809871916,240.31012226302553,0.0,0.1691051111237094,403,True
esophagus_mucosa,excluded_at_or_below_-1,ENSG00000295310.1,ENSG00000295310,1.2081990068602615,38.46946580658512,-0.9620927233767287,0.10060753502478298,1017.1780389824983,7.0246946103576215,0.0,0.2948942235868937,0.9574517160495816,-0.9830715781391876,-0.4623540503406483,-0.8990497905940869,0.07633632445159247,1.9742322334772888,5.36360964601684,-0.9830715781391876,-0.4623540503406483,38.46941520882713,0.0,36.832607607115406,373,True
esophagus_mucosa,raw,ENSG00000295310.1,ENSG00000295310,9.473722356669054,7292679187.807411,-1.1103520619442921,0.028175139982640037,8663.398262526332,32.525395684469046,0.0,-5.538974526252936,1.0,-1.0,-0.4623540503406483,-0.9386735698560168,0.07726716807545304,1.9520666550689354,5.33520307632682,-1.0,-0.4623540503406483,1587.6614552415283,0.0,1587.661455241562,614,True
esophagus_muscularis,excluded_at_or_below_-1,ENSG00000295310.1,ENSG00000295310,0.7405253234440499,36.044781446995096,-0.9663411095719899,0.07135762372432043,485.45637395017985,12.19010478199557,0.0,0.27373205928068084,0.9632335250943335,-0.9801529339011652,-0.3512593897120618,-0.9131861278799225,0.07331334274054574,3.375675369818055,18.004544380156798,-0.9801529339011652,-0.3512593897120618,36.04459325555051,0.0,34.719360622135355,206,True
esophagus_muscularis,raw,ENSG00000295310.1,ENSG00000295310,4.957014805490377,69510249235.23427,-1.1852167731459928,0.04422782384762698,5050.9865476641025,26.66633217489231,0.0,-5.922427326844354,1.0,-1.0,-0.3512593897120618,-0.9681218223587594,0.06100782486510692,3.748818784858448,23.5708473151747,-1.0,-0.3512593897120618,1681.0389918692133,0.0,1681.0389918690998,561,True
fallopian_tube,excluded_at_or_below_-1,ENSG00000295310.1,ENSG00000295310,0.1794373132948514,691783978472.1952,-4.877602154901775,0.7514020017657818,16.5421617114859,7.919554063563369,0.0,-7.366620693553043,1.0,-0.9635585601729922,-0.6697731997980864,-0.8650254426036829,0.08520561361048311,0.9124607540243627,-0.03209739731487948,-0.9635585601729922,-0.6697731997980864,1.1210576820858789,0.0,1.1210576820858789,18,True
fallopian_tube,raw,ENSG00000295310.1,ENSG00000295310,0.4615384615385587,12.52260245866385,-0.9958262024687144,0.00011066359770040669,23.692307692307697,4166.759331985631,0.0,53.33859731655944,0.0,-1.0,-0.6697731997980864,-0.9162226885126308,0.09407554011823113,1.0577088597580224,0.3189185096984133,-1.0,-0.6697731997980864,0.1296818320931069,0.0,0.0,29,True
heart_atrial_appendage,excluded_at_or_below_-1,ENSG00000295310.1,ENSG00000295310,0.3901422341694378,33.92607698025347,-0.9752304657961668,0.028458968167060696,84.36827043124988,21.307797009985908,0.0,0.46458252102189357,0.8977290894120793,-0.9845795058057596,-0.5464423867172015,-0.9534664944646173,0.046001367122022706,6.097696207346826,48.88957808083197,-0.9845795058057596,-0.5464423867172015,33.92500761136233,0.0,30.455466191246167,122,True
heart_atrial_appendage,raw,ENSG00000295310.1,ENSG00000295310,2.5757327568842188,56889591344.91183,-1.1536557580412752,0.036603364193454,2191.2813199793354,23.46039507303995,0.0,-5.936668985129829,1.0,-1.0,-0.5464423867172015,-0.9876852761923717,0.03128808090323845,7.252177353961865,87.13806627257475,-1.0,-0.5464423867172015,1264.4075011897514,0.0,1264.4075011897514,461,True
heart_left_ventricle,excluded_at_or_below_-1,ENSG00000295310.1,ENSG00000295310,0.4220108075491837,11.788694684251372,-0.9748850517401008,0.01327965398279493,87.94319737217819,13.186229886786208,0.0,1.816171157188758,0.19221037502745092,-0.9919391411525428,-0.8510645942836808,-0.9671645532057455,0.019716267274080008,2.751982626356715,11.677205361311588,-0.9919391411525428,-0.8510645942836808,11.787821969179097,0.0,2.2657416814527394,93,True
heart_left_ventricle,raw,ENSG00000295310.1,ENSG00000295310,2.3846154099055448,410.2038780906538,-0.9983679595534939,0.0006137767472681662,607.2307693530669,339.40421802383946,0.0,3.7604124692948995,0.000876883606924227,-1.0,-0.8510645942836808,-0.9932440341772883,0.015996264189542447,3.39865263202916,17.1230065823274,-1.0,-0.8510645942836808,397.59727527517373,0.0,0.3486465328465145,452,True
kidney_cortex,excluded_at_or_below_-1,ENSG00000295310.1,ENSG00000295310,0.7487323457242917,6.170051967407917,1.5996425878305418,0.8478795896513387,99.57052342397401,4.707837146841801,0.0,3.6453557241559738,0.0012860585900525052,-0.5858991137665122,4.422185896997647,1.810483562221828,0.9489215313417348,0.45253097668079134,0.5839439693380046,-0.5858991137665122,4.422185896997647,6.169858513588704,0.0,0.007934799540809334,104,True
kidney_cortex,raw,ENSG00000295310.1,ENSG00000295310,0.7487323457242917,6.170051967407917,1.5996425878305418,0.8478795896513387,99.57052342397401,4.707837146841801,0.0,3.6453557241559738,0.0012860585900525052,-0.5858991137665122,4.422185896997647,1.810483562221828,0.9489215313417348,0.45253097668079134,0.5839439693380046,-0.5858991137665122,4.422185896997647,6.169858513588704,0.0,0.007934799540809334,104,True
kidney_medulla,excluded_at_or_below_-1,ENSG00000295310.1,ENSG00000295310,0.23076923076923078,6.619440910844342,5.062144457740343,0.01598355241442826,8.923076923076923,2.797584562692235,0.020218276466917446,350.9675025526433,0.0,1.0954822632427383,5.093762977517903,3.231292809997025,1.4297631235027166,-0.16550024319541015,-1.3570770211230987,1.0954822632427383,5.093762977517903,6.540015445528747,0.13222784037561047,0.0,11,True
kidney_medulla,raw,ENSG00000295310.1,ENSG00000295310,0.23076923076923078,6.619440910844342,5.062144457740343,0.01598355241442826,8.923076923076923,2.797584562692235,0.020218276466917446,350.9675025526433,0.0,1.0954822632427383,5.093762977517903,3.231292809997025,1.4297631235027166,-0.16550024319541015,-1.3570770211230987,1.0954822632427383,5.093762977517903,6.540015445528747,0.13222784037561047,0.0,11,True
liver,excluded_at_or_below_-1,ENSG00000295310.1,ENSG00000295310,0.9469278289536718,14.294997927755825,3.6697644692117275,1.3988201241482567,240.37147712043236,2.197993396151878,0.08911797685850883,4.108136104001115,0.0,-0.3936553762138057,5.84383313683428,3.411723863223289,1.115959782390559,-0.5564136295250943,0.045045076803883255,-0.3936553762138057,5.84383313683428,14.291866415536157,1.2736622204846508,0.0,262,True
liver,raw,ENSG00000295310.1,ENSG00000295310,0.9469278289536718,14.294997927755825,3.6697644692117275,1.3988201241482567,240.37147712043236,2.197993396151878,0.08911797685850883,4.108136104001115,0.0,-0.3936553762138057,5.84383313683428,3.411723863223289,1.115959782390559,-0.5564136295250943,0.045045076803883255,-0.3936553762138057,5.84383313683428,14.291866415536157,1.2736622204846508,0.0,262,True
lung,excluded_at_or_below_-1,ENSG00000295310.1,ENSG00000295310,0.7079111675839687,49.14040603329129,-0.9998880801851968,0.15449755644297963,1392.882463797917,6.685320394086777,0.0,-0.1753849010955964,1.0,-0.9807279339546696,-0.2695417644621009,-0.8829696260638482,0.09547960611673877,2.522318901600282,9.51685823940229,-0.9807279339546696,-0.2695417644621009,48.390412142917,0.0,48.390412142917,354,True
lung,raw,ENSG00000295310.1,ENSG00000295310,7.690826662027266,659539331220.5974,-1.4852179609202547,0.10603190535879502,8777.555189394716,16.21423060038085,0.0,-6.471654156533785,1.0,-1.0,-0.2695417644621009,-0.9314093503751693,0.09308487472772206,2.4716805053036937,9.587241843779307,-1.0,-0.2695417644621009,530.4117991455488,0.0,530.4117991455449,604,True
minor_salivary_gland,excluded_at_or_below_-1,ENSG00000295310.1,ENSG00000295310,1.3770303606980054,17.464748323002627,-0.966188936089811,0.01068822567205086,158.34959720705385,42.87797115862715,0.0,1.4272999952489893,0.3611898450855314,-0.9769760653161348,-0.6421293709035807,-0.9220787630606211,0.0640697337049754,2.3918174346714682,6.589474795160898,-0.9769760653161348,-0.6421293709035807,17.46053867334931,0.0,6.3065692585369675,92,True
minor_salivary_gland,raw,ENSG00000295310.1,ENSG00000295310,2.3589743588938776,164.83764047856522,-0.9972565013853071,0.0021569904837366563,580.9743589921586,232.83626334033156,0.0,1.7987529284455381,0.20089206042162047,-1.0,-0.6421293709035807,-0.960393625423078,0.06001011561980015,2.5653307243508854,8.620828700820365,-1.0,-0.6421293709035807,162.74628779092203,0.0,32.69443708028794,181,True
muscle_skeletal,excluded_at_or_below_-1,ENSG00000295310.1,ENSG00000295310,0.702724001952136,2111867290091.0686,-2.9770283341096073,0.40843680265005433,163.52836479765006,8.79053514084151,0.0,-6.905403757525249,1.0,-0.9826894967712586,-0.4382476562581778,-0.9288701167690003,0.06415870380105348,3.1897777712568818,15.814976061347306,-0.9826894967712586,-0.4382476562581778,93.34410707046983,0.0,93.3441070704682,308,True
muscle_skeletal,raw,ENSG00000295310.1,ENSG00000295310,6.029887011195676,194504730918.0917,-1.2720951279913626,0.0627689122762114,7185.8541931504715,18.786981655606958,0.0,-6.130433144479749,1.0,-1.0,-0.4382476562581778,-0.9732175989790368,0.05230642433880204,3.7946316327515515,23.149215008527612,-1.0,-0.4382476562581778,1342.940717533785,0.0,1342.940717533785,818,True
nerve_tibial,excluded_at_or_below_-1,ENSG00000295310.1,ENSG00000295310,-0.010202784120292453,38.82658668120157,-0.4898018800295632,0.821379205744418,491.411487538526,3.8751238410331172,0.0,0.8209007544765735,0.7137972332186729,-0.9665833419294998,1.7608809216315635,-0.28013561486462263,0.44499519586616965,0.7736506151228816,0.6973745292663849,-0.9665833419294998,1.7608809216315635,38.805189119758786,0.0,27.69903662821117,658,True
nerve_tibial,raw,ENSG00000295310.1,ENSG00000295310,-0.08544934659144021,39.173569475618045,-0.4935656933792363,0.8308204142585871,526.8308623775083,3.8374947508235664,0.0,0.8620470231382451,0.689459266165723,-1.0,1.7608809216315635,-0.2930287083297339,0.4512177466856852,0.7416804557027906,0.6310715728137533,-1.0,1.7608809216315635,39.14870793007959,0.0,26.99143944080889,670,True
ovary,excluded_at_or_below_-1,ENSG00000295310.1,ENSG00000295310,0.31760029218426533,643862916627.6864,-2.547049211067126,0.31705066656274494,23.095189648217858,8.245270974657046,0.0,-7.056418823113907,1.0,-0.9650800156508405,-0.6985528254725681,-0.9148739765398677,0.058595077093003704,1.9390639324011856,3.7075571017788214,-0.9650800156508405,-0.6985528254725681,9.915668906066838,0.0,9.915668906066731,59,True
ovary,raw,ENSG00000295310.1,ENSG00000295310,,,,,,,,,,,,,,,,,,,,,193,False
pancreas,excluded_at_or_below_-1,ENSG00000295310.1,ENSG00000295310,1.4622206517244285,35.65434985530811,-0.9302739294593466,0.2962416577964215,626.0505682865057,7.064580982074949,0.0,0.21574084197587,0.977001145395819,-0.9754661312468066,0.5495755341924731,-0.7142588066802611,0.25080926703405176,1.9336077117187453,4.539994195527429,-0.9754661312468066,0.5495755341924731,35.65418581418728,0.0,34.83418037861633,346,True
pancreas,raw,ENSG00000295310.1,ENSG00000295310,1.521814683945507,34.22122307157143,-0.9051790129870332,0.2814166368016957,398.97132540003383,7.310632498230438,0.0,0.47650745654328275,0.8926867462479028,-1.0,0.5495755341924731,-0.7268882516888682,0.25214290971720427,1.9046294808888027,4.493989527331911,-1.0,0.5495755341924731,34.22087640032505,0.0,30.54852280755781,362,True
pituitary,excluded_at_or_below_-1,ENSG00000295310.1,ENSG00000295310,1.459335764864594,16.98263965184318,-0.7958917100252304,0.2392798791160269,264.0246978607311,5.435245533859259,0.0,1.0722250143407368,0.5628016095004074,-0.9773083493806844,0.1237324039773344,-0.6901757715479144,0.21017536713455337,1.2862536832250309,1.7839327596769339,-0.9773083493806844,0.1237324039773344,16.982540639927652,0.0,9.557801205557361,283,True
pituitary,raw,ENSG00000295310.1,ENSG00000295310,0.6341665718909016,18.644902396610185,-0.9174807952428189,0.39728652472136183,454.1191831424001,3.706387546599425,0.0,0.2937421011339257,0.9577312238821243,-1.0,0.1237324039773344,-0.7198713844985933,0.21970768838662716,1.1560949644112106,1.5169309622700347,-1.0,0.1237324039773344,18.625513943863066,0.0,17.838236264889545,313,True
prostate,excluded_at_or_below_-1,ENSG00000295310.1,ENSG00000295310,1.377118845753826,11.147195687527196,-0.9494226474438334,0.054661032504823036,194.8053164849946,8.149781694224306,0.0,0.859071402747371,0.6914252620206163,-0.9826267766637098,-0.6344239132019664,-0.8989240625714943,0.07442118805085446,1.4474133799909012,1.628695817172881,-0.9826267766637098,-0.6344239132019664,11.147177597458859,0.0,7.707440191113335,155,True
prostate,raw,ENSG00000295310.1,ENSG00000295310,3.9743589713023204,277.46805229005025,-0.9970762124281799,0.0018250642293770453,940.9743589743601,281.01356200847556,0.0,2.2655969970860688,0.0771839292453329,-1.0,-0.6344239132019664,-0.944444076945325,0.07465418845337893,1.7213901394722093,2.8500161131648865,-1.0,-0.6344239132019664,276.11154623442525,0.0,21.31137404837716,282,True
skin_not_sun_exposed_suprapubic,excluded_at_or_below_-1,ENSG00000295310.1,ENSG00000295310,1.5089091100319607,34.6596502441881,-0.6769229388452015,0.3224386429466715,567.7619600345781,4.09503433450539,0.0,1.2576321806637794,0.45334951041098637,-0.9636612536573116,0.2567389554886892,-0.6040505749500454,0.21885353558365137,0.7824514227862938,0.48806843132878974,-0.9636612536573116,0.2567389554886892,34.65164063864588,0.0,15.709304318467549,642,True
skin_not_sun_exposed_suprapubic,raw,ENSG00000295310.1,ENSG00000295310,1.7017047110321022,36.01134251928593,-0.6702407300752752,0.3065339481113608,562.6903474543701,4.276678819576132,0.0,1.5213650387472768,0.31426858529745155,-1.0,0.2567389554886892,-0.6095245301350679,0.22220354679062568,0.7328076451657405,0.4453431052444472,-1.0,0.2567389554886892,36.007447529990124,0.0,11.316009595422212,651,True
skin_sun_exposed_lower_leg,excluded_at_or_below_-1,ENSG00000295310.1,ENSG00000295310,1.7455813672612428,42.76362284207949,-0.7285164272297139,0.27258205588434614,947.1676122316146,4.4590975313207695,0.0,1.2697859408414907,0.4465359753327321,-0.9732608360634196,0.130950632636853,-0.6664132918367512,0.19001652151577786,0.8416309337946517,0.7288401651088705,-0.9732608360634196,0.130950632636853,42.76145802007729,0.0,19.09452936364489,742,True
skin_sun_exposed_lower_leg,raw,ENSG00000295310.1,ENSG00000295310,1.905354207952189,44.02299295728445,-0.7248743546671708,0.26413256673135654,655.0313443767325,4.582241860747606,0.0,1.473072494623764,0.3378945977682419,-1.0,0.130950632636853,-0.6717223641152114,0.19307004901577948,0.7898480972009738,0.6672592039506111,-1.0,0.130950632636853,44.021600427874674,0.0,14.874660969690979,754,True
small_intestine_terminal_ileum,excluded_at_or_below_-1,ENSG00000295310.1,ENSG00000295310,0.47885801694672775,16.22825019076164,-0.9279210182783056,0.15727041482122853,114.1342174500318,6.712863037308582,0.0,0.4627741026558731,0.8984626323264235,-0.97938472717605,-0.1814038142260009,-0.8402463733977993,0.13032468434134906,2.331282193473013,7.320203572318913,-0.97938472717605,-0.1814038142260009,16.228091598504715,0.0,14.580333895226865,173,True
small_intestine_terminal_ileum,raw,ENSG00000295310.1,ENSG00000295310,0.028974698053335874,92.15571991789636,-1.4688546010198216,0.42736731177248094,260.9002353994996,4.260340726623102,0.0,-1.5515003540941241,1.0,-1.0,-0.1814038142260009,-0.8664860995063732,0.13304746268535309,2.1429681788377817,6.728645310757168,-1.0,-0.1814038142260009,27.647121338993152,0.0,27.64712133899314,207,True
spleen,excluded_at_or_below_-1,ENSG00000295310.1,ENSG00000295310,0.10590144153198341,651396758713.7761,-4.473570908325877,0.7423017936148447,16.028347977715132,12.036668240804483,0.0,-6.670703974807716,1.0,-0.9722075662402784,1.844315344513516,-0.871911977294584,0.2351534899573182,10.163733171871925,114.22122460446465,-0.9722075662402784,1.844315344513516,141.63297014186608,0.0,141.63297014186608,154,True
spleen,raw,ENSG00000295310.1,ENSG00000295310,0.361037921672784,1397303804951.18,-3.6240838645547337,0.557797254482942,134.87015299341664,13.864328416430244,0.0,-6.652981814149813,1.0,-1.0,1.844315344513516,-0.9287886083154006,0.18632981908983515,12.109685631033177,175.7064338390947,-1.0,1.844315344513516,341.8876356677654,0.0,341.8876356677654,277,True
stomach,excluded_at_or_below_-1,ENSG00000295310.1,ENSG00000295310,0.9898234349161938,14.506418207194592,-0.9509095447246125,0.06135311625697425,236.57736033334578,6.054851338192405,0.0,0.7266265217422123,0.7679805052628189,-0.9824329317504324,-0.6882306905864491,-0.9149311036249289,0.06011435399188691,1.794777995721474,3.285389339841803,-0.9824329317504324,-0.6882306905864491,14.506387230671768,0.0,11.14062259494941,204,True
stomach,raw,ENSG00000295310.1,ENSG00000295310,5.230769183088715,273.4275631818113,-0.9971614090380382,0.0018598315139622505,1566.9230776335467,234.9105328025801,0.0,2.1584610252591316,0.09892917568306031,-1.0,-0.6882306905864491,-0.9573610445687604,0.060170526161000486,1.9491062319005434,4.391025612022437,-1.0,-0.6882306905864491,269.05365448204606,0.0,26.617256252423715,407,True
testis,excluded_at_or_below_-1,ENSG00000295310.1,ENSG00000295310,-1.228850154431147,22.190206334340264,-0.4159016861428803,0.38906759071911545,367.1861643522026,2.6945552273433697,0.0,1.977434749317753,0.11817234379216593,-0.959918370886246,0.3254036854467508,-0.39116086906099734,0.23598024862810352,0.2894311877497113,-0.5397943654308075,-0.959918370886246,0.3254036854467508,21.6018414792386,0.0,2.5527402378284543,414,True
testis,raw,ENSG00000295310.1,ENSG00000295310,-1.228850154431147,22.190206334340264,-0.4159016861428803,0.38906759071911545,367.1861643522026,2.6945552273433697,0.0,1.977434749317753,0.11817234379216593,-0.959918370886246,0.3254036854467508,-0.39116086906099734,0.23598024862810352,0.2894311877497113,-0.5397943654308075,-0.959918370886246,0.3254036854467508,21.6018414792386,0.0,2.5527402378284543,414,True
thyroid,excluded_at_or_below_-1,ENSG00000295310.1,ENSG00000295310,0.5508410430050196,1978492874279.5183,-7.266348748799736,1.318925665132651,127.99478182618313,9.915018462037485,0.0,-6.747945596842484,1.0,-0.973071077455762,1.9806084773078945,-0.8040505439855546,0.25446700047449594,6.006691723419679,52.04455699206854,-0.973071077455762,1.9806084773078945,256.20338640971835,0.0,256.20338640971835,486,True
thyroid,raw,ENSG00000295310.1,ENSG00000295310,1.5894153396512847,2167240356364.2903,-5.548059939967346,0.9642665097665755,1021.5750391847821,11.041703589703676,0.0,-6.670280450935284,1.0,-1.0,1.9806084773078945,-0.8607727549371047,0.23214312156210992,6.190053360662276,59.239409939193514,-1.0,1.9806084773078945,472.55545347994996,0.0,472.555453479955,684,True
uterus,excluded_at_or_below_-1,ENSG00000295310.1,ENSG00000295310,1.369142702409713,12.815527158562888,-0.9527787221532442,0.0076382142608716445,108.50896906797755,66.54811709114216,0.0,3.7801971778534647,0.000789051683955501,-0.9731956922354258,-0.593350139000103,-0.8791488259661763,0.08311808373742934,1.3827758568705717,1.70525264473366,-0.9731956922354258,-0.593350139000103,12.812110762404552,0.0,0.01010941757209971,73,True
uterus,raw,ENSG00000295310.1,ENSG00000295310,1.871794878431515,80.77319371652288,-0.9952595501933581,0.0018780076947644158,216.35897435898192,302.65357364586663,0.0,3.5697449094547404,0.0017095921919902824,-1.0,-0.593350139000103,-0.9423389823237311,0.08330715500302494,1.75992342607023,3.0859905897281505,-1.0,-0.593350139000103,80.77004861794393,0.0,0.13808384446391253,153,True
vagina,excluded_at_or_below_-1,ENSG00000295310.1,ENSG00000295310,0.4367204194125072,69.82534862482984,-1.5761401324814435,0.4426509912423402,113.35449445774907,3.722196295757464,0.0,-1.9395906920670494,1.0,-0.9690453023291984,-0.4110870430804153,-0.827659626138,0.1309927912270278,1.3540680990036575,1.4269134376488974,-0.9690453023291984,-0.4110870430804153,10.575474946299769,0.0,10.575474946299755,120,True
vagina,raw,ENSG00000295310.1,ENSG00000295310,3.0769230621747483,79.9774204635537,-0.9926076389857204,4.2382653100189085e-05,452.76923076923083,19404.030974287864,,246.66641749961056,,-1.0,-0.4110870430804153,-0.8783479713915295,0.1352230691697916,1.4323956995526146,1.8095214766855818,-1.0,-0.4110870430804153,0.0,0.0,0.0,170,True
whole_blood,excluded_at_or_below_-1,ENSG00000295310.1,ENSG00000295310,0.6987364437781268,1352997940251.5142,-3.9112745119152157,0.607770096845378,94.9818346470405,9.50964686031046,0.0,-6.833593258152039,1.0,-0.9744807016934448,0.1755756972977042,-0.8676958847971926,0.16935966515923542,3.6346946800687214,15.389311994372779,-0.9744807016934448,0.1755756972977042,97.93906832436124,0.0,97.93906832436124,236,True
whole_blood,raw,ENSG00000295310.1,ENSG00000295310,3.1557195775007263,215074075489.33765,-1.6467681148316924,0.14881875866199615,1996.7854969291923,17.317597308236493,0.0,-6.146189149332274,1.0,-1.0,0.1755756972977042,-0.96111610063778,0.10973423487050071,5.843326081950819,44.006899543382,-1.0,0.1755756972977042,1348.0681050223395,0.0,1348.0681050223202,803,True
