tissue,table,gene,genename,y0,A,x0,w,sumsquarevalue,rti_sigma_dist,rti,lti_sigma_dist,lti,min,max,mean,std,skew,kurt,left,right,maxheight,rightheight,leftheight,n_obs,fit_success
adipose_subcutaneous,excluded_at_or_below_-1,ENSG00000274381.1,ENSG00000274381,0.047938181047720206,2.8103700430615572,-0.7493106084248067,0.14047550954952373,3.5339299741654857,20.38349805716645,0.0,1.5331951334874523,0.30871479804949026,-0.9016046984730534,1.2754064160515657,-0.5804288219232739,0.5452228074830482,3.1023016002692607,8.142567403914867,-0.9016046984730534,1.2754064160515657,2.8103524875213277,0.0,0.8675974006330291,14,True
adipose_subcutaneous,raw,ENSG00000274381.1,ENSG00000274381,2.0042408137553083,657.5548067690893,-0.9715662802885544,0.02365332208097838,1784.1569934595016,134.34473392647433,0.0,1.700029784694769,0.2371696454433326,-1.0,1.2754064160515657,-0.9917731141553583,0.09385553158890776,20.442006005547125,477.993189482983,-1.0,1.2754064160515657,653.5748560106919,0.0,155.00811687073295,714,True
adipose_visceral_omentum,excluded_at_or_below_-1,ENSG00000274381.1,ENSG00000274381,0.27503641326941436,5.098453659607038,-1.251101908190228,0.3649176651524547,20.223079737505103,5.369921412011656,0.0,-1.4236897135716695,1.0,-0.8837390572030307,0.1345298208926344,-0.563565835973086,0.3051646898157559,0.9274756314257198,-0.29426733848053965,-0.8837390572030307,0.1345298208926344,1.8505623784973588,0.0,1.8505623784973588,21,True
adipose_visceral_omentum,raw,ENSG00000274381.1,ENSG00000274381,0.5384615384615365,596.0658843840725,-0.9868070002551559,0.004306140851106686,25.692307695400952,368.26703893068964,0.0,4.332816740713086,8.385506667459918e-05,-1.0,0.1345298208926344,-0.9843865120194802,0.09879289086492804,7.844488348899061,67.89148618990343,-1.0,0.1345298208926344,595.9289192715884,0.0,0.04997165925884084,587,True
adrenal_gland,excluded_at_or_below_-1,ENSG00000274381.1,ENSG00000274381,,,,,,,,,,-0.8169187992388857,-0.7914490298430792,,,,,,,,,,3,False
adrenal_gland,raw,ENSG00000274381.1,ENSG00000274381,0.07692307411069134,413.0495676733962,-0.9980515331089804,0.001117608596373128,4.769230795787995,261.43326302880473,0.0,2.4655754367470117,0.04861994754040271,-1.0,-0.7914490298430792,-0.9979817555767103,0.01997657149857341,9.809924046162637,94.52060669284741,-1.0,-0.7914490298430792,406.57071571643974,0.0,19.76744686959727,295,True
artery_aorta,excluded_at_or_below_-1,ENSG00000274381.1,ENSG00000274381,0.2165844482015765,3.551933105749177,-0.7365965753462538,0.02118772472623866,14.658714644692937,49.0804236021491,0.0,7.117571482639447,9.98605703785831e-12,-0.8432319162211035,-0.001274462479133,-0.6179011830757583,0.2575651410298867,1.3038803649188662,0.3601784453995718,-0.8432319162211035,-0.001274462479133,3.551645540380494,0.0,3.546693494449471e-11,15,True
artery_aorta,raw,ENSG00000274381.1,ENSG00000274381,0.38461538461538464,516.6170358299339,-0.987877351683044,0.001028606758871524,31.230769230769226,1356.4631717172335,0.0,16.667218559333083,0.0,-1.0,-0.001274462479133,-0.9878570291231702,0.08045983282106017,8.531431204828754,82.4335618004365,-1.0,-0.001274462479133,426.11849577105795,0.0,0.0,472,True
artery_coronary,excluded_at_or_below_-1,ENSG00000274381.1,ENSG00000274381,0.13224267511897253,1301463781017.246,-3.8156806705589714,0.5743271664152616,21.64172483985301,9.142594452445678,0.0,-7.306301547873853,1.0,-0.8485139168160208,-0.1027758411455549,-0.6537816931102761,0.25865589069547357,1.2244770460478207,-0.14050082065228242,-0.8485139168160208,-0.1027758411455549,3.331722048521091,0.0,3.331722048521091,15,True
artery_coronary,raw,ENSG00000274381.1,ENSG00000274381,0.38461538462509975,292.00105120874144,-0.9897245524659817,0.0024691186931046424,29.230769237716423,508.00915329894485,0.0,5.885370072586639,3.0316266212479377e-08,-1.0,-0.1027758411455549,-0.980622109689008,0.09932378504958568,6.613012654508409,47.73625240319352,-1.0,-0.1027758411455549,289.9035804313192,0.0,8.788794120306864e-06,268,True
artery_tibial,excluded_at_or_below_-1,ENSG00000274381.1,ENSG00000274381,,,,,,,,,,-0.8463386164054898,-0.2215542186126741,,,,,,,,,,8,False
artery_tibial,raw,ENSG00000274381.1,ENSG00000274381,0.21052601776130586,679.8447317727997,-0.9902673976799988,0.006413032794029945,17.065391351790993,169.51801718899367,0.0,2.146251023531774,0.10092530076965422,-1.0,-0.2215542186126741,-0.995284758528246,0.049516290122897835,12.172805480335583,159.5757619020157,-1.0,-0.2215542186126741,673.1999180475718,0.0,67.94290420705775,691,True
bladder,excluded_at_or_below_-1,ENSG00000274381.1,ENSG00000274381,,,,,,,,,,-0.8495391059263174,-0.6793801568870116,,,,,,,,,,2,False
bladder,raw,ENSG00000274381.1,ENSG00000274381,0.051282051282051155,82.69438370848013,-0.9964254166815213,0.0013812467301896679,1.8974358974358978,324.61232051273595,0.0,3.6598994939386778,0.0012534132871356149,-1.0,-0.6793801568870116,-0.9938820683482251,0.04015652347388728,6.974065548231108,49.38309062849626,-1.0,-0.6793801568870116,81.41864937647472,0.0,0.10205121694911118,77,True
brain_amygdala,excluded_at_or_below_-1,ENSG00000274381.1,ENSG00000274381,,,,,,,,,,,,,,,,,,,,,0,False
brain_amygdala,raw,ENSG00000274381.1,ENSG00000274381,0.0,181.0,-0.9875,1.0001e-06,0.0,-17675.90193946968,0.0,,,-1.0,-1.0,-1.0,0.0,,,,-1.0,1.478207192444474e-187,0.0,,181,True
brain_anterior_cingulate_cortex_ba24,excluded_at_or_below_-1,ENSG00000274381.1,ENSG00000274381,,,,,,,,,,-0.8548103723064451,-0.8548103723064451,,,,,,,,,,1,False
brain_anterior_cingulate_cortex_ba24,raw,ENSG00000274381.1,ENSG00000274381,-0.17948409324543296,220.88085072172447,-0.9982635763972516,0.002016226698910944,191.512214418849,100.62036521025902,0.0,1.2179552082898244,0.4764848211267378,-1.0,-0.8548103723064451,-0.9993768685506714,0.009511688763419419,15.165892995297943,228.00431034482742,-1.0,-0.8548103723064451,220.79515820621324,0.0,105.20554146353729,233,True
brain_caudate_basal_ganglia,excluded_at_or_below_-1,ENSG00000274381.1,ENSG00000274381,,,,,,,,,,-0.886075513818223,-0.886075513818223,,,,,,,,,,1,False
brain_caudate_basal_ganglia,raw,ENSG00000274381.1,ENSG00000274381,0.025641025640879438,313.7377734345617,-0.9986916288804744,0.0005269321468126068,0.9743589743592682,302.24619664255124,0.0,3.5114885152537214,0.002105134179669,-1.0,-0.886075513818223,-0.9996202517127275,0.006577433276433874,17.233784972594005,295.0033444816064,-1.0,-0.886075513818223,313.1423234634736,0.0,0.6592066082239241,300,True
brain_cerebellar_hemisphere,excluded_at_or_below_-1,ENSG00000274381.1,ENSG00000274381,,,,,,,,,,-0.8875147030391172,-0.7497150757379742,,,,,,,,,,3,False
brain_cerebellar_hemisphere,raw,ENSG00000274381.1,ENSG00000274381,0.07692307640187573,300.79707388472224,-0.9965531827697889,0.0010403148403930835,2.7692307692461187,335.5539930036884,0.0,4.685635045006696,1.725217960268174e-05,-1.0,-0.7497150757379742,-0.9980565959369998,0.019511057655101086,10.701082411078625,118.98244186678377,-1.0,-0.7497150757379742,297.79938212353306,0.0,0.005137688425962725,277,True
brain_cerebellum,excluded_at_or_below_-1,ENSG00000274381.1,ENSG00000274381,,,,,,,,,,,,,,,,,,,,,0,False
brain_cerebellum,raw,ENSG00000274381.1,ENSG00000274381,0.0,266.0,-0.9875,1.0001e-06,0.0,-17675.90193946968,0.0,,,-1.0,-1.0,-1.0,0.0,,,,-1.0,2.1723928905537574e-187,0.0,,266,True
brain_cortex,excluded_at_or_below_-1,ENSG00000274381.1,ENSG00000274381,,,,,,,,,,,,,,,,,,,,,0,False
brain_cortex,raw,ENSG00000274381.1,ENSG00000274381,0.0,270.0,-0.9875,1.0001e-06,0.0,-17675.90193946968,0.0,,,-1.0,-1.0,-1.0,0.0,,,,-1.0,2.2050604528177237e-187,0.0,,270,True
brain_frontal_cortex_ba9,excluded_at_or_below_-1,ENSG00000274381.1,ENSG00000274381,,,,,,,,,,-0.881560532628027,-0.881560532628027,,,,,,,,,,1,False
brain_frontal_cortex_ba9,raw,ENSG00000274381.1,ENSG00000274381,0.02564102564102564,281.2817677926509,-0.9985206694216474,5.2817119471609346e-06,0.9743589743589909,31316.855853803423,,396.10061814598225,,-1.0,-0.881560532628027,-0.9995597045822604,0.0072213817765997956,16.30962082156678,264.00373134328447,-1.0,-0.881560532628027,0.0,0.0,0.0,269,True
brain_hippocampus,excluded_at_or_below_-1,ENSG00000274381.1,ENSG00000274381,,,,,,,,,,-0.864985303417391,-0.864985303417391,,,,,,,,,,1,False
brain_hippocampus,raw,ENSG00000274381.1,ENSG00000274381,0.0256410231827191,295.54627770740103,-0.9980820650784537,0.0005913758582227725,0.9743589743864982,318.2869960479662,0.0,4.586540928389408,2.80040977553302e-05,-1.0,-0.864985303417391,-0.9994705306016368,0.00845494826535209,15.874631869995378,250.00393700787384,-1.0,-0.864985303417391,285.3756261357016,0.0,0.007991686931292683,255,True
brain_hypothalamus,excluded_at_or_below_-1,ENSG00000274381.1,ENSG00000274381,,,,,,,,,,-0.867349461677696,-0.8284024422055002,,,,,,,,,,2,False
brain_hypothalamus,raw,ENSG00000274381.1,ENSG00000274381,0.051282051282433544,285.47188285210757,-0.9981178999832538,0.0007817073293610678,1.8974359113468955,307.03806030555467,0.0,3.404971745116964,0.0031133005778275383,-1.0,-0.8284024422055002,-0.998816155268028,0.013503718332317503,11.476990178188066,131.6914057451502,-1.0,-0.8284024422055002,278.46686742826563,0.0,0.8669510592702403,257,True
brain_nucleus_accumbens_basal_ganglia,excluded_at_or_below_-1,ENSG00000274381.1,ENSG00000274381,,,,,,,,,,-0.8700431133356421,-0.8700431133356421,,,,,,,,,,1,False
brain_nucleus_accumbens_basal_ganglia,raw,ENSG00000274381.1,ENSG00000274381,0.025641025071643238,300.29540915816824,-0.9985426121302846,0.0007067533370038893,0.9743589755343814,257.1275216384703,0.0,2.916233405741178,0.014340264059452299,-1.0,-0.8700431133356421,-0.9995440109239848,0.007697981597269798,16.792960463443062,280.0035211267608,-1.0,-0.8700431133356421,298.04428378366083,0.0,4.274033730868025,285,True
brain_putamen_basal_ganglia,excluded_at_or_below_-1,ENSG00000274381.1,ENSG00000274381,,,,,,,,,,-0.8906942740796817,-0.8692443722687782,,,,,,,,,,2,False
brain_putamen_basal_ganglia,raw,ENSG00000274381.1,ENSG00000274381,0.05128205128205115,275.52710217766753,-0.9982153206795938,0.0005022878349683971,1.897435897435898,363.12339598304646,0.0,5.024843374047619,3.309568042179882e-06,-1.0,-0.8692443722687782,-0.999054876560427,0.010672614337581151,11.270554229875593,126.01501911814407,-1.0,-0.8692443722687782,273.9247433493257,0.0,0.0009065725765512525,254,True
brain_spinal_cord_cervical_c-1,excluded_at_or_below_-1,ENSG00000274381.1,ENSG00000274381,,,,,,,,,,,,,,,,,,,,,0,False
brain_spinal_cord_cervical_c-1,raw,ENSG00000274381.1,ENSG00000274381,0.0,204.0,-0.9875,1.0001e-06,0.0,-17675.90193946968,0.0,,,-1.0,-1.0,-1.0,0.0,,,,-1.0,1.6660456754622802e-187,0.0,,204,True
brain_substantia_nigra,excluded_at_or_below_-1,ENSG00000274381.1,ENSG00000274381,,,,,,,,,,-0.8453571713254787,-0.8453571713254787,,,,,,,,,,1,False
brain_substantia_nigra,raw,ENSG00000274381.1,ENSG00000274381,0.02564102292025868,192.33179023627912,-0.9978785777872538,0.0008006959906364022,0.9743589811535136,269.3879376104064,0.0,3.746920304172807,0.0008984844269200483,-1.0,-0.8453571713254787,-0.9991549572203577,0.011431526835678987,13.416612631565927,178.00549450549437,-1.0,-0.8453571713254787,191.39077034857348,0.0,0.17196162661442463,183,True
breast_mammary_tissue,excluded_at_or_below_-1,ENSG00000274381.1,ENSG00000274381,0.8991513277822017,15.761064017607712,-0.8155445764102681,0.03236449494435369,72.50650003821974,55.7362292563351,0.0,2.571273659786506,0.03670258262937334,-0.8743885696916418,0.4599876048516882,-0.6559308570968863,0.2526772415075411,2.3434043217818257,6.147119328915286,-0.8743885696916418,0.4599876048516882,15.748208837910793,0.0,0.5779999361380485,63,True
breast_mammary_tissue,raw,ENSG00000274381.1,ENSG00000274381,1.6153846208429161,571.4284238329442,-0.9846758448753484,0.005968811308731489,325.230769267481,342.28970191769656,0.0,3.630811377382521,0.0013911206651506794,-1.0,0.4599876048516882,-0.9578281011616805,0.14308267909297445,5.069071420116699,33.21887156899691,-1.0,0.4599876048516882,563.6250505560811,0.0,0.7840704552251605,514,True
cells_cultured_fibroblasts,excluded_at_or_below_-1,ENSG00000274381.1,ENSG00000274381,,,,,,,,,,-0.8378647433827453,-0.4011984311317631,,,,,,,,,,6,False
cells_cultured_fibroblasts,raw,ENSG00000274381.1,ENSG00000274381,0.15384615384463382,757.0971632871652,-0.9936865895948929,0.0029388637605254134,5.076923076946425,285.1118178728421,0.0,3.038082520073633,0.010017164798743174,-1.0,-0.4011984311317631,-0.997063069476443,0.03368676557134438,13.37378815891749,197.55473201516313,-1.0,-0.4011984311317631,748.427303687958,0.0,7.497119640921219,652,True
cells_ebv-transformed_lymphocytes,excluded_at_or_below_-1,ENSG00000274381.1,ENSG00000274381,0.2517536377610141,13.265101824179002,-1.0020008790112072,0.2518473808106999,29.328795525423715,12.304708643302515,0.0,-0.6043247603511581,1.0,-0.8943809182762099,1.189258437053088,-0.599648638554491,0.41686037371947127,2.397104854339723,6.518037712360179,-0.8943809182762099,1.189258437053088,11.051127464301477,0.0,11.051127464301477,41,True
cells_ebv-transformed_lymphocytes,raw,ENSG00000274381.1,ENSG00000274381,1.051282051282051,295.0696496148912,-0.9735551290327105,0.004929092229566437,213.89743589743634,620.5362236267379,0.0,7.587339298059229,3.2551953725473024e-13,-1.0,1.189258437053088,-0.9498030403080554,0.1973635996865879,6.348435654849468,50.85415902911589,-1.0,1.189258437053088,286.2047976460948,0.0,9.316525328983971e-11,327,True
cervix_ectocervix,excluded_at_or_below_-1,ENSG00000274381.1,ENSG00000274381,,,,,,,,,,-0.8254708585342228,-0.7814977905558018,,,,,,,,,,3,False
cervix_ectocervix,raw,ENSG00000274381.1,ENSG00000274381,0.07692307693156236,27.7585148294224,-0.9978348406812882,0.0010647591411760803,2.7692307695450364,287.3389656869415,0.0,2.875765565007265,0.016010248381260098,-1.0,-0.7814977905558018,-0.9761836768135352,0.06476520844909116,2.325502822604451,3.5308959189089135,-1.0,-0.7814977905558018,27.744984339870815,0.0,0.44420409061550337,24,True
cervix_endocervix,excluded_at_or_below_-1,ENSG00000274381.1,ENSG00000274381,,,,,,,,,,-0.7639838175170862,-0.7639838175170862,,,,,,,,,,1,False
cervix_endocervix,raw,ENSG00000274381.1,ENSG00000274381,0.025641025642829968,53.141100792853834,-0.998201734219301,0.0012258287814124033,0.9743589744132088,270.2124141426955,0.0,2.0746224059821228,0.11855448616669158,-1.0,-0.7639838175170862,-0.9897384268485689,0.04921277599841241,4.477215043467816,18.045454545454522,-1.0,-0.7639838175170862,52.107256358752466,0.0,6.177549003167971,23,True
colon_sigmoid,excluded_at_or_below_-1,ENSG00000274381.1,ENSG00000274381,0.2971393499247295,2.596171878188706,-0.8237022443021971,0.06552828854968672,14.94341428038112,19.803983942558446,0.0,1.2641163701757399,0.4497816952817594,-0.8822757048241412,0.0939251980790758,-0.6290540711292274,0.2804460513906368,1.4768865124827548,1.1988891007294233,-0.8822757048241412,0.0939251980790758,2.5961662622862827,0.0,1.167708062684433,23,True
colon_sigmoid,raw,ENSG00000274381.1,ENSG00000274381,0.5897435897435863,526.7117243438627,-0.9890294283537421,0.005048810682188599,39.435897435897694,303.34453330543187,0.0,3.0729477070427,0.008901841471161664,-1.0,0.0939251980790758,-0.9796378129736807,0.1062788919445662,7.000370065311429,56.26539674046482,-1.0,0.0939251980790758,526.7082015310393,0.0,4.688672911589981,419,True
colon_transverse,excluded_at_or_below_-1,ENSG00000274381.1,ENSG00000274381,1.80991248795432,20.763739664650423,-0.789171246239033,0.1743736122299999,405.93958736680827,11.979911348272068,0.0,1.1368037797926407,0.5240544660643331,-0.9293400204279372,0.6879609716757731,-0.6117107629559725,0.2975094843555521,1.965242137656948,4.422485694398024,-0.9293400204279372,0.6879609716757731,20.763703127072457,0.0,10.881311355776282,211,True
colon_transverse,raw,ENSG00000274381.1,ENSG00000274381,5.410256419567263,290.19491673535634,-0.9816397518122042,0.008664049670069231,2179.4358974412016,272.5252135916901,0.0,2.9969024860760616,0.01149466103332279,-1.0,0.6879609716757731,-0.82895818576975,0.27590235370393895,2.371077366860155,6.963075012261504,-1.0,0.6879609716757731,283.075367301264,0.0,3.2538553940113744,479,True
esophagus_gastroesophageal_junction,excluded_at_or_below_-1,ENSG00000274381.1,ENSG00000274381,,,,,,,,,,-0.7866402745894137,-0.7866402745894137,,,,,,,,,,1,False
esophagus_gastroesophageal_junction,raw,ENSG00000274381.1,ENSG00000274381,0.02564102564102564,413.5769506104865,-0.9974392310420328,0.0006297322006485137,0.9743589743589743,473.39923675871046,0.0,5.750816278303418,6.660521503776625e-08,-1.0,-0.7866402745894137,-0.9994705714009664,0.010628204952594039,20.00006218895808,398.00248756218997,-1.0,-0.7866402745894137,408.86401460864573,0.0,2.7232475614213242e-05,403,True
esophagus_mucosa,excluded_at_or_below_-1,ENSG00000274381.1,ENSG00000274381,0.5398003945790527,3.9101717243000307,-0.819071127862786,0.07830736862735584,23.658875683317703,10.381508967857295,0.0,1.322329240136234,0.41717172251064466,-0.892290707994886,-0.2442296249358532,-0.7181169453210283,0.15925382225272422,1.2813842393287642,0.8535866869381481,-0.892290707994886,-0.2442296249358532,3.9100936299964806,0.0,1.6311804948035311,52,True
esophagus_mucosa,raw,ENSG00000274381.1,ENSG00000274381,1.3333333191963432,560.9778542170161,-0.9904843067152864,0.002910684079781242,138.66666666666666,362.5826311030672,0.0,4.623388224130503,2.3738400674324477e-05,-1.0,-0.2442296249358532,-0.976127168007644,0.09099184912218157,4.6551175035341625,24.197127692284756,-1.0,-0.2442296249358532,539.28200428165,0.0,0.01280169229409056,614,True
esophagus_muscularis,excluded_at_or_below_-1,ENSG00000274381.1,ENSG00000274381,,,,,,,,,,-0.8581591789682005,-0.7307609399855199,,,,,,,,,,5,False
esophagus_muscularis,raw,ENSG00000274381.1,ENSG00000274381,-0.5028497256742792,513.2668337148614,-0.9967761419599429,0.0038599132026255014,2394.353899979131,97.46392902663082,0.0,1.1811726129782592,0.4979869914501146,-1.0,-0.7307609399855199,-0.9982970994261361,0.018514143146286702,11.407322078384517,135.01366924638205,-1.0,-0.7307609399855199,513.0600047717287,0.0,255.49720820965427,561,True
fallopian_tube,excluded_at_or_below_-1,ENSG00000274381.1,ENSG00000274381,,,,,,,,,,-0.3129043648121985,-0.3129043648121985,,,,,,,,,,1,False
fallopian_tube,raw,ENSG00000274381.1,ENSG00000274381,0.025641025649502037,30.19902013742426,-0.9923539674472273,0.003407732223608452,0.9743589743652482,281.97252012306984,0.0,3.1731140315443214,0.006593547553116007,-1.0,-0.3129043648121985,-0.9763070470624896,0.12759045633617502,5.102520385624572,24.035714285714313,-1.0,-0.3129043648121985,29.8190336021687,0.0,0.1966132160438648,29,True
heart_atrial_appendage,excluded_at_or_below_-1,ENSG00000274381.1,ENSG00000274381,,,,,,,,,,-0.8850360293928379,-0.4299558513406857,,,,,,,,,,7,False
heart_atrial_appendage,raw,ENSG00000274381.1,ENSG00000274381,0.17948717948717952,464.6862204663801,-0.9932203879476951,0.0022489902566192586,7.743589743589743,354.19288479749304,0.0,4.263166229279481,0.00011340551602304611,-1.0,-0.4299558513406857,-0.9964592882358494,0.033936529880318464,12.572055439483794,183.1407265285617,-1.0,-0.4299558513406857,463.40887306298816,0.0,0.05255312237936671,461,True
heart_left_ventricle,excluded_at_or_below_-1,ENSG00000274381.1,ENSG00000274381,,,,,,,,,,-0.8989362639508732,-0.8629162304109805,,,,,,,,,,2,False
heart_left_ventricle,raw,ENSG00000274381.1,ENSG00000274381,0.05128205128019065,484.7483825920715,-0.9984676946403778,0.000664034713842756,1.8974358974491394,288.6877976655592,0.0,3.2633941812085383,0.004922882286302717,-1.0,-0.8629162304109805,-0.9994731249875262,0.008002267508325991,15.43240203296715,240.8112016489065,-1.0,-0.8629162304109805,479.44071909970427,0.0,2.3602302233881662,452,True
kidney_cortex,excluded_at_or_below_-1,ENSG00000274381.1,ENSG00000274381,,,,,,,,,,-0.9584654237508702,-0.7310518613171355,,,,,,,,,,9,False
kidney_cortex,raw,ENSG00000274381.1,ENSG00000274381,0.22755745292508858,91.03032435219744,-0.9966437535505109,0.0029274520927751995,21.35275147095323,128.30394628139038,0.0,1.6213584704761834,0.27006468470416567,-1.0,-0.7310518613171355,-0.9863069700906155,0.04930093915113644,3.761159835019277,13.435025567620581,-1.0,-0.7310518613171355,90.54842735235779,0.0,24.453932483372416,104,True
kidney_medulla,excluded_at_or_below_-1,ENSG00000274381.1,ENSG00000274381,,,,,,,,,,,,,,,,,,,,,0,False
kidney_medulla,raw,ENSG00000274381.1,ENSG00000274381,0.0,11.0,-0.9875,1.0001e-06,0.0,-17675.90193946968,0.0,,,-1.0,-1.0,-1.0,0.0,,,,-1.0,8.983579622590726e-189,0.0,,11,True
liver,excluded_at_or_below_-1,ENSG00000274381.1,ENSG00000274381,0.13664686219455485,1.745635554070142,-0.8541341219348495,0.028727146015286472,10.351453711738278,10.546188416583835,0.0,3.4135992373167108,0.002949059826750228,-0.9234751085702164,-0.6399077118588868,-0.8381267705076783,0.06406940286796244,1.7963652247337747,3.3025900269153627,-0.9234751085702164,-0.6399077118588868,1.7455290486208874,0.0,0.005147669593713405,18,True
liver,raw,ENSG00000274381.1,ENSG00000274381,0.46153846153846156,265.657014073277,-0.9955034349423731,1.556277876875929e-05,25.692307692307693,32313.528437224297,,408.60975941866883,,-1.0,-0.6399077118588868,-0.9888789384318252,0.04416238007707857,4.488001578310098,22.50849529744015,-1.0,-0.6399077118588868,0.0,0.0,0.0,262,True
lung,excluded_at_or_below_-1,ENSG00000274381.1,ENSG00000274381,0.8192323325571336,12.238556642472647,-0.7809577296904701,0.09175919870035164,145.53663342036901,14.844448979097333,0.0,1.8740024058373923,0.17274572894026807,-0.9025496615579746,0.1822028421715,-0.6912794574885581,0.1726513427340377,1.9863685723774906,5.513098756696353,-0.9025496615579746,0.1822028421715,12.238459126440862,0.0,2.1141415429027033,104,True
lung,raw,ENSG00000274381.1,ENSG00000274381,2.6666669457171492,551.1943434235417,-0.9872792120899951,0.0064139704814018175,704.666666765531,257.85858960284514,0.0,2.8048009947293435,0.019947088294870963,-1.0,0.1822028421715,-0.9468428204947186,0.13674509775233026,3.28612445974817,13.597035349226655,-1.0,0.1822028421715,540.9383105384868,0.0,10.790144242389575,604,True
minor_salivary_gland,excluded_at_or_below_-1,ENSG00000274381.1,ENSG00000274381,0.5722507058913422,6.855838059778268,-0.7716005205162605,0.353886873001037,214.08981907649076,5.258987509618253,0.0,0.5203506790807572,0.8733819179820004,-0.901810892968674,0.5443864664896851,-0.5503831807418947,0.30523579272810814,1.4895015472233961,2.0294353996642434,-0.901810892968674,0.5443864664896851,6.855829807604349,0.0,5.987757786723654,106,True
minor_salivary_gland,raw,ENSG00000274381.1,ENSG00000274381,2.717948706868342,73.01734932704838,-0.980005809726885,0.006852183699539587,505.8974358974559,314.6174016827834,0.0,4.12657574472321,0.00020229034827942764,-1.0,0.5443864664896851,-0.7366884925891759,0.3219897302085186,1.5370746899558723,2.386973212051463,-1.0,0.5443864664896851,72.39881351361929,0.0,0.014645581200687374,181,True
muscle_skeletal,excluded_at_or_below_-1,ENSG00000274381.1,ENSG00000274381,,,,,,,,,,-0.8724631232551174,-0.7735962851769325,,,,,,,,,,4,False
muscle_skeletal,raw,ENSG00000274381.1,ENSG00000274381,0.10256410256099069,908.9948740446038,-0.9975380604785714,0.0011073444437656819,5.589743591108843,286.00088942199204,0.0,3.144196262101479,0.007332631771107458,-1.0,-0.7735962851769325,-0.9991197672469173,0.012945404293604247,15.377453404478294,243.59804802993307,-1.0,-0.7735962851769325,884.281255340689,0.0,6.484108827505896,818,True
nerve_tibial,excluded_at_or_below_-1,ENSG00000274381.1,ENSG00000274381,,,,,,,,,,-0.828976403924811,-0.7710163515661923,,,,,,,,,,6,False
nerve_tibial,raw,ENSG00000274381.1,ENSG00000274381,0.1538461538463469,718.3567507634953,-0.9974270651832465,0.0010300461654808401,7.076923111456619,310.8531564838535,0.0,3.532540030627076,0.0019705940349229755,-1.0,-0.7710163515661923,-0.9981617801921626,0.01945965746081887,10.594884077707524,111.36828248620866,-1.0,-0.7710163515661923,711.2094845798422,0.0,1.40150516789371,670,True
ovary,excluded_at_or_below_-1,ENSG00000274381.1,ENSG00000274381,,,,,,,,,,-0.840419895059789,-0.5331912331856885,,,,,,,,,,6,False
ovary,raw,ENSG00000274381.1,ENSG00000274381,0.15384615384656722,240.1581918975258,-0.9953227335705567,0.00231101163730998,7.076923077676904,282.7993701515254,0.0,2.8622329340801893,0.01663596559888296,-1.0,-0.5331912331856885,-0.9922479075990088,0.04713405182944294,7.010869208546424,54.467082340230625,-1.0,-0.5331912331856885,240.15810556280195,0.0,3.995261982435675,193,True
pancreas,excluded_at_or_below_-1,ENSG00000274381.1,ENSG00000274381,,,,,,,,,,-0.9167662043552348,-0.8352973774289084,,,,,,,,,,6,False
pancreas,raw,ENSG00000274381.1,ENSG00000274381,0.15384615384615402,440.92091294518605,-0.9982467276763849,0.0006598511407642099,9.076923227950148,349.2381339721163,0.0,3.7576679729892133,0.0008801370393614205,-1.0,-0.8352973774289084,-0.9978169919703804,0.017246825843819417,8.077744547459464,65.37448065720375,-1.0,-0.8352973774289084,430.2059992927407,0.0,0.378640234533014,362,True
pituitary,excluded_at_or_below_-1,ENSG00000274381.1,ENSG00000274381,0.18878162831044348,1.8484677858363927,-0.8236180529523685,0.005553629029069841,5.726726201362359,35.60544460352152,0.0,18.137008570587042,0.0,-0.8948422442471247,-0.6837951605659864,-0.8044890454509951,0.05329770409568276,0.7113808927127842,0.8902021796649855,-0.8948422442471247,-0.6837951605659864,1.8482990979933855,0.0,0.0,11,True
pituitary,raw,ENSG00000274381.1,ENSG00000274381,0.2820512820513257,350.2594466141361,-0.9965859334585433,0.001394192919882417,9.897435905879078,317.2824556067346,0.0,3.463092615747681,0.00256657082536206,-1.0,-0.6837951605659864,-0.9931290079870957,0.0373007279426221,5.619397528591777,31.97242100335493,-1.0,-0.6837951605659864,339.4591119106181,0.0,0.8712458530330818,313,True
prostate,excluded_at_or_below_-1,ENSG00000274381.1,ENSG00000274381,,,,,,,,,,-0.8127846106883891,-0.3850546330631295,,,,,,,,,,5,False
prostate,raw,ENSG00000274381.1,ENSG00000274381,0.1282051282051282,319.60941018243267,-0.9926388065520139,0.0008594522451992099,6.3589743589743595,999.7690776083365,0.0,12.112714426594989,0.0,-1.0,-0.3850546330631295,-0.994414463426946,0.04671176381829846,10.055427947840869,113.08855489374042,-1.0,-0.3850546330631295,306.6505059139545,0.0,0.0,282,True
skin_not_sun_exposed_suprapubic,excluded_at_or_below_-1,ENSG00000274381.1,ENSG00000274381,0.14392856482113306,2.5749211505067042,-0.8102789900591021,0.04585948681812832,4.886648597260967,22.448707576128573,0.0,1.7041729372631178,0.234090847452072,-0.8655411501964201,-0.0823223104159122,-0.7184803013009764,0.19272972931962395,2.4337568963530596,5.55928620816049,-0.8655411501964201,-0.0823223104159122,2.574775161622422,0.0,0.6027312995827383,16,True
skin_not_sun_exposed_suprapubic,raw,ENSG00000274381.1,ENSG00000274381,0.41025641025670545,683.7067815532587,-0.9897022136159069,0.004296761362312319,23.435897436409853,298.6502756670769,0.0,3.389359552183357,0.0032340036876083353,-1.0,-0.0823223104159122,-0.993080929064233,0.05253656608352859,11.075844247297837,156.19354300675064,-1.0,-0.0823223104159122,677.0089103518184,0.0,2.1894493126214924,651,True
skin_sun_exposed_lower_leg,excluded_at_or_below_-1,ENSG00000274381.1,ENSG00000274381,0.16116719199488114,1.873468936009282,-0.8029463687105619,0.016134939943130477,5.075438497436681,41.63171928384802,0.0,11.233955999572448,0.0,-0.9311159819850324,-0.3279648607924944,-0.7519785281757877,0.16198336432069743,1.8998336727146987,3.0086767684504725,-0.9311159819850324,-0.3279648607924944,1.8728659374360563,0.0,0.0,10,True
skin_sun_exposed_lower_leg,raw,ENSG00000274381.1,ENSG00000274381,0.15522583208930463,721.0407068082,-0.9916433960043554,0.007692515736627266,568.3450446837203,122.01251420046356,0.0,1.5363014013414922,0.3085616573110213,-1.0,-0.3279648607924944,-0.9967105905593606,0.0334619475464008,13.79269047552635,232.18395877807583,-1.0,-0.3279648607924944,717.9631112291444,0.0,221.53588748904187,754,True
small_intestine_terminal_ileum,excluded_at_or_below_-1,ENSG00000274381.1,ENSG00000274381,1.3872884550764992,12.017733416015448,-0.8181688683802222,0.04702943153748458,108.98598589622526,34.41550770449111,0.0,2.435375772332351,0.051549967695729525,-0.8991568755668882,0.3263129881649613,-0.6200841110097546,0.25209265588355,1.3035283570446905,1.3864811168127922,-0.8991568755668882,0.3263129881649613,12.013841730113448,0.0,0.6193131530889555,88,True
small_intestine_terminal_ileum,raw,ENSG00000274381.1,ENSG00000274381,2.2564102564102555,141.1569936000055,-0.9855850359026953,0.004965840002085533,415.43589743589746,373.6133216752376,0.0,4.105214368358278,0.0002297093681378631,-1.0,0.3263129881649613,-0.8384898636176735,0.249570342443111,1.8296125343830314,3.243569349114564,-1.0,0.3263129881649613,134.58229363745434,0.0,0.03091481363400428,207,True
spleen,excluded_at_or_below_-1,ENSG00000274381.1,ENSG00000274381,0.32594729613450835,26.80599127998515,-0.6967984564567673,0.36439635329710157,780.6099980091825,13.487398816211313,0.0,0.833757702796155,0.7064016177841552,-0.911630412899379,2.7784609208072477,-0.5297580240497286,0.40975750108318504,4.910294012372953,33.08907954997636,-0.911630412899379,2.7784609208072477,26.805867598167325,0.0,18.935708237453266,163,True
spleen,raw,ENSG00000274381.1,ENSG00000274381,2.1931668171280325,4517375554343.769,-7.053885031493294,1.2322721945531638,2905.1105456890646,11.284062934431269,0.0,-6.9477233637409,1.0,-1.0,2.7784609208072477,-0.723287212707963,0.39025214956953763,4.221102798545626,30.401041075914243,-1.0,2.7784609208072477,148.93684276670675,0.0,148.93684276670675,277,True
stomach,excluded_at_or_below_-1,ENSG00000274381.1,ENSG00000274381,0.2213647383048665,20.315902414377767,-0.8633515696097886,0.29835892591295404,64.02503869946572,13.257366028632777,0.0,0.1888666329673078,0.9823651426091541,-0.903197069081852,1.9335764149446693,-0.6432173690545675,0.3587266976568298,4.811386009498552,28.806863624706303,-0.903197069081852,1.9335764149446693,20.31502684967321,0.0,19.956774248288017,96,True
stomach,raw,ENSG00000274381.1,ENSG00000274381,2.236839478022735,349.73547438263495,-0.9519410267419601,0.032264774104269166,1156.8680693801543,126.47656813928845,0.0,2.1064970594743198,0.10884181901803382,-1.0,1.9335764149446693,-0.9158448831185222,0.23045714512317844,6.598257269547729,65.63108373852694,-1.0,1.9335764149446693,349.45395334294767,0.0,38.03520394488955,407,True
testis,excluded_at_or_below_-1,ENSG00000274381.1,ENSG00000274381,0.6736245674217797,5.422519809799611,-0.7906400676631015,0.1137739814964611,144.0449645454134,5.600076074011108,0.0,1.7401706457050625,0.22000665475806475,-0.9306374118498631,-0.3401119659850435,-0.7408731590148694,0.11568087839996945,1.0365642704720026,0.8046486873791721,-0.9306374118498631,-0.3401119659850435,5.4225189529787095,0.0,1.1929902552070497,98,True
testis,raw,ENSG00000274381.1,ENSG00000274381,2.5128205038688805,362.25726239922875,-0.9929052788886358,0.0030344640798437524,305.74358974359336,304.2346629399745,0.0,3.3064984633012386,0.004335411475883853,-1.0,-0.3401119659850435,-0.9386607960953072,0.1237114187951566,2.0619771172293646,3.7050944699066157,-1.0,-0.3401119659850435,353.12684932466607,0.0,1.5309501950048645,414,True
thyroid,excluded_at_or_below_-1,ENSG00000274381.1,ENSG00000274381,0.25402579351335364,2273347189727.825,-6.208274524839699,1.0732306827928553,12.51977442769087,12.73821349454782,0.0,-7.048018914093007,1.0,-0.8596126587944375,3.458611672584599,-0.5034321885500854,0.7236345797044418,4.21764329913495,19.09933276143501,-0.8596126587944375,3.458611672584599,37.15094051673263,0.0,37.15094051673263,45,True
thyroid,raw,ENSG00000274381.1,ENSG00000274381,,,,,,,,,,,,,,,,,,,,,684,False
uterus,excluded_at_or_below_-1,ENSG00000274381.1,ENSG00000274381,,,,,,,,,,-0.8455243717151025,-0.5555937230612394,,,,,,,,,,4,False
uterus,raw,ENSG00000274381.1,ENSG00000274381,0.10256407151171622,176.45092197069314,-0.9954355989522854,0.0024042640600928965,3.5897435919254503,258.7196458614894,0.0,2.6848289973351798,0.027270559951851393,-1.0,-0.5555937230612394,-0.992584378269839,0.048999690944475364,7.212093237945633,54.018865171496465,-1.0,-0.5555937230612394,176.0621312954959,0.0,4.801312906744551,153,True
vagina,excluded_at_or_below_-1,ENSG00000274381.1,ENSG00000274381,,,,,,,,,,-0.8493740389589932,-0.4755792060933372,,,,,,,,,,8,False
vagina,raw,ENSG00000274381.1,ENSG00000274381,0.20512820512820512,173.0841683746577,-0.9937347283677006,0.001116590063201522,8.35897435898125,656.2682144222761,0.0,7.935259686034185,2.15336263254885e-14,-1.0,-0.4755792060933372,-0.9866412511050733,0.06718149028369598,5.688750883483134,33.82701740473797,-1.0,-0.4755792060933372,170.50499315186525,0.0,3.6715908091622396e-12,170,True
whole_blood,excluded_at_or_below_-1,ENSG00000274381.1,ENSG00000274381,1.1296550584449996,10.97201189089769,-0.7588402014593155,0.13824602499844998,244.22277590628235,8.912854697063405,0.0,1.243730568457789,0.4614344998939246,-0.8804207122343852,0.1124332511797365,-0.6483156806789139,0.1948386120668329,1.6557294821167399,2.91535638485733,-0.8804207122343852,0.1124332511797365,10.971817692150937,0.0,5.062775209704982,142,True
whole_blood,raw,ENSG00000274381.1,ENSG00000274381,3.7005343726643245,646.7184479660651,-0.9860974050475211,0.009893416262933072,980.8967958990532,157.02937301241437,0.0,1.9873052756951823,0.13996416095926867,-1.0,0.1124332511797365,-0.9378092486381144,0.15716361942129445,3.103231932602888,11.087971573992881,-1.0,0.1124332511797365,641.3586310268329,0.0,89.76722266565602,803,True
adipose_subcutaneous,excluded_at_or_below_-1,ENSG00000274383.1,ENSG00000274383,0.2944389138529259,66.75582696383749,-0.4930489663502948,0.9421913748065738,205.45354345594677,7.3186646811009055,0.0,0.5453959376366273,0.8618187299597646,-0.8564080529605862,4.382864347664153,-0.12653913360452498,0.5989183679357438,2.635372496779572,13.735390060645397,-0.8564080529605862,4.382864347664153,66.75462243953213,0.0,57.53038392978118,614,True
adipose_subcutaneous,raw,ENSG00000274383.1,ENSG00000274383,-0.3551833626502649,79.03787858105248,-0.9287275557087772,1.3186202249762184,1349.43581880681,5.696655614148946,0.0,0.07643933820440683,0.9970829965638367,-1.0,4.382864347664153,-0.2488725882817624,0.6327804453414261,2.139402665032595,10.483758454991955,-1.0,4.382864347664153,79.03785407382894,0.0,78.8073003819086,714,True
adipose_visceral_omentum,excluded_at_or_below_-1,ENSG00000274383.1,ENSG00000274383,0.5874760922508219,60.61216873856683,-0.34438365885974015,0.7432618534172221,441.75077198875664,9.155664150663966,0.0,0.9858795866964538,0.615099214853735,-0.8625279535761656,4.46751751854731,-0.11409595534574642,0.622198684786578,3.1533028146839905,16.956591042650956,-0.8625279535761656,4.46751751854731,60.611709269113696,0.0,37.28221478237469,526,True
adipose_visceral_omentum,raw,ENSG00000274383.1,ENSG00000274383,0.24920095880967347,61.67117069031686,-0.4608999348023856,0.8995935174654729,899.6301512318662,7.747760147494524,0.0,0.8474967959158816,0.6982870478081091,-1.0,4.46751751854731,-0.2061575340917591,0.648104673176175,2.662692511989166,13.940962831756632,-1.0,4.46751751854731,61.67114651121636,0.0,43.06416283225864,587,True
adrenal_gland,excluded_at_or_below_-1,ENSG00000274383.1,ENSG00000274383,0.14473863655211464,29.634811453500298,0.23342313584909632,0.6614995728391057,95.34710316674462,7.934000819651554,0.0,2.2523097788601616,0.07914917309525339,-0.8200966409781281,3.944558633869451,0.2679501345144764,0.5113119540114178,1.351625494390735,8.114572738423574,-0.8200966409781281,3.944558633869451,29.63396005898707,0.0,2.3455034342065932,294,True
adrenal_gland,raw,ENSG00000274383.1,ENSG00000274383,0.1320852560430833,30.692825548721068,0.23432714514777306,0.6609787771807152,139.0516950001499,7.93831794913945,0.0,2.6409353058486893,0.0305853159935853,-1.0,3.944558633869451,0.26365199846527476,0.5157523486010377,1.2869456204529026,7.867306146293975,-1.0,3.944558633869451,30.691770035964264,0.0,0.9387174849524199,295,True
artery_aorta,excluded_at_or_below_-1,ENSG00000274383.1,ENSG00000274383,-0.030113880996785,40.00367767350946,-1.0166828389774778,1.2696408533907824,317.7013072989196,4.697227920625699,0.0,-0.21882514797263367,1.0,-0.8202278232660372,3.200355255118289,-0.17041161544362693,0.5332031473549729,1.6788463256328476,5.6455158694329555,-0.8202278232660372,3.200355255118289,39.05662830551838,0.0,39.05662830551838,369,True
artery_aorta,raw,ENSG00000274383.1,ENSG00000274383,9.46153848355627,125.86592303967205,-0.9518813919904603,0.008049844027709533,7299.692307692381,729.4736842490867,0.0,8.453578456347863,3.006857682180298e-16,-1.0,3.200355255118289,-0.3514446739379202,0.5829166686803842,1.33532379886932,3.696434570317126,-1.0,3.200355255118289,124.06138756908612,0.0,3.730349362740526e-14,472,True
artery_coronary,excluded_at_or_below_-1,ENSG00000274383.1,ENSG00000274383,0.36208116210170244,14.369675660321981,-0.422933229623829,0.959786542054341,200.09700719620525,4.844044940755455,0.0,0.5888619765579141,0.8408176238008216,-0.8225771131681303,2.8645823669893984,-0.04059918312312888,0.5948685461778682,1.3514753666493273,2.7281188337823057,-0.8225771131681303,2.8645823669893984,14.369556902298577,0.0,12.082176689661384,206,True
artery_coronary,raw,ENSG00000274383.1,ENSG00000274383,0.30042315189780644,16609286111909.18,-42.597299245272715,8.012754648033368,2089.1861038221814,8.023808586581518,0.0,-7.341727949350761,1.0,-1.0,2.8645823669893984,-0.2625501183707632,0.660293549378404,1.0931855968902378,1.7121328186123952,-1.0,2.8645823669893984,32.628478808407344,0.0,32.628478808406996,268,True
artery_tibial,excluded_at_or_below_-1,ENSG00000274383.1,ENSG00000274383,-0.18528426367040576,47.537279206636875,-1.0351361924629996,1.4223043238956987,1088.7467930703308,4.271978636649859,0.0,-0.18520417811015158,1.0,-0.8488724552608219,3.261282572112653,-0.12227389777956471,0.5686728592961489,1.3299246449576878,3.144328368614528,-0.8488724552608219,3.261282572112653,46.72377449684913,0.0,46.72377449684914,490,True
artery_tibial,raw,ENSG00000274383.1,ENSG00000274383,12.654737078407416,4782.674912297224,-1.0169676018616818,0.039051997260775545,11777.910158260234,154.93085741191106,0.0,-0.6144580138501433,1.0,-1.0,3.261282572112653,-0.37758930522718775,0.6231577627892209,1.2004156366070096,2.098128624288445,-1.0,3.261282572112653,3959.907512932607,0.0,3959.907512932606,691,True
bladder,excluded_at_or_below_-1,ENSG00000274383.1,ENSG00000274383,0.06626774294859504,7.214400466872828,0.318484460003579,0.8966393327956398,45.43747529913154,7.5857999258981765,0.0,1.7863319171172156,0.20280966775778297,-0.8140852599670317,5.128031451523758,0.48764761148799907,0.9166385960594157,2.7075799945695946,10.86749960432875,-0.8140852599670317,5.128031451523758,7.2143750574707495,0.0,1.4631450084856792,77,True
bladder,raw,ENSG00000274383.1,ENSG00000274383,0.06626774294859504,7.214400466872828,0.318484460003579,0.8966393327956398,45.43747529913154,7.5857999258981765,0.0,1.7863319171172156,0.20280966775778297,-0.8140852599670317,5.128031451523758,0.48764761148799907,0.9166385960594157,2.7075799945695946,10.86749960432875,-0.8140852599670317,5.128031451523758,7.2143750574707495,0.0,1.4631450084856792,77,True
brain_amygdala,excluded_at_or_below_-1,ENSG00000274383.1,ENSG00000274383,0.13662288367497138,29.891854886531025,-1.3402020867634403,1.0240041766516994,67.34962521493706,5.607141581004298,0.0,-0.6334437609517477,1.0,-0.8815379400272878,2.7198186560662347,-0.3717926879412843,0.5624619897995452,2.978116963739216,11.333445551624887,-0.8815379400272878,2.7198186560662347,24.45807311918079,0.0,24.45807311918079,164,True
brain_amygdala,raw,ENSG00000274383.1,ENSG00000274383,0.2541502519187344,19.065959056542972,-0.7563866307048972,0.6763941413694222,78.45161951773198,7.268094682475663,0.0,0.509349962929934,0.878346359981786,-1.0,2.7198186560662347,-0.4307955846539814,0.5659116600337609,2.8323136618768108,10.921823389498487,-1.0,2.7198186560662347,19.065874848369596,0.0,16.746441772933718,181,True
brain_anterior_cingulate_cortex_ba24,excluded_at_or_below_-1,ENSG00000274383.1,ENSG00000274383,-0.12500620282739205,35.67735734286022,-0.9979370225525712,0.9290838197719681,203.87586778436958,6.992774820862753,0.0,-0.1741597299310744,1.0,-0.8835207904926153,3.596046597906028,-0.4021508893830523,0.4574031959783528,3.988635050473671,28.754039334205935,-0.8835207904926153,3.596046597906028,35.14036373313367,0.0,35.14036373313367,221,True
brain_anterior_cingulate_cortex_ba24,raw,ENSG00000274383.1,ENSG00000274383,0.06545177317331409,29.39854489955001,-0.5987736066014234,0.618635448885185,404.50611806899417,9.589446637145638,0.0,0.9172119188268819,0.6566357869103762,-1.0,3.596046597906028,-0.43294140151783067,0.4646841537507214,3.695998495648642,26.35920627571018,-1.0,3.596046597906028,29.398160369522575,0.0,19.30388416795889,233,True
brain_caudate_basal_ganglia,excluded_at_or_below_-1,ENSG00000274383.1,ENSG00000274383,0.5634516666623728,38.68070056394181,-0.41978595775390204,0.4778173036814615,451.4003524216969,12.336518364175102,0.0,1.384539723447207,0.3834969236033564,-0.8875774251100114,3.748327047537642,-0.26207537637071737,0.5753080018388571,3.3367281803429396,15.704609048524823,-0.8875774251100114,3.748327047537642,38.678710771584775,0.0,14.833166589846766,282,True
brain_caudate_basal_ganglia,raw,ENSG00000274383.1,ENSG00000274383,0.5470048932024081,39.09232122132576,-0.4307235719558244,0.5037813946748476,318.98868144036385,11.731417885620495,0.0,1.598071016098165,0.27889862213312955,-1.0,3.748327047537642,-0.3063508537884744,0.584695205691444,3.0936789415691854,14.530390383804598,-1.0,3.748327047537642,39.09198653291445,0.0,10.902701180476695,300,True
brain_cerebellar_hemisphere,excluded_at_or_below_-1,ENSG00000274383.1,ENSG00000274383,0.052552298812838016,16.147968174469685,0.24577764822315923,0.8268095212318998,269.39806279954695,3.936803010564835,0.0,1.88369786077904,0.169268128921494,-0.855512402908019,2.5474004716441443,0.2773168250575876,0.5595788158501843,0.3497537143277994,0.35182490463537075,-0.855512402908019,2.5474004716441443,16.140991094085376,0.0,2.73215536143433,272,True
brain_cerebellar_hemisphere,raw,ENSG00000274383.1,ENSG00000274383,0.021759130298978024,16.620776439367326,0.24464183302964868,0.8472270428245996,322.7374774703766,3.843825011467007,0.0,2.077588735481202,0.11498671966038045,-1.0,2.5474004716441443,0.2542605646774867,0.5800682458366546,0.23402982821843776,0.3052103972456557,-1.0,2.5474004716441443,16.61046691707333,0.0,1.909983102821535,277,True
brain_cerebellum,excluded_at_or_below_-1,ENSG00000274383.1,ENSG00000274383,1.8138510079839865,14.227644396378556,0.31904473010713663,0.5035454364369134,201.26571905024446,4.278219758685283,0.0,3.2072802833173224,0.005732865166379713,-0.8229407471983476,1.8423493376129931,0.33460477845682635,0.5000025663721137,0.23670958494818484,0.2500790079797546,-0.8229407471983476,1.8423493376129931,14.226000196054152,0.0,0.08155574098086982,263,True
brain_cerebellum,raw,ENSG00000274383.1,ENSG00000274383,1.943037725683652,15.593273985206256,0.31870314827650653,0.48409701655130744,223.2139022401501,4.451093544364717,0.0,3.8523845701888937,0.0005490486569136874,-1.0,1.8423493376129931,0.3195528448652079,0.5168260062231432,0.10416085122150438,0.32710730634456464,-1.0,1.8423493376129931,15.59248285675248,0.0,0.008561031770449645,266,True
brain_cortex,excluded_at_or_below_-1,ENSG00000274383.1,ENSG00000274383,0.2641166284980672,13.35349201560696,-0.6830391234807337,0.5181085956934349,541.2295046905439,3.769668594471987,0.0,0.6011132318080861,0.8345794047791962,-0.903261825815889,0.698009505719347,-0.4972001357233977,0.28657373134353603,0.9571121425328005,1.0416077428446604,-0.903261825815889,0.698009505719347,13.342479690450327,0.0,11.135358758334549,233,True
brain_cortex,raw,ENSG00000274383.1,ENSG00000274383,-1.027589848243059,16.935944159991937,-1.0032053366144873,0.8895886723968591,1238.6193779798325,2.7044871154402634,0.0,-0.005095647744665461,1.0,-1.0,0.698009505719347,-0.5661023393464876,0.3175471814717162,0.7219267704602619,0.5204637570619965,-1.0,0.698009505719347,16.498665267970846,0.0,16.498665267970846,270,True
brain_frontal_cortex_ba9,excluded_at_or_below_-1,ENSG00000274383.1,ENSG00000274383,0.18886133471752964,32.48439701812614,-0.8002306149165692,0.7732053438412085,103.85094555595875,7.300274952252115,0.0,0.1198778642791401,0.992848335800673,-0.865772487611783,3.1911125278543304,-0.35936003899760005,0.46691742738827213,2.95067181871007,15.639407367690051,-0.865772487611783,3.1911125278543304,32.48413742854355,0.0,32.25182178584981,248,True
brain_frontal_cortex_ba9,raw,ENSG00000274383.1,ENSG00000274383,0.2952005449776756,29.62753417802891,-0.6339493956083525,0.6521957409447009,150.5260699813099,8.294219218976021,0.0,0.7937398188091348,0.729788931693598,-1.0,3.1911125278543304,-0.40937282405726694,0.48018537363401004,2.627566198587723,13.633043237966781,-1.0,3.1911125278543304,29.62719261398994,0.0,21.62159724684418,269,True
brain_hippocampus,excluded_at_or_below_-1,ENSG00000274383.1,ENSG00000274383,0.3831931968461913,25.81486422070327,-0.5536264548105865,0.7211247681660446,135.66650987068564,7.830884060535001,0.0,0.6647028362411965,0.8017863258604246,-0.8925665494589563,3.4394369713473107,-0.24178463897743452,0.585114755134872,2.5157722237955316,9.292245066051509,-0.8925665494589563,3.4394369713473107,25.81481783060375,0.0,20.69796794115596,243,True
brain_hippocampus,raw,ENSG00000274383.1,ENSG00000274383,0.46707534048088695,26.418469750760316,-0.49518782623438123,0.6470523550984573,209.7901842230361,8.599612856277803,0.0,1.1033299190785741,0.5440757552886931,-1.0,3.4394369713473107,-0.2774653618490846,0.5933522386491384,2.380446369956709,8.750794076586596,-1.0,3.4394369713473107,26.41842564804306,0.0,14.37362488799721,255,True
brain_hypothalamus,excluded_at_or_below_-1,ENSG00000274383.1,ENSG00000274383,0.6112311403011793,26.753915031781144,-0.3790272312976055,0.5217882518270761,92.15280589253675,9.829943409727816,0.0,1.3334307036108088,0.4110734575450771,-0.8710098386501404,3.2478287993531616,-0.1713550303623252,0.6347457924719689,2.9400251534453608,11.088776818788551,-0.8710098386501404,3.2478287993531616,26.752968788487653,0.0,10.997435379479153,243,True
brain_hypothalamus,raw,ENSG00000274383.1,ENSG00000274383,0.6512552281760663,27.346832355105178,-0.38884859230406066,0.533825335663712,129.52028547598712,9.634309474770149,0.0,1.619066296942262,0.2696360770054005,-1.0,3.2478287993531616,-0.21649522326087556,0.6452706541631434,2.73973457159288,10.355534041834263,-1.0,3.2478287993531616,27.346675252486097,0.0,7.37365023422102,257,True
brain_nucleus_accumbens_basal_ganglia,excluded_at_or_below_-1,ENSG00000274383.1,ENSG00000274383,0.6695711043469335,28.0733124469338,-0.3694737858159064,0.5201552846634551,114.69225753226549,8.699573231906802,0.0,1.3378210705973363,0.40865709407340484,-0.8615315049044052,2.8302756093884125,-0.18478733231770417,0.5610024256040513,2.4389040553305605,7.964763459787594,-0.8615315049044052,2.8302756093884125,28.073207647356128,0.0,11.472315458487842,282,True
brain_nucleus_accumbens_basal_ganglia,raw,ENSG00000274383.1,ENSG00000274383,0.6888277250566472,29.467802014636593,-0.34972321240144993,0.48599999407834416,153.28691797539156,9.253492833131043,0.0,1.8922433405833168,0.1669140594238727,-1.0,2.8302756093884125,-0.19336851829330728,0.5642210583323919,2.3858268295644636,7.793300876071118,-1.0,2.8302756093884125,29.46732414688902,0.0,4.918510693716353,285,True
brain_putamen_basal_ganglia,excluded_at_or_below_-1,ENSG00000274383.1,ENSG00000274383,0.4295662993175359,27.765641420425663,-0.656426139926162,0.6601113462005512,93.4568664612825,8.364113517842766,0.0,0.5062569069759394,0.879726504931396,-0.8927312760658833,3.2476845127623832,-0.3137109850857069,0.5875825497118486,3.1004028400802683,13.308197371801008,-0.8927312760658833,3.2476845127623832,27.765535404060174,0.0,24.426077418562794,235,True
brain_putamen_basal_ganglia,raw,ENSG00000274383.1,ENSG00000274383,0.4926750715735576,28.15169846456161,-0.6134960877804699,0.6120350725794921,157.4917478214371,8.921929831644366,0.0,0.8930845617513635,0.6711470655984467,-1.0,3.2476845127623832,-0.3650475649415004,0.5933382410573349,2.9287658701482844,12.607431142035765,-1.0,3.2476845127623832,28.150768771141983,0.0,18.893305855092333,254,True
brain_spinal_cord_cervical_c-1,excluded_at_or_below_-1,ENSG00000274383.1,ENSG00000274383,0.2709803230847389,22.005975572967944,-0.5220283211423213,0.9843730121094686,176.4777256524043,7.7483371990049275,0.0,0.48769749733329304,0.8878934267169136,-0.8614934961492984,4.871254723481822,-0.049468926218262106,0.7751862179922786,3.0417370747626498,13.53296651334875,-0.8614934961492984,4.871254723481822,22.005516394428444,0.0,19.538553358124293,195,True
brain_spinal_cord_cervical_c-1,raw,ENSG00000274383.1,ENSG00000274383,0.41246021413842054,22.09322915213544,-0.3791115013928617,0.8181042190656597,187.31802088426292,9.076030840084785,0.0,1.073297160665555,0.5621613600416476,-1.0,4.871254723481822,-0.09140412064980935,0.7826634141493749,2.905718222387119,12.905232147197085,-1.0,4.871254723481822,22.09285258156927,0.0,12.419748054454606,204,True
brain_substantia_nigra,excluded_at_or_below_-1,ENSG00000274383.1,ENSG00000274383,0.5910520523827152,24.144050699683035,-0.686982138584088,0.6007920054002929,99.1080790687943,11.115227506964912,0.0,0.4536754939157671,0.9022478881007792,-0.8797144224785021,4.035034395597746,-0.25334661711483764,0.7177850570577012,3.2093068002516216,12.89046503006716,-0.8797144224785021,4.035034395597746,24.142970260086486,0.0,21.78294392964295,165,True
brain_substantia_nigra,raw,ENSG00000274383.1,ENSG00000274383,0.6815979924805962,24.38056164302751,-0.6646827704292187,0.5675856490127762,93.1032373364753,11.709957373082512,0.0,0.8354865465347543,0.7053816308624402,-1.0,4.035034395597746,-0.32678793346419793,0.7169192823892606,3.098739257417296,12.706350308782335,-1.0,4.035034395597746,24.380498681243306,0.0,17.197555921014978,183,True
breast_mammary_tissue,excluded_at_or_below_-1,ENSG00000274383.1,ENSG00000274383,0.9954583444504777,40.02826691041636,-0.5236418040374912,0.8888248776044204,723.3977903885585,6.585740919401993,0.0,0.5823235810227211,0.8440511406826335,-0.8896287379770625,3.6154574963534793,-0.12400539715788303,0.5943531604959428,1.573597483384139,4.234330834962688,-0.8896287379770625,3.6154574963534793,40.02793932186297,0.0,33.785627843793684,443,True
breast_mammary_tissue,raw,ENSG00000274383.1,ENSG00000274383,-0.06468401734469477,59.1955421607183,-1.4156765458589857,1.5950654824058614,1583.679896935856,4.460693354032105,0.0,-0.36854625418105585,1.0,-1.0,3.6154574963534793,-0.24500854268665792,0.6292050271543976,1.3533669740130172,3.3004508630016787,-1.0,3.6154574963534793,55.30602907806251,0.0,55.306029078062515,514,True
cells_cultured_fibroblasts,excluded_at_or_below_-1,ENSG00000274383.1,ENSG00000274383,1.426035343301582,47.03010377935945,-0.34292846271552346,0.7594252776061365,400.36046959376205,6.011204602385664,0.0,0.9004291730420071,0.6667192287406044,-0.8264542136315574,2.885056931692449,-0.05584959236835714,0.6201167322071568,1.8994463096996288,4.996590030511713,-0.8264542136315574,2.885056931692449,47.03009902537033,0.0,31.35587134978916,614,True
cells_cultured_fibroblasts,raw,ENSG00000274383.1,ENSG00000274383,1.6495750971528242,49.089306160904,-0.307511943399293,0.7149754578952193,1353.4587481303015,6.314865988905921,0.0,1.3697337308739193,0.391378237744024,-1.0,2.885056931692449,-0.11087676336529341,0.6411702642584982,1.689802581769979,4.398948137785188,-1.0,2.885056931692449,49.08908890600169,0.0,19.212401108490663,652,True
cells_ebv-transformed_lymphocytes,excluded_at_or_below_-1,ENSG00000274383.1,ENSG00000274383,1.4300273833377846,32.67664598796937,0.060205736634499116,0.6605871734640715,99.49125723891169,10.121162588871782,0.0,1.9108944054985157,0.16109593301705216,-0.8323838747947476,4.787858168091843,0.4511179974289182,1.1544452642617948,2.1400685953083025,4.064998759275202,-0.8323838747947476,4.787858168091843,32.676532264243455,0.0,5.264056452870108,322,True
cells_ebv-transformed_lymphocytes,raw,ENSG00000274383.1,ENSG00000274383,1.4616032761106432,33.64238009677923,0.06770032817773942,0.6586574329422558,126.99450450102245,10.134723909406546,0.0,2.2924758898022497,0.07224665383970408,-1.0,4.787858168091843,0.42892964884437823,1.1593557939055619,2.107922177699079,4.036371802461487,-1.0,4.787858168091843,33.64057738574831,0.0,2.4304191493559353,327,True
cervix_ectocervix,excluded_at_or_below_-1,ENSG00000274383.1,ENSG00000274383,0.31636670089533186,0.5841300605000591,0.035552567978094154,0.6246758154770853,14.021498193926714,3.697087873716155,0.0,1.724838465151591,0.22509693675060344,-0.7263301514725622,1.6686025145001029,0.3120796150290132,0.6839922622406459,0.6325886139290108,-0.4231730082359819,-0.7263301514725622,1.6686025145001029,0.5834966368329003,0.0,0.13134330555536522,23,True
cervix_ectocervix,raw,ENSG00000274383.1,ENSG00000274383,0.3329747106009677,0.6860107209158472,0.04737479953207167,0.5895705463596957,23.241059166410146,3.8888683234934245,0.0,2.5123569274818784,0.04209901563516645,-1.0,1.6686025145001029,0.257409631069471,0.7205801005584528,0.48186338538026335,-0.3907052393274002,-1.0,1.6686025145001029,0.6856536232104673,0.0,0.02886534260384599,24,True
cervix_endocervix,excluded_at_or_below_-1,ENSG00000274383.1,ENSG00000274383,0.05925707214142878,2.822044395627442,-0.5252520733827948,1.4620849340722952,7.380500325607633,5.304912175620027,0.0,-0.3560537541859025,1.0,-0.1571458385355363,4.959232289456662,0.7791760323236249,1.0844026108644684,2.6543708221900775,7.73895181655587,-0.1571458385355363,4.959232289456662,2.6487123656621985,0.0,2.648712365662198,23,True
cervix_endocervix,raw,ENSG00000274383.1,ENSG00000274383,0.05925707214142878,2.822044395627442,-0.5252520733827948,1.4620849340722952,7.380500325607633,5.304912175620027,0.0,-0.3560537541859025,1.0,-0.1571458385355363,4.959232289456662,0.7791760323236249,1.0844026108644684,2.6543708221900775,7.73895181655587,-0.1571458385355363,4.959232289456662,2.6487123656621985,0.0,2.648712365662198,23,True
colon_sigmoid,excluded_at_or_below_-1,ENSG00000274383.1,ENSG00000274383,-2.1790838423754533,22.471761763262904,-0.911607953989466,1.3610156158461124,633.5171762560358,2.3651900818415625,0.0,-0.0722906626572338,1.0,-0.8420366223503752,1.364611650657109,-0.22626394198082508,0.43425996241502507,0.6872750500874122,0.04412818120579853,-0.8420366223503752,1.364611650657109,21.042590509085084,0.0,21.042590509085084,367,True
colon_sigmoid,raw,ENSG00000274383.1,ENSG00000274383,-5.185538258452122,28.161491053206174,-1.2326932658662428,1.8256427981471088,2122.6374321458493,2.0119729019792976,0.0,-0.18025320878482834,1.0,-1.0,1.364611650657109,-0.32228846469442196,0.4799524995631428,0.5328097437296188,-0.1874174290803552,-1.0,1.364611650657109,23.986889208573636,0.0,23.986889208573636,419,True
colon_transverse,excluded_at_or_below_-1,ENSG00000274383.1,ENSG00000274383,0.3299439294317362,34.721014286766014,-0.36891731041098424,0.8003037009187103,803.5521219004152,5.508309147642902,0.0,0.8921672913495231,0.6716839428078324,-0.873794935758829,2.7482357942910385,-0.15002205605523247,0.5015008653708012,1.3515012193916836,3.6171945609268468,-0.873794935758829,2.7482357942910385,34.72051953219995,0.0,23.32121545572442,456,True
colon_transverse,raw,ENSG00000274383.1,ENSG00000274383,0.36147084494658055,35.91276793290332,-0.3389963579100987,0.7702495262020016,781.9385976581939,5.668300247278727,0.0,1.2136330937208442,0.4788135922842266,-1.0,2.7482357942910385,-0.1908351932383842,0.522010676895192,1.1679918673941143,3.032940957569445,-1.0,2.7482357942910385,35.91244666243546,0.0,17.195367594156405,479,True
esophagus_gastroesophageal_junction,excluded_at_or_below_-1,ENSG00000274383.1,ENSG00000274383,0.26585896634350964,34.25715115305698,-0.2703581185646437,0.743255404235376,278.3578810333929,7.191273022619836,0.0,1.1477868743811084,0.5175298597591069,-0.873590063153453,3.509094065747081,-0.10306267902858399,0.5328592207652962,1.8748197069147665,7.512858781451424,-0.873590063153453,3.509094065747081,34.256490029903304,0.0,17.7287564810151,371,True
esophagus_gastroesophageal_junction,raw,ENSG00000274383.1,ENSG00000274383,0.16168297708198043,34.67992721611363,-0.3324428274686534,0.83453276762439,570.286180424952,6.50993440342356,0.0,1.13125385087117,0.5273666142345166,-1.0,3.509094065747081,-0.17428350848537139,0.5659428825059926,1.5028829223911082,5.768016855367334,-1.0,3.509094065747081,34.67963836379518,0.0,18.288883466792115,403,True
esophagus_mucosa,excluded_at_or_below_-1,ENSG00000274383.1,ENSG00000274383,0.5527889975668244,81.69219476925802,-0.5280568490423748,0.7115467503251214,650.6594327269531,10.539321009602586,0.0,0.655900544206205,0.8064598056340165,-0.8580663420805125,4.774692194342607,-0.25736441091769124,0.4997158220233932,3.28906853164231,24.028780429127828,-0.8580663420805125,4.774692194342607,81.69206886022803,0.0,65.88136997486019,567,True
esophagus_mucosa,raw,ENSG00000274383.1,ENSG00000274383,0.8411219587733362,84.04117083192865,-0.48940398605160396,0.6475616576449025,1178.657304192958,11.496289386596457,0.0,1.1150935193501383,0.5370218583967173,-1.0,4.774692194342607,-0.3142111091047735,0.5192476190651321,2.8122632031622703,19.886830322663158,-1.0,4.774692194342607,84.04114580480493,0.0,45.131932301885826,614,True
esophagus_muscularis,excluded_at_or_below_-1,ENSG00000274383.1,ENSG00000274383,0.7992582999729304,45.00800700873791,-0.32176683033005454,0.6869510790137839,548.405737937178,7.030374975849302,0.0,1.1526531564595557,0.5146379889986274,-0.8816655264151372,3.093222110539024,-0.13638072209311572,0.5128245279127055,1.7974140810517176,6.745330525606903,-0.8816655264151372,3.093222110539024,45.00741785290051,0.0,23.162527013837643,515,True
esophagus_muscularis,raw,ENSG00000274383.1,ENSG00000274383,0.49257441181908507,45.497787224538506,-0.3823166844916719,0.7944761109312707,1115.2353839108737,6.18666065959466,0.0,1.0995121313585048,0.5463736858576715,-1.0,3.093222110539024,-0.20719442402487445,0.5455530031872015,1.4359989027207603,5.1442484267885895,-1.0,3.093222110539024,45.49727121718436,0.0,24.858511771399172,561,True
fallopian_tube,excluded_at_or_below_-1,ENSG00000274383.1,ENSG00000274383,0.1449591894681703,1.6671189053235347,0.6337379284273322,0.8492282019592385,19.624782082596532,4.978933267683096,0.0,2.096533153572552,0.1110536312341536,-0.6252197903550586,3.62356256247653,0.785651253805346,0.8711755328479862,1.150094583228684,2.245103015266121,-0.6252197903550586,3.62356256247653,1.6670840986449358,0.0,0.18513574272723607,29,True
fallopian_tube,raw,ENSG00000274383.1,ENSG00000274383,0.1449591894681703,1.6671189053235347,0.6337379284273322,0.8492282019592385,19.624782082596532,4.978933267683096,0.0,2.096533153572552,0.1110536312341536,-0.6252197903550586,3.62356256247653,0.785651253805346,0.8711755328479862,1.150094583228684,2.245103015266121,-0.6252197903550586,3.62356256247653,1.6670840986449358,0.0,0.18513574272723607,29,True
heart_atrial_appendage,excluded_at_or_below_-1,ENSG00000274383.1,ENSG00000274383,0.5536536060577679,26.93700443230074,-0.7178958201008205,0.5670178949985634,1078.593648658649,4.344480695662245,0.0,0.49403816153084423,0.8851073412393478,-0.9159765667810568,1.023989821826301,-0.4829855955555275,0.317391632210155,1.163957630831677,1.7094895435096786,-0.9159765667810568,1.023989821826301,26.934834794368637,0.0,23.8402200115647,407,True
heart_atrial_appendage,raw,ENSG00000274383.1,ENSG00000274383,-0.11213302099357615,30.40438492186675,-0.8721333488731637,0.7314218218687681,1964.0371042491154,3.6661786998394725,0.0,0.24723182545577038,0.9698646743037719,-1.0,1.023989821826301,-0.5435469357724505,0.34148975305318485,0.9550746839190166,1.2071648690634849,-1.0,1.023989821826301,30.367700586993326,0.0,29.452560039158744,461,True
heart_left_ventricle,excluded_at_or_below_-1,ENSG00000274383.1,ENSG00000274383,0.35078982079256826,70.237077254848,-0.8723314857946948,0.4205128454188943,149.7846262718608,11.628653165186755,0.0,0.1947645103159968,0.9812154984703401,-0.9302442230210052,2.585419281830912,-0.6201446558849539,0.35861155411073686,5.193650405084059,38.14102236086247,-0.9302442230210052,2.585419281830912,70.2368359248033,0.0,68.91747197293536,358,True
heart_left_ventricle,raw,ENSG00000274383.1,ENSG00000274383,0.19834027862981565,100.66267231204277,-1.0913980636218246,0.5485940319793016,225.18866151416955,9.478420568206419,0.0,-0.23561390320319808,1.0,-1.0,2.585419281830912,-0.6991411212540122,0.35442589742393954,4.680940614443463,35.264433458775436,-1.0,2.585419281830912,97.90700437607423,0.0,97.90700437607421,452,True
kidney_cortex,excluded_at_or_below_-1,ENSG00000274383.1,ENSG00000274383,0.031347166172596946,12.078303519940778,-0.6846977120690338,0.9483043979466399,21.159029221483753,7.385370529062499,0.0,0.2863808708618602,0.9598326252209064,-0.8767311125056534,4.267580741139435,-0.20237199909436812,0.6931183476486399,3.7194131028623967,19.485031304142158,-0.8767311125056534,4.267580741139435,12.078174969425058,0.0,11.593026388780695,98,True
kidney_cortex,raw,ENSG00000274383.1,ENSG00000274383,0.056721907099981074,11.575848160929418,-0.5290923477998224,0.8260688802888311,37.69342684733148,8.211809327905101,0.0,0.8061845740199202,0.7225680094004021,-1.0,4.267580741139435,-0.2483889991466161,0.6981049322577859,3.538895285260986,18.575930236021847,-1.0,4.267580741139435,11.57558132998223,0.0,8.36414475925772,104,True
kidney_medulla,excluded_at_or_below_-1,ENSG00000274383.1,ENSG00000274383,0.043637097729704345,1.1071620058738059,-1.6191553323337304,1.7751252032659823,8.02301403239003,3.1403432982314525,0.0,-0.880629813321001,1.0,-0.51378608827813,2.32261321232927,0.30249776783107885,0.7887895898888941,1.5171994329578056,1.9813347401744181,-0.51378608827813,2.32261321232927,0.7433029530162413,0.0,0.7433029530162414,11,True
kidney_medulla,raw,ENSG00000274383.1,ENSG00000274383,0.043637097729704345,1.1071620058738059,-1.6191553323337304,1.7751252032659823,8.02301403239003,3.1403432982314525,0.0,-0.880629813321001,1.0,-0.51378608827813,2.32261321232927,0.30249776783107885,0.7887895898888941,1.5171994329578056,1.9813347401744181,-0.51378608827813,2.32261321232927,0.7433029530162413,0.0,0.7433029530162414,11,True
liver,excluded_at_or_below_-1,ENSG00000274383.1,ENSG00000274383,0.09980000197960229,50.26075793467345,-1.347931154687684,1.0089534425087254,147.248633034335,6.909509436924579,0.0,-0.6298451196735876,1.0,-0.8985758248776492,3.5815742028577446,-0.42239006544851254,0.49980377037258905,3.8218538936989432,23.622388535197317,-0.8985758248776492,3.5815742028577446,41.217881320678494,0.0,41.217881320678494,216,True
liver,raw,ENSG00000274383.1,ENSG00000274383,0.04113544848549354,77.61687395963197,-1.7723737997784361,1.198504334985839,182.30930980346247,6.31756236214022,0.0,-0.9113871940072804,1.0,-1.0,3.5815742028577446,-0.5238024967056439,0.5042365106352504,3.411987666676332,20.961497597159273,-1.0,3.5815742028577446,51.237492503445544,0.0,51.23749250344555,262,True
lung,excluded_at_or_below_-1,ENSG00000274383.1,ENSG00000274383,0.38371080115043277,55.890824715061584,0.3881968016590484,1.0248089131210136,829.8588359170255,7.559663899776178,0.0,1.782653472760671,0.20414680910198865,-0.9036018463653016,5.866302195931836,0.5277989393922099,0.808061917381497,1.8188339784430159,8.049139632056386,-0.9036018463653016,5.866302195931836,55.89022051213781,0.0,11.409810177559448,593,True
lung,raw,ENSG00000274383.1,ENSG00000274383,0.432808930052155,56.017942824988396,0.3718191790098115,1.0475236976656093,742.626091660939,7.417848797192774,0.0,1.8520299754578935,0.17996465478480683,-1.0,5.866302195931836,0.49997478652248417,0.826351833466797,1.655419411602274,7.348148795420961,-1.0,5.866302195931836,56.01723110343089,0.0,10.081121657529685,604,True
minor_salivary_gland,excluded_at_or_below_-1,ENSG00000274383.1,ENSG00000274383,0.18967900241622204,17.649958882776776,-0.29750765991338607,0.679339923476951,176.30169721175693,8.273989746800249,0.0,1.2006390788851862,0.4863795476747088,-0.8742536915414706,3.677034595224085,-0.14677660052493793,0.5273704356881446,2.562002573150484,14.851447308321912,-0.8742536915414706,3.677034595224085,17.649939445015576,0.0,8.584569563752677,173,True
minor_salivary_gland,raw,ENSG00000274383.1,ENSG00000274383,0.159463998086207,18.24096820511238,-0.29143305141884723,0.6786094340755828,117.39141482400171,8.270236878398874,0.0,1.4766446474441097,0.3361387354165186,-1.0,3.677034595224085,-0.18448813199344896,0.5446868499625462,2.2590172506580615,12.853752065462539,-1.0,3.677034595224085,18.240814868564648,0.0,6.131444442886151,181,True
muscle_skeletal,excluded_at_or_below_-1,ENSG00000274383.1,ENSG00000274383,1.703737266524412,78.84501036079898,-0.7791137765903823,0.28148876464724604,3178.3653011729593,13.924808348540257,0.0,0.7391974188376134,0.7609443731660819,-0.9262455633269449,1.9925164808672768,-0.6073151022411105,0.3348541915474478,3.6998306354522974,20.96394740316814,-0.9262455633269449,1.9925164808672768,78.84411222712951,0.0,59.99598355650928,484,True
muscle_skeletal,raw,ENSG00000274383.1,ENSG00000274383,6.617410947356387,9212188072750.658,-5.683633495031951,0.9607256247248452,19687.470354344005,11.299496051055893,0.0,-6.8944325407747105,1.0,-1.0,1.9925164808672768,-0.7676534345778698,0.3218507563493766,3.3385785525084852,19.596462825087652,-1.0,1.9925164808672768,439.1971864487023,0.0,439.1971864487023,818,True
nerve_tibial,excluded_at_or_below_-1,ENSG00000274383.1,ENSG00000274383,0.11235909087708397,48.82599490630676,-0.10489625376067391,1.0723230648496518,374.913606166491,5.798723812779435,0.0,0.9095436747129325,0.6612442735260571,-0.794554935329362,4.291968163733756,0.15266001026249545,0.6410399977859326,1.3843928564944885,5.097224601992464,-0.794554935329362,4.291968163733756,48.82585000577386,0.0,32.28581371636017,602,True
nerve_tibial,raw,ENSG00000274383.1,ENSG00000274383,-0.32875943362638493,50.34762599205998,-0.2381128842983719,1.2596051624738591,1773.8632125728373,5.086119244060589,0.0,0.855403839332012,0.6936025779879179,-1.0,4.291968163733756,0.03567362116122725,0.7003600505562556,1.0062812472524485,3.3559424358191157,-1.0,4.291968163733756,50.34736380306464,0.0,34.921061328701214,670,True
ovary,excluded_at_or_below_-1,ENSG00000274383.1,ENSG00000274383,-0.32847984286925747,11.833122847142292,0.529786251810518,0.8738484167807846,228.75471693263967,3.6417304403432422,0.0,2.1674970385344148,0.09426919379889641,-0.8095191444141078,2.780026572159516,0.5391095963402747,0.5676007123339732,0.2741057066385648,0.5719540750544114,-0.8095191444141078,2.780026572159516,11.817382266119203,0.0,1.1140150990404327,188,True
ovary,raw,ENSG00000274383.1,ENSG00000274383,-0.018236545020091522,12.174976582596868,0.5292652160308381,0.853219437332256,166.98410658083336,3.730643133793151,0.0,2.5347612986154267,0.03934298323359611,-1.0,2.780026572159516,0.4992362907356042,0.6114503810413783,-0.006452083970954922,0.6064705270592872,-1.0,2.780026572159516,12.163333643329414,0.0,0.47854183159414465,193,True
pancreas,excluded_at_or_below_-1,ENSG00000274383.1,ENSG00000274383,0.1476515135193087,32.67668410599265,-0.6094773411252142,0.5382050710538575,302.7771176802853,7.148052490136258,0.0,0.7634495577306791,0.7471986351551309,-0.9000221600951198,2.1108459542439104,-0.44880622675234927,0.32913564679927804,1.9627885600588364,10.420351904648559,-0.9000221600951198,2.1108459542439104,32.67657317116983,0.0,24.415890875044862,328,True
pancreas,raw,ENSG00000274383.1,ENSG00000274383,0.034763264286508715,33.4431491874693,-0.6388978285996532,0.5847439024808481,352.67542128954045,6.6503044054843015,0.0,0.8733320450715952,0.6829476433947511,-1.0,2.1108459542439104,-0.5005758076651121,0.3522130382097128,1.5339246133417574,7.606497007986766,-1.0,2.1108459542439104,33.44256889789289,0.0,22.83952361788255,362,True
pituitary,excluded_at_or_below_-1,ENSG00000274383.1,ENSG00000274383,0.013000142346122606,23.910302688969136,0.21790628999694694,0.8120298753687283,111.78623048250883,5.796198814818342,0.0,1.7899341342558082,0.20150856082661808,-0.8098592686355068,3.5460363026319124,0.2782604519828691,0.5602590805595543,0.8588709737287551,3.137819544970526,-0.8098592686355068,3.5460363026319124,23.91008890959554,0.0,4.8180876054090795,305,True
pituitary,raw,ENSG00000274383.1,ENSG00000274383,0.051751675415883235,24.764099297043696,0.226418039152755,0.8189602854087493,107.53736675332438,5.7324503443662245,0.0,2.117828000955117,0.1061837316845236,-1.0,3.5460363026319124,0.2455892583219651,0.5887844172009156,0.6250948991691072,2.5944778777326984,-1.0,3.5460363026319124,24.763751553321573,0.0,2.629507550440102,313,True
prostate,excluded_at_or_below_-1,ENSG00000274383.1,ENSG00000274383,0.4961232584588546,28.64214038079331,0.42894406748871394,0.8478708285460395,167.7820741901133,9.02007256160261,0.0,2.060679384890544,0.11965137329984243,-0.8065057852923955,5.836795186889702,0.5695302420211298,0.9474436412534758,2.824883130226956,12.323175861284055,-0.8065057852923955,5.836795186889702,28.64137345179274,0.0,3.42697966670065,274,True
prostate,raw,ENSG00000274383.1,ENSG00000274383,0.6216087099118256,29.67252075242798,0.42378649006064845,0.8425991151271958,278.70453836347593,9.085163009153607,0.0,2.3896751468382424,0.057540765689621055,-1.0,5.836795186889702,0.5250045613964169,0.9696582422337594,2.5771387901202485,11.225088906507347,-1.0,5.836795186889702,29.672163502026564,0.0,1.7073590075742362,282,True
skin_not_sun_exposed_suprapubic,excluded_at_or_below_-1,ENSG00000274383.1,ENSG00000274383,0.2105389396157706,69.4617234190617,-0.48779866384271126,0.704986742714274,304.9254271546897,8.771511785885481,0.0,0.7784111369189702,0.7386300993320657,-0.8758373211641464,3.884807912093852,-0.28106687724794444,0.42387486837051347,2.2020742704494527,15.454053823784431,-0.8758373211641464,3.884807912093852,69.46145088534858,0.0,51.30631836719443,579,True
skin_not_sun_exposed_suprapubic,raw,ENSG00000274383.1,ENSG00000274383,-0.10961774391768825,72.18949874747818,-0.5864692536560627,0.820411171507514,594.1092977063381,7.707526455683751,0.0,0.712838647556749,0.7756443964181267,-1.0,3.884807912093852,-0.3605802180131487,0.4590083104611022,1.641247463804951,10.555960644299674,-1.0,3.884807912093852,72.18889576133105,0.0,55.992912480888684,651,True
skin_sun_exposed_lower_leg,excluded_at_or_below_-1,ENSG00000274383.1,ENSG00000274383,0.7017477390896425,57.99778369885059,-0.4920188441878118,0.7078881531388628,1204.9233809457214,6.401275171135215,0.0,0.768101615400001,0.7445406267069821,-0.8764940383275763,2.7121555317280537,-0.257954705093518,0.44484919969083236,1.5683867902133317,4.964516905181735,-0.8764940383275763,2.7121555317280537,57.997656784852936,0.0,43.181611730130854,660,True
skin_sun_exposed_lower_leg,raw,ENSG00000274383.1,ENSG00000274383,-0.07534024941797696,62.36494462374512,-0.6768354504355096,0.9206278484005933,5090.5584718228,5.205965709230156,0.0,0.49642609624104017,0.8840703535279464,-1.0,2.7121555317280537,-0.3504643307184641,0.4830687422035293,1.2009535527171376,3.4065332763802445,-1.0,2.7121555317280537,62.36480280496779,0.0,55.13487326348854,754,True
small_intestine_terminal_ileum,excluded_at_or_below_-1,ENSG00000274383.1,ENSG00000274383,0.5634502343704113,12.705845925660354,-0.009251581529308148,0.6592518886922007,104.20069090836776,5.165888450414876,0.0,1.6820516640246943,0.24300998093988038,-0.7933592763567969,2.3988866292190685,0.11937982275616013,0.5531837382654945,1.1851615197648704,2.448665698362677,-0.7933592763567969,2.3988866292190685,12.705811151729263,0.0,3.0876389258074477,200,True
small_intestine_terminal_ileum,raw,ENSG00000274383.1,ENSG00000274383,0.7005601125958608,13.488454176536896,-0.004378228187326309,0.6454512814675941,118.21749328921263,5.265664276924059,0.0,2.181453276364912,0.09260964374878776,-1.0,2.3988866292190685,0.08152639879822235,0.5803033572600722,0.9436369335627182,2.0395788742788907,-1.0,2.3988866292190685,13.48821825290899,0.0,1.2491390872077979,207,True
spleen,excluded_at_or_below_-1,ENSG00000274383.1,ENSG00000274383,1.1434491742026052,15.89842844399327,0.8705988544938413,0.7528267224445585,215.1148150231554,3.813391030371942,0.0,3.071769487040702,0.0082443955827889,-0.7645927576934931,2.900577032596628,0.9232181468158961,0.6443809780677284,0.2372235683227872,0.13388617320479534,-0.7645927576934931,2.900577032596628,15.887311681037419,0.0,0.1309812822455354,277,True
spleen,raw,ENSG00000274383.1,ENSG00000274383,1.1434491742026052,15.89842844399327,0.8705988544938413,0.7528267224445585,215.1148150231554,3.813391030371942,0.0,3.071769487040702,0.0082443955827889,-0.7645927576934931,2.900577032596628,0.9232181468158961,0.6443809780677284,0.2372235683227872,0.13388617320479534,-0.7645927576934931,2.900577032596628,15.887311681037419,0.0,0.1309812822455354,277,True
stomach,excluded_at_or_below_-1,ENSG00000274383.1,ENSG00000274383,0.46577611851499295,49.08739197212157,-0.41969494091761284,0.6100816369323245,164.30299985605728,10.757968504872897,0.0,0.9975521527955363,0.6080187328808554,-0.8500318196572246,4.221215887646304,-0.23002669162295303,0.5021635598067523,3.2234984824089468,20.8572631481528,-0.8500318196572246,4.221215887646304,49.087118951644065,0.0,29.84588786575045,371,True
stomach,raw,ENSG00000274383.1,ENSG00000274383,0.3667644570671398,49.76022905525359,-0.4391210496845963,0.6536472884685655,300.6912096600634,10.082978723040487,0.0,1.2135024995575656,0.47889552360856946,-1.0,4.221215887646304,-0.2981324388012668,0.5269985265311002,2.654767736925829,16.598246862781007,-1.0,4.221215887646304,49.759167217990814,0.0,23.829442439186074,407,True
testis,excluded_at_or_below_-1,ENSG00000274383.1,ENSG00000274383,1.0356519790482142,18.82200828570996,0.3252166730264948,0.7252719087806903,371.07353699633717,2.75915919404381,0.0,2.258053825452154,0.05717305563010777,-0.8328142295813871,1.7402368004929345,0.36182099625275016,0.5185411137981192,0.1831105066693562,-0.38423062862652513,-0.8328142295813871,1.7402368004929345,18.40355224093934,0.0,1.0521873160628195,412,True
testis,raw,ENSG00000274383.1,ENSG00000274383,0.4095963709530019,20.719103735148682,0.33149089078340666,0.7490976630967124,417.9626009087913,2.659556516586844,0.0,2.513707582717449,0.013741264502626038,-1.0,1.7402368004929345,0.3552421508602248,0.5258519729875261,0.12809535729932134,-0.31486998529415366,-1.0,1.7402368004929345,20.11593616019049,0.0,0.27641839949511704,414,True
thyroid,excluded_at_or_below_-1,ENSG00000274383.1,ENSG00000274383,0.6373375219965419,62.41727771518174,0.38851179264750046,0.9544232714550884,735.6796937890429,7.56322936303411,0.0,1.7291044630437655,0.22427651624958772,-0.7784247876640145,5.492777727786244,0.516823072958436,0.7157574293392328,1.3026804734945765,4.947759444129795,-0.7784247876640145,5.492777727786244,62.41568102846096,0.0,13.998371500408709,671,True
thyroid,raw,ENSG00000274383.1,ENSG00000274383,0.7718917141373549,65.50911633751308,0.3869581918342024,0.9289590090287637,745.789382860564,7.7729148052745805,0.0,2.1114549364100745,0.10762302069856897,-1.0,5.492777727786244,0.48799456426185756,0.7385912610516792,1.1152365325964664,4.380112134586588,-1.0,5.492777727786244,65.509098838667,0.0,7.050287100258459,684,True
uterus,excluded_at_or_below_-1,ENSG00000274383.1,ENSG00000274383,1.1849325473983825,5.883339487219587,0.3922487129071748,0.656805255301534,144.66322749191377,3.2576805706637817,0.0,2.5101619169473386,0.03806101464672866,-0.7735494257715655,1.90521802379064,0.3785157772398018,0.5728277665828724,-0.007762400506391539,-0.39027359760654967,-0.7735494257715655,1.90521802379064,5.854127812056914,0.0,0.22281404439851982,149,True
uterus,raw,ENSG00000274383.1,ENSG00000274383,1.2956258913527225,6.406108180178194,0.39463663465260745,0.6482431602520146,264.6306159424877,3.295499001882075,0.0,3.042552801546446,0.005410142308681727,-1.0,1.90521802379064,0.34247614907666973,0.6067925945905679,-0.1369474450717012,-0.33060379860600797,-1.0,1.90521802379064,6.377960477130636,0.0,0.034505673820424354,153,True
vagina,excluded_at_or_below_-1,ENSG00000274383.1,ENSG00000274383,-0.6853558157399108,10.026540016137568,-0.8007233903116364,1.7196921900477917,135.86553118529133,2.6024284957479953,0.0,0.0006310570140582401,1.0,-0.8014907594328389,2.363845298865568,0.04006472996824782,0.6034906883399979,0.7445962912653106,0.30814694411536303,-0.8014907594328389,2.363845298865568,9.6873095540891,0.0,9.6873095540891,164,True
vagina,raw,ENSG00000274383.1,ENSG00000274383,-0.013571865608825465,8.688841635574159,-0.2405034161884334,1.1212486854832637,223.50725109874887,3.2848246081919603,0.0,0.9579412518458503,0.6303484533140222,-1.0,2.363845298865568,0.003356563028192007,0.623153363855935,0.6641260993243993,0.2191688863576382,-1.0,2.363845298865568,8.649389571193625,0.0,5.452129338312336,170,True
whole_blood,excluded_at_or_below_-1,ENSG00000274383.1,ENSG00000274383,1.584517383968275,64.47178819376231,-0.06905748031831048,0.8409513430390894,1284.4418494933673,7.361595261263704,0.0,1.436578901414799,0.35633805938050883,-0.9233082021818289,4.3084591738719125,0.15584487011344245,0.7036819180941583,1.761893761508949,5.727108289845058,-0.9233082021818289,4.3084591738719125,64.47152538913468,0.0,22.973658242465458,743,True
whole_blood,raw,ENSG00000274383.1,ENSG00000274383,0.9361640068846453,63.36625311985485,-0.16597345131072735,1.0364639413445382,1954.2563432379823,6.105184223051009,0.0,1.137995842870824,0.5233439497467555,-1.0,4.3084591738719125,0.06948037172389505,0.7420266441090518,1.4581701923716026,4.568280768294453,-1.0,4.3084591738719125,63.36619601301759,0.0,33.16231530187974,803,True
adipose_subcutaneous,excluded_at_or_below_-1,ENSG00000274387.1,ENSG00000274387,,,,,,,,,,,,,,,,,,,,,0,False
adipose_subcutaneous,raw,ENSG00000274387.1,ENSG00000274387,0.0,714.0,-0.9875,1.0001e-06,0.0,-17675.90193946968,0.0,,,-1.0,-1.0,-1.0,0.0,,,,-1.0,5.83115986411798e-187,0.0,,714,True
adipose_visceral_omentum,excluded_at_or_below_-1,ENSG00000274387.1,ENSG00000274387,,,,,,,,,,-0.3381181744025026,-0.3381181744025026,,,,,,,,,,1,False
adipose_visceral_omentum,raw,ENSG00000274387.1,ENSG00000274387,1.6840831509327772,556.433849289234,-0.991728210951895,0.0058049956152091105,886.2343779608044,159.23253684628804,0.0,2.015174003968295,0.13240266709602289,-1.0,-0.3381181744025026,-0.9988724330057965,0.027318786587382387,24.166127254581795,582.0017064846421,-1.0,-0.3381181744025026,551.6935079015589,0.0,73.04569186572715,587,True
adrenal_gland,excluded_at_or_below_-1,ENSG00000274387.1,ENSG00000274387,,,,,,,,,,,,,,,,,,,,,0,False
adrenal_gland,raw,ENSG00000274387.1,ENSG00000274387,0.0,295.0,-0.9875,1.0001e-06,0.0,-17675.90193946968,0.0,,,-1.0,-1.0,-1.0,0.0,,,,-1.0,2.409232716967513e-187,0.0,,295,True
artery_aorta,excluded_at_or_below_-1,ENSG00000274387.1,ENSG00000274387,,,,,,,,,,,,,,,,,,,,,0,False
artery_aorta,raw,ENSG00000274387.1,ENSG00000274387,0.0,472.0,-0.9875,1.0001e-06,0.0,-17675.90193946968,0.0,,,-1.0,-1.0,-1.0,0.0,,,,-1.0,3.8547723471480207e-187,0.0,,472,True
artery_coronary,excluded_at_or_below_-1,ENSG00000274387.1,ENSG00000274387,,,,,,,,,,,,,,,,,,,,,0,False
artery_coronary,raw,ENSG00000274387.1,ENSG00000274387,0.0,268.0,-0.9875,1.0001e-06,0.0,-17675.90193946968,0.0,,,-1.0,-1.0,-1.0,0.0,,,,-1.0,2.1887266716857407e-187,0.0,,268,True
artery_tibial,excluded_at_or_below_-1,ENSG00000274387.1,ENSG00000274387,,,,,,,,,,,,,,,,,,,,,0,False
artery_tibial,raw,ENSG00000274387.1,ENSG00000274387,0.0,691.0,-0.9875,1.0001e-06,0.0,-17675.90193946968,0.0,,,-1.0,-1.0,-1.0,0.0,,,,-1.0,5.643321381100175e-187,0.0,,691,True
bladder,excluded_at_or_below_-1,ENSG00000274387.1,ENSG00000274387,,,,,,,,,,,,,,,,,,,,,0,False
bladder,raw,ENSG00000274387.1,ENSG00000274387,0.0,77.0,-0.9875,1.0001e-06,0.0,-17675.90193946968,0.0,,,-1.0,-1.0,-1.0,0.0,,,,-1.0,6.288505735813509e-188,0.0,,77,True
brain_amygdala,excluded_at_or_below_-1,ENSG00000274387.1,ENSG00000274387,,,,,,,,,,,,,,,,,,,,,0,False
brain_amygdala,raw,ENSG00000274387.1,ENSG00000274387,0.0,181.0,-0.9875,1.0001e-06,0.0,-17675.90193946968,0.0,,,-1.0,-1.0,-1.0,0.0,,,,-1.0,1.478207192444474e-187,0.0,,181,True
brain_anterior_cingulate_cortex_ba24,excluded_at_or_below_-1,ENSG00000274387.1,ENSG00000274387,,,,,,,,,,,,,,,,,,,,,0,False
brain_anterior_cingulate_cortex_ba24,raw,ENSG00000274387.1,ENSG00000274387,0.0,233.0,-0.9875,1.0001e-06,0.0,-17675.90193946968,0.0,,,-1.0,-1.0,-1.0,0.0,,,,-1.0,1.9028855018760357e-187,0.0,,233,True
brain_caudate_basal_ganglia,excluded_at_or_below_-1,ENSG00000274387.1,ENSG00000274387,,,,,,,,,,,,,,,,,,,,,0,False
brain_caudate_basal_ganglia,raw,ENSG00000274387.1,ENSG00000274387,0.0,300.0,-0.9875,1.0001e-06,0.0,-17675.90193946968,0.0,,,-1.0,-1.0,-1.0,0.0,,,,-1.0,2.450067169797471e-187,0.0,,300,True
brain_cerebellar_hemisphere,excluded_at_or_below_-1,ENSG00000274387.1,ENSG00000274387,,,,,,,,,,,,,,,,,,,,,0,False
brain_cerebellar_hemisphere,raw,ENSG00000274387.1,ENSG00000274387,0.0,277.0,-0.9875,1.0001e-06,0.0,-17675.90193946968,0.0,,,-1.0,-1.0,-1.0,0.0,,,,-1.0,2.2622286867796648e-187,0.0,,277,True
brain_cerebellum,excluded_at_or_below_-1,ENSG00000274387.1,ENSG00000274387,,,,,,,,,,,,,,,,,,,,,0,False
brain_cerebellum,raw,ENSG00000274387.1,ENSG00000274387,0.0,266.0,-0.9875,1.0001e-06,0.0,-17675.90193946968,0.0,,,-1.0,-1.0,-1.0,0.0,,,,-1.0,2.1723928905537574e-187,0.0,,266,True
brain_cortex,excluded_at_or_below_-1,ENSG00000274387.1,ENSG00000274387,,,,,,,,,,,,,,,,,,,,,0,False
brain_cortex,raw,ENSG00000274387.1,ENSG00000274387,0.0,270.0,-0.9875,1.0001e-06,0.0,-17675.90193946968,0.0,,,-1.0,-1.0,-1.0,0.0,,,,-1.0,2.2050604528177237e-187,0.0,,270,True
brain_frontal_cortex_ba9,excluded_at_or_below_-1,ENSG00000274387.1,ENSG00000274387,,,,,,,,,,,,,,,,,,,,,0,False
brain_frontal_cortex_ba9,raw,ENSG00000274387.1,ENSG00000274387,0.0,269.0,-0.9875,1.0001e-06,0.0,-17675.90193946968,0.0,,,-1.0,-1.0,-1.0,0.0,,,,-1.0,2.196893562251732e-187,0.0,,269,True
brain_hippocampus,excluded_at_or_below_-1,ENSG00000274387.1,ENSG00000274387,,,,,,,,,,,,,,,,,,,,,0,False
brain_hippocampus,raw,ENSG00000274387.1,ENSG00000274387,0.0,255.0,-0.9875,1.0001e-06,0.0,-17675.90193946968,0.0,,,-1.0,-1.0,-1.0,0.0,,,,-1.0,2.08255709432785e-187,0.0,,255,True
brain_hypothalamus,excluded_at_or_below_-1,ENSG00000274387.1,ENSG00000274387,,,,,,,,,,,,,,,,,,,,,0,False
brain_hypothalamus,raw,ENSG00000274387.1,ENSG00000274387,0.0,257.0,-0.9875,1.0001e-06,0.0,-17675.90193946968,0.0,,,-1.0,-1.0,-1.0,0.0,,,,-1.0,2.0988908754598334e-187,0.0,,257,True
brain_nucleus_accumbens_basal_ganglia,excluded_at_or_below_-1,ENSG00000274387.1,ENSG00000274387,,,,,,,,,,,,,,,,,,,,,0,False
brain_nucleus_accumbens_basal_ganglia,raw,ENSG00000274387.1,ENSG00000274387,0.0,285.0,-0.9875,1.0001e-06,0.0,-17675.90193946968,0.0,,,-1.0,-1.0,-1.0,0.0,,,,-1.0,2.3275638113075975e-187,0.0,,285,True
brain_putamen_basal_ganglia,excluded_at_or_below_-1,ENSG00000274387.1,ENSG00000274387,,,,,,,,,,,,,,,,,,,,,0,False
brain_putamen_basal_ganglia,raw,ENSG00000274387.1,ENSG00000274387,0.0,254.0,-0.9875,1.0001e-06,0.0,-17675.90193946968,0.0,,,-1.0,-1.0,-1.0,0.0,,,,-1.0,2.0743902037618585e-187,0.0,,254,True
brain_spinal_cord_cervical_c-1,excluded_at_or_below_-1,ENSG00000274387.1,ENSG00000274387,,,,,,,,,,,,,,,,,,,,,0,False
brain_spinal_cord_cervical_c-1,raw,ENSG00000274387.1,ENSG00000274387,0.0,204.0,-0.9875,1.0001e-06,0.0,-17675.90193946968,0.0,,,-1.0,-1.0,-1.0,0.0,,,,-1.0,1.6660456754622802e-187,0.0,,204,True
brain_substantia_nigra,excluded_at_or_below_-1,ENSG00000274387.1,ENSG00000274387,,,,,,,,,,,,,,,,,,,,,0,False
brain_substantia_nigra,raw,ENSG00000274387.1,ENSG00000274387,0.0,183.0,-0.9875,1.0001e-06,0.0,-17675.90193946968,0.0,,,-1.0,-1.0,-1.0,0.0,,,,-1.0,1.4945409735764572e-187,0.0,,183,True
breast_mammary_tissue,excluded_at_or_below_-1,ENSG00000274387.1,ENSG00000274387,,,,,,,,,,,,,,,,,,,,,0,False
breast_mammary_tissue,raw,ENSG00000274387.1,ENSG00000274387,0.0,514.0,-0.9875,1.0001e-06,0.0,-17675.90193946968,0.0,,,-1.0,-1.0,-1.0,0.0,,,,-1.0,4.1977817509196667e-187,0.0,,514,True
cells_cultured_fibroblasts,excluded_at_or_below_-1,ENSG00000274387.1,ENSG00000274387,,,,,,,,,,,,,,,,,,,,,0,False
cells_cultured_fibroblasts,raw,ENSG00000274387.1,ENSG00000274387,0.0,652.0,-0.9875,1.0001e-06,0.0,-17675.90193946968,0.0,,,-1.0,-1.0,-1.0,0.0,,,,-1.0,5.324812649026503e-187,0.0,,652,True
cells_ebv-transformed_lymphocytes,excluded_at_or_below_-1,ENSG00000274387.1,ENSG00000274387,,,,,,,,,,,,,,,,,,,,,0,False
cells_ebv-transformed_lymphocytes,raw,ENSG00000274387.1,ENSG00000274387,0.0,327.0,-0.9875,1.0001e-06,0.0,-17675.90193946968,0.0,,,-1.0,-1.0,-1.0,0.0,,,,-1.0,2.670573215079243e-187,0.0,,327,True
cervix_ectocervix,excluded_at_or_below_-1,ENSG00000274387.1,ENSG00000274387,,,,,,,,,,,,,,,,,,,,,0,False
cervix_ectocervix,raw,ENSG00000274387.1,ENSG00000274387,0.0,24.0,-0.9875,1.0001e-06,0.0,-17675.90193946968,0.0,,,-1.0,-1.0,-1.0,0.0,,,,-1.0,1.9600537358379766e-188,0.0,,24,True
cervix_endocervix,excluded_at_or_below_-1,ENSG00000274387.1,ENSG00000274387,,,,,,,,,,,,,,,,,,,,,0,False
cervix_endocervix,raw,ENSG00000274387.1,ENSG00000274387,0.0,23.0,-0.9875,1.0001e-06,0.0,-17675.90193946968,0.0,,,-1.0,-1.0,-1.0,0.0,,,,-1.0,1.878384830178061e-188,0.0,,23,True
colon_sigmoid,excluded_at_or_below_-1,ENSG00000274387.1,ENSG00000274387,,,,,,,,,,-0.2961816760903294,-0.2961816760903294,,,,,,,,,,1,False
colon_sigmoid,raw,ENSG00000274387.1,ENSG00000274387,0.02631604694044383,402.13323575621337,-0.9912013786079809,0.0061382576451764915,251.91197672459072,160.12789723633628,0.0,2.0271436003598917,0.1292611796431554,-1.0,-0.2961816760903294,-0.9983202426637001,0.034383775141912355,20.396136701456413,414.0023923444977,-1.0,-0.2961816760903294,398.6357731571358,0.0,51.52813028625266,419,True
colon_transverse,excluded_at_or_below_-1,ENSG00000274387.1,ENSG00000274387,,,,,,,,,,-0.5873658673739643,-0.5873658673739643,,,,,,,,,,1,False
colon_transverse,raw,ENSG00000274387.1,ENSG00000274387,1.4186527813924854,443.37072105569854,-0.9948807355112198,0.005020250125288672,1238.8863995829347,114.79767720841424,0.0,1.4421060880889334,0.3547538201331913,-1.0,-0.5873658673739643,-0.9991385508713443,0.018853734749493548,21.817472173700793,474.0020920502088,-1.0,-0.5873658673739643,441.81996143463726,0.0,156.7373191300368,479,True
esophagus_gastroesophageal_junction,excluded_at_or_below_-1,ENSG00000274387.1,ENSG00000274387,,,,,,,,,,0.0172734400653011,0.0172734400653011,,,,,,,,,,1,False
esophagus_gastroesophageal_junction,raw,ENSG00000274387.1,ENSG00000274387,0.025641025621760904,413.6082846736065,-0.988140388203337,0.00506955869428557,0.9743589744111316,280.4721194643038,0.0,3.308379458398702,0.004200062152315876,-1.0,0.0172734400653011,-0.9974757482876792,0.050673999476885126,20.000062188958047,398.00248756218906,-1.0,0.0172734400653011,413.59531215850916,0.0,1.7371260169722247,403,True
esophagus_mucosa,excluded_at_or_below_-1,ENSG00000274387.1,ENSG00000274387,,,,,,,,,,,,,,,,,,,,,0,False
esophagus_mucosa,raw,ENSG00000274387.1,ENSG00000274387,0.0,614.0,-0.9875,1.0001e-06,0.0,-17675.90193946968,0.0,,,-1.0,-1.0,-1.0,0.0,,,,-1.0,5.014470807518823e-187,0.0,,614,True
esophagus_muscularis,excluded_at_or_below_-1,ENSG00000274387.1,ENSG00000274387,,,,,,,,,,,,,,,,,,,,,0,False
esophagus_muscularis,raw,ENSG00000274387.1,ENSG00000274387,0.0,561.0,-0.9875,1.0001e-06,0.0,-17675.90193946968,0.0,,,-1.0,-1.0,-1.0,0.0,,,,-1.0,4.5816256075212706e-187,0.0,,561,True
fallopian_tube,excluded_at_or_below_-1,ENSG00000274387.1,ENSG00000274387,,,,,,,,,,,,,,,,,,,,,0,False
fallopian_tube,raw,ENSG00000274387.1,ENSG00000274387,0.0,29.0,-0.9875,1.0001e-06,0.0,-17675.90193946968,0.0,,,-1.0,-1.0,-1.0,0.0,,,,-1.0,2.368398264137555e-188,0.0,,29,True
heart_atrial_appendage,excluded_at_or_below_-1,ENSG00000274387.1,ENSG00000274387,,,,,,,,,,,,,,,,,,,,,0,False
heart_atrial_appendage,raw,ENSG00000274387.1,ENSG00000274387,0.0,461.0,-0.9875,1.0001e-06,0.0,-17675.90193946968,0.0,,,-1.0,-1.0,-1.0,0.0,,,,-1.0,3.7649365509221136e-187,0.0,,461,True
heart_left_ventricle,excluded_at_or_below_-1,ENSG00000274387.1,ENSG00000274387,,,,,,,,,,,,,,,,,,,,,0,False
heart_left_ventricle,raw,ENSG00000274387.1,ENSG00000274387,0.0,452.0,-0.9875,1.0001e-06,0.0,-17675.90193946968,0.0,,,-1.0,-1.0,-1.0,0.0,,,,-1.0,3.6914345358281893e-187,0.0,,452,True
kidney_cortex,excluded_at_or_below_-1,ENSG00000274387.1,ENSG00000274387,,,,,,,,,,,,,,,,,,,,,0,False
kidney_cortex,raw,ENSG00000274387.1,ENSG00000274387,0.0,104.0,-0.9875,1.0001e-06,0.0,-17675.90193946968,0.0,,,-1.0,-1.0,-1.0,0.0,,,,-1.0,8.493566188631232e-188,0.0,,104,True
kidney_medulla,excluded_at_or_below_-1,ENSG00000274387.1,ENSG00000274387,,,,,,,,,,,,,,,,,,,,,0,False
kidney_medulla,raw,ENSG00000274387.1,ENSG00000274387,0.0,11.0,-0.9875,1.0001e-06,0.0,-17675.90193946968,0.0,,,-1.0,-1.0,-1.0,0.0,,,,-1.0,8.983579622590726e-189,0.0,,11,True
liver,excluded_at_or_below_-1,ENSG00000274387.1,ENSG00000274387,,,,,,,,,,,,,,,,,,,,,0,False
liver,raw,ENSG00000274387.1,ENSG00000274387,0.0,262.0,-0.9875,1.0001e-06,0.0,-17675.90193946968,0.0,,,-1.0,-1.0,-1.0,0.0,,,,-1.0,2.1397253282897912e-187,0.0,,262,True
lung,excluded_at_or_below_-1,ENSG00000274387.1,ENSG00000274387,,,,,,,,,,,,,,,,,,,,,0,False
lung,raw,ENSG00000274387.1,ENSG00000274387,0.0,604.0,-0.9875,1.0001e-06,0.0,-17675.90193946968,0.0,,,-1.0,-1.0,-1.0,0.0,,,,-1.0,4.932801901858908e-187,0.0,,604,True
minor_salivary_gland,excluded_at_or_below_-1,ENSG00000274387.1,ENSG00000274387,,,,,,,,,,,,,,,,,,,,,0,False
minor_salivary_gland,raw,ENSG00000274387.1,ENSG00000274387,0.0,181.0,-0.9875,1.0001e-06,0.0,-17675.90193946968,0.0,,,-1.0,-1.0,-1.0,0.0,,,,-1.0,1.478207192444474e-187,0.0,,181,True
muscle_skeletal,excluded_at_or_below_-1,ENSG00000274387.1,ENSG00000274387,,,,,,,,,,,,,,,,,,,,,0,False
muscle_skeletal,raw,ENSG00000274387.1,ENSG00000274387,0.0,818.0,-0.9875,1.0001e-06,0.0,-17675.90193946968,0.0,,,-1.0,-1.0,-1.0,0.0,,,,-1.0,6.680516482981104e-187,0.0,,818,True
nerve_tibial,excluded_at_or_below_-1,ENSG00000274387.1,ENSG00000274387,,,,,,,,,,-0.2273449077511619,-0.2273449077511619,,,,,,,,,,1,False
nerve_tibial,raw,ENSG00000274387.1,ENSG00000274387,2.0484048010155744,633.7553475542205,-0.9903683691034973,0.008598464805891043,1295.5564020335728,125.49660338366799,0.0,1.5841412797635415,0.28654903441069246,-1.0,-0.2273449077511619,-0.9988467834444046,0.029850270419987134,25.82637207910377,665.0014947683106,-1.0,-0.2273449077511619,630.6536387744657,0.0,180.7131912384124,670,True
ovary,excluded_at_or_below_-1,ENSG00000274387.1,ENSG00000274387,,,,,,,,,,,,,,,,,,,,,0,False
ovary,raw,ENSG00000274387.1,ENSG00000274387,0.0,193.0,-0.9875,1.0001e-06,0.0,-17675.90193946968,0.0,,,-1.0,-1.0,-1.0,0.0,,,,-1.0,1.576209879236373e-187,0.0,,193,True
pancreas,excluded_at_or_below_-1,ENSG00000274387.1,ENSG00000274387,,,,,,,,,,,,,,,,,,,,,0,False
pancreas,raw,ENSG00000274387.1,ENSG00000274387,0.0,362.0,-0.9875,1.0001e-06,0.0,-17675.90193946968,0.0,,,-1.0,-1.0,-1.0,0.0,,,,-1.0,2.956414384888948e-187,0.0,,362,True
pituitary,excluded_at_or_below_-1,ENSG00000274387.1,ENSG00000274387,,,,,,,,,,,,,,,,,,,,,0,False
pituitary,raw,ENSG00000274387.1,ENSG00000274387,0.0,313.0,-0.9875,1.0001e-06,0.0,-17675.90193946968,0.0,,,-1.0,-1.0,-1.0,0.0,,,,-1.0,2.5562367471553613e-187,0.0,,313,True
prostate,excluded_at_or_below_-1,ENSG00000274387.1,ENSG00000274387,,,,,,,,,,,,,,,,,,,,,0,False
prostate,raw,ENSG00000274387.1,ENSG00000274387,0.0,282.0,-0.9875,1.0001e-06,0.0,-17675.90193946968,0.0,,,-1.0,-1.0,-1.0,0.0,,,,-1.0,2.3030631396096224e-187,0.0,,282,True
skin_not_sun_exposed_suprapubic,excluded_at_or_below_-1,ENSG00000274387.1,ENSG00000274387,,,,,,,,,,-0.6355272991967588,-0.6355272991967588,,,,,,,,,,1,False
skin_not_sun_exposed_suprapubic,raw,ENSG00000274387.1,ENSG00000274387,2.310235159394859,614.4908561895477,-0.9954974665920157,0.004505602942612794,1453.8785057714845,112.987029541683,0.0,1.4132501003111406,0.36945619102532135,-1.0,-0.6355272991967588,-0.9994401341001485,0.014284811395551062,25.45587434093626,646.0015384615376,-1.0,-0.6355272991967588,612.7023371757489,0.0,226.3666717252637,651,True
skin_sun_exposed_lower_leg,excluded_at_or_below_-1,ENSG00000274387.1,ENSG00000274387,,,,,,,,,,-0.5704408074672211,-0.0516024896598175,,,,,,,,,,2,False
skin_sun_exposed_lower_leg,raw,ENSG00000274387.1,ENSG00000274387,2.6544149838446645,709.2112554310102,-0.9881726685230174,0.01045247995359504,1915.6760377957312,126.71732019031322,0.0,1.6002300559952876,0.279347542026821,-1.0,-0.0516024896598175,-0.9981724712163488,0.03789726592912363,22.618053521164015,536.1393111160395,-1.0,-0.0516024896598175,705.6249969900165,0.0,197.11460850184406,754,True
small_intestine_terminal_ileum,excluded_at_or_below_-1,ENSG00000274387.1,ENSG00000274387,,,,,,,,,,,,,,,,,,,,,0,False
small_intestine_terminal_ileum,raw,ENSG00000274387.1,ENSG00000274387,0.0,207.0,-0.9875,1.0001e-06,0.0,-17675.90193946968,0.0,,,-1.0,-1.0,-1.0,0.0,,,,-1.0,1.6905463471602549e-187,0.0,,207,True
spleen,excluded_at_or_below_-1,ENSG00000274387.1,ENSG00000274387,,,,,,,,,,,,,,,,,,,,,0,False
spleen,raw,ENSG00000274387.1,ENSG00000274387,0.0,277.0,-0.9875,1.0001e-06,0.0,-17675.90193946968,0.0,,,-1.0,-1.0,-1.0,0.0,,,,-1.0,2.2622286867796648e-187,0.0,,277,True
stomach,excluded_at_or_below_-1,ENSG00000274387.1,ENSG00000274387,,,,,,,,,,,,,,,,,,,,,0,False
stomach,raw,ENSG00000274387.1,ENSG00000274387,0.0,407.0,-0.9875,1.0001e-06,0.0,-17675.90193946968,0.0,,,-1.0,-1.0,-1.0,0.0,,,,-1.0,3.3239244603585686e-187,0.0,,407,True
testis,excluded_at_or_below_-1,ENSG00000274387.1,ENSG00000274387,,,,,,,,,,-0.4864344686563816,-0.2635059556285901,,,,,,,,,,9,False
testis,raw,ENSG00000274387.1,ENSG00000274387,0.23076923060815935,431.14649981286703,-0.9917692516877264,0.0038821661091482324,8.923076926009461,265.29514742771613,0.0,2.9983353531079846,0.011269835196892128,-1.0,-0.2635059556285901,-0.9862530731569576,0.09289791394034334,6.680688887552696,43.14752876026047,-1.0,-0.2635059556285901,427.12045457217374,0.0,4.813577132250049,414,True
thyroid,excluded_at_or_below_-1,ENSG00000274387.1,ENSG00000274387,,,,,,,,,,,,,,,,,,,,,0,False
thyroid,raw,ENSG00000274387.1,ENSG00000274387,0.0,684.0,-0.9875,1.0001e-06,0.0,-17675.90193946968,0.0,,,-1.0,-1.0,-1.0,0.0,,,,-1.0,5.586153147138233e-187,0.0,,684,True
uterus,excluded_at_or_below_-1,ENSG00000274387.1,ENSG00000274387,,,,,,,,,,,,,,,,,,,,,0,False
uterus,raw,ENSG00000274387.1,ENSG00000274387,0.0,153.0,-0.9875,1.0001e-06,0.0,-17675.90193946968,0.0,,,-1.0,-1.0,-1.0,0.0,,,,-1.0,1.24953425659671e-187,0.0,,153,True
vagina,excluded_at_or_below_-1,ENSG00000274387.1,ENSG00000274387,,,,,,,,,,,,,,,,,,,,,0,False
vagina,raw,ENSG00000274387.1,ENSG00000274387,0.0,170.0,-0.9875,1.0001e-06,0.0,-17675.90193946968,0.0,,,-1.0,-1.0,-1.0,0.0,,,,-1.0,1.3883713962185667e-187,0.0,,170,True
whole_blood,excluded_at_or_below_-1,ENSG00000274387.1,ENSG00000274387,,,,,,,,,,-0.2945147992295327,-0.2945147992295327,,,,,,,,,,1,False
whole_blood,raw,ENSG00000274387.1,ENSG00000274387,2.699191075760606,767.8082966808684,-0.9912156354129668,0.007891564040756575,1325.9679793386624,124.85278790854593,0.0,1.5742085436617022,0.29101380178824426,-1.0,-0.2945147992295327,-0.999121438106139,0.024896032095092654,28.284293289435272,798.0012468827931,-1.0,-0.2945147992295327,764.2220611832204,0.0,222.39916743537717,803,True
adipose_subcutaneous,excluded_at_or_below_-1,ENSG00000274397.1,ENSG00000274397,1.36427711473711,24.594090159212744,-0.9288908804947287,0.08467095715481746,846.2201608791279,8.624685271141773,0.0,0.7651320805225811,0.7462391896620654,-0.9747004154414828,-0.4125188299812049,-0.8727824566582345,0.09392370300374253,2.1561593640202785,5.947838594232746,-0.9747004154414828,-0.4125188299812049,24.593980722465076,0.0,18.352992244896797,259,True
adipose_subcutaneous,raw,ENSG00000274397.1,ENSG00000274397,4.810625229155047,443.13462087546503,-0.9926633248464367,0.00579744706154884,4209.099225069014,141.51887961445382,0.0,1.7896887017236316,0.2029319777193281,-1.0,-0.4125188299812049,-0.9538524597681831,0.0832980100133705,2.6878370815760477,9.577702263422083,-1.0,-0.4125188299812049,440.21587216626244,0.0,89.33387756213882,714,True
adipose_visceral_omentum,excluded_at_or_below_-1,ENSG00000274397.1,ENSG00000274397,1.1501904908761853,12.96240452399643,-0.9063223427292368,0.06807402606563197,277.0250450866288,6.8532300776349855,0.0,1.4322536007183022,0.35856139504972995,-0.9752647369630228,-0.5764379636289191,-0.8736189919964257,0.07043423186508681,1.2955426216562422,1.881280457513994,-0.9752647369630228,-0.5764379636289191,12.962147737085472,0.0,4.647725775450067,191,True
adipose_visceral_omentum,raw,ENSG00000274397.1,ENSG00000274397,4.897435897435898,396.98784133852416,-0.9947071860494505,1.4004339813689735e-05,1279.5897435902343,42238.47856734601,,534.4892634401612,,-1.0,-0.5764379636289191,-0.958877729934101,0.07155784402903241,1.9470529182453251,3.7996429489823385,-1.0,-0.5764379636289191,0.0,0.0,0.0,587,True
adrenal_gland,excluded_at_or_below_-1,ENSG00000274397.1,ENSG00000274397,0.3295515679271991,8.084666453907348,-0.9190451861862173,0.04974071659125566,43.38379139796147,7.325912686346702,0.0,1.7160819253500397,0.22936119803564575,-0.9794032162371928,-0.661378199813673,-0.9021811859116803,0.05171793721029946,1.9145388353426418,5.359478598302699,-0.9794032162371928,-0.661378199813673,8.084574667343988,0.0,1.8542877313106496,99,True
adrenal_gland,raw,ENSG00000274397.1,ENSG00000274397,2.538461549831344,202.12756830091578,-0.9960670404260586,0.0014322333677435275,423.6923076941554,330.47791528183524,0.0,3.883476600252678,0.0005311802173582977,-1.0,-0.661378199813673,-0.9671726691703606,0.05506664499243629,1.9827860115805256,4.850967109081248,-1.0,-0.661378199813673,202.06975788967634,0.0,0.10733545791737686,295,True
artery_aorta,excluded_at_or_below_-1,ENSG00000274397.1,ENSG00000274397,1.6513850117232565,21.415458265787493,-0.8913100444690307,0.10023293324977732,363.82787371861355,11.422005025713322,0.0,1.1225449410853057,0.5325818329487249,-0.9708708513678652,-0.0817710202499224,-0.8063026955208183,0.13734047630096957,1.628074275692012,3.4731561291375614,-0.9708708513678652,-0.0817710202499224,21.414711820052602,0.0,11.405086473192338,215,True
artery_aorta,raw,ENSG00000274397.1,ENSG00000274397,5.089438186421785,246.12976243261593,-0.9885268847221612,0.008816023253817652,2358.838266320968,145.45633608017977,0.0,1.8404483247663255,0.18516080899676393,-1.0,-0.0817710202499224,-0.9117692363071525,0.13377342982829935,2.0005846082923138,4.853176479370245,-1.0,-0.0817710202499224,244.38979277602965,0.0,45.251411740961146,472,True
artery_coronary,excluded_at_or_below_-1,ENSG00000274397.1,ENSG00000274397,1.0875030070324132,9.529543771419613,-0.9087812173222856,0.0695033579142995,191.6381917171089,11.247146504150836,0.0,1.2559709214618477,0.45442377157728,-0.9705075356145758,-0.3560256294881424,-0.8300799966761679,0.12255867934405187,1.473039275010033,2.0945228811642176,-0.9705075356145758,-0.3560256294881424,9.529482982216487,0.0,4.330423597960321,112,True
artery_coronary,raw,ENSG00000274397.1,ENSG00000274397,2.8717948528955044,159.63677939920103,-0.9917803889013871,0.0008329013951015879,506.35897435897425,1079.4711215434975,0.0,13.956376542836823,0.0,-1.0,-0.3560256294881424,-0.9289886553273538,0.11530166577631369,2.073116243575234,4.605182278225494,-1.0,-0.3560256294881424,129.48944548720706,0.0,0.0,268,True
artery_tibial,excluded_at_or_below_-1,ENSG00000274397.1,ENSG00000274397,1.1483154508455318,35.80621692547437,-0.8914870799084194,0.09970791269675265,329.1995444629001,13.041048272877086,0.0,0.9920252338699715,0.6113874058862567,-0.9614289670769344,0.0279608289945529,-0.8317205754701193,0.12275646651961293,2.9992612329146553,13.874355772216454,-0.9614289670769344,0.0279608289945529,35.80505095912903,0.0,21.890757223527125,261,True
artery_tibial,raw,ENSG00000274397.1,ENSG00000274397,6.6935909367864825,464.6995266813349,-0.9871226178196228,9.125081414490007e-05,5492.307756529632,15731.85719905456,,199.57486076159904,,-1.0,0.0279608289945529,-0.936438596523446,0.11110311094496421,3.024379564571729,15.01899410673061,-1.0,0.0279608289945529,0.0,0.0,0.0,691,True
bladder,excluded_at_or_below_-1,ENSG00000274397.1,ENSG00000274397,0.09603421813824614,4.739814876969017,-1.0872712953941042,0.20549145059089802,55.05667868398312,3.1658024717106463,0.0,-0.8814859698025805,1.0,-0.9591875070401714,-0.6272662724579393,-0.8725966933572021,0.07441049834547177,1.240729017542109,1.4713291068037515,-0.9591875070401714,-0.6272662724579393,3.182330976410815,0.0,3.1823309764108147,43,True
bladder,raw,ENSG00000274397.1,ENSG00000274397,1.1025641055924,43.21898082355403,-0.9964432150922212,0.002110299454477871,89.58974359219377,247.40329533848646,0.0,2.3835733096322036,0.0587952722754746,-1.0,-0.6272662724579393,-0.9288526988877881,0.08435048929620706,1.233080457660635,1.2439024038096678,-1.0,-0.6272662724579393,42.91677346010491,0.0,2.523303380771729,77,True
brain_amygdala,excluded_at_or_below_-1,ENSG00000274397.1,ENSG00000274397,0.34891853536330525,5.114314922752896,-0.9292801954670599,0.09216620440435323,91.88907780123515,5.559199335912799,0.0,0.7616337013705909,0.7482326878973466,-0.9789168905670372,-0.5669796802192,-0.8829978021344416,0.07837372827569279,1.5693440613778307,2.9814620995054657,-0.9789168905670372,-0.5669796802192,5.1143050096970075,0.0,3.8266901841324574,77,True
brain_amygdala,raw,ENSG00000274397.1,ENSG00000274397,1.9743589593960624,125.98243401179191,-0.9949257507643693,0.0007370681249487947,228.97435897435895,821.100677730836,0.0,9.735968555674383,0.0,-1.0,-0.5669796802192,-0.9502255843334365,0.0771899534603965,1.9594455422484625,4.41767589035179,-1.0,-0.5669796802192,125.93756235610427,0.0,0.0,181,True
brain_anterior_cingulate_cortex_ba24,excluded_at_or_below_-1,ENSG00000274397.1,ENSG00000274397,0.43494602451931,7.384099185084653,-0.9280756740223748,0.09112059940093765,138.20592077854752,4.282439568881133,0.0,0.7410373155223159,0.7598786944372544,-0.9758221856988348,-0.6521495545189364,-0.8914884887269482,0.0636199420472317,1.243153343323301,1.877355359034249,-0.9758221856988348,-0.6521495545189364,7.383296193153545,0.0,5.610409471897067,131,True
brain_anterior_cingulate_cortex_ba24,raw,ENSG00000274397.1,ENSG00000274397,3.358974358977344,103.68325842276987,-0.995926525579604,0.001230129629563002,532.9743590155241,395.2218068905879,0.0,4.683053422061175,1.728887103630507e-05,-1.0,-0.6521495545189364,-0.9389913820739494,0.07196229320465797,1.243978746124132,1.4211737133655165,-1.0,-0.6521495545189364,103.67837290203586,0.0,0.0017924820183572443,233,True
brain_caudate_basal_ganglia,excluded_at_or_below_-1,ENSG00000274397.1,ENSG00000274397,0.3234135799692849,50.381970435767634,-1.2173996056592076,0.24694489034658354,111.6343090139793,3.7582028492129584,0.0,-1.3826786589398252,1.0,-0.975961226830836,-0.5611557290683321,-0.8880502701301644,0.0794272761666507,1.4077740967653734,1.9567631469002746,-0.975961226830836,-0.5611557290683321,19.32697188141525,0.0,19.326971881415243,190,True
brain_caudate_basal_ganglia,raw,ENSG00000274397.1,ENSG00000274397,4.871794894973328,251.03506103446026,-0.9968703094563784,0.0025251522332788412,1246.3589743609316,244.02230518528657,0.0,1.7527857348518723,0.21655575313940523,-1.0,-0.5611557290683321,-0.9290985044157708,0.08311367857353197,1.4805381026094862,2.22458734110804,-1.0,-0.5611557290683321,249.47805191377955,0.0,54.025907423940154,300,True
brain_cerebellar_hemisphere,excluded_at_or_below_-1,ENSG00000274397.1,ENSG00000274397,0.2074304501288515,14.108649652988198,-0.7263300262587467,0.3392632593569261,232.26595041382015,3.658848606485778,0.0,1.0129498277449387,0.5981791187282893,-0.9693319810336096,0.1514107455430382,-0.648426200145117,0.2047962531922489,0.8644679906146138,0.9186225032846385,-0.9693319810336096,0.1514107455430382,14.091164869035214,0.0,8.429040583214515,264,True
brain_cerebellar_hemisphere,raw,ENSG00000274397.1,ENSG00000274397,0.06835088265000377,14.53429927643717,-0.7389851919848409,0.36238110104538684,205.0432373846154,3.474822519997042,0.0,1.0186256413769643,0.5942666969842809,-1.0,0.1514107455430382,-0.6649260535679095,0.21334174944146894,0.7503408535653974,0.7153270283192517,-1.0,0.1514107455430382,14.499569420269113,0.0,8.61661122707761,277,True
brain_cerebellum,excluded_at_or_below_-1,ENSG00000274397.1,ENSG00000274397,0.3116752891046854,16.650912652261017,-0.5062627695144164,0.40301336137219956,478.1295133904324,4.693830240590016,0.0,1.6219480075003991,0.2683667286474678,-0.9684749387831114,0.8313543721260368,-0.4597648290174488,0.2804967817414812,0.6365603922193745,1.059140243466989,-0.9684749387831114,0.8313543721260368,16.65061175881326,0.0,4.468470207691775,263,True
brain_cerebellum,raw,ENSG00000274397.1,ENSG00000274397,0.33124479421314973,17.04936708456892,-0.5001401784830517,0.3979182001713884,364.5132861815013,4.732172720137463,0.0,1.776517230350832,0.20637815992707523,-1.0,0.8313543721260368,-0.46585770688567313,0.28470070239880524,0.5887098219065741,0.9762483567884392,-1.0,0.8313543721260368,17.04888724930076,0.0,3.5185179793148658,266,True
brain_cortex,excluded_at_or_below_-1,ENSG00000274397.1,ENSG00000274397,1.8962041747175695,12.005669238434518,-0.9261706700243174,0.03796118972100398,179.60959717876466,12.697594166446615,0.0,1.8770593091818468,0.17175785398910148,-0.9765558497802376,-0.5853340425322464,-0.8753554380741119,0.08337680769536136,1.493806475888187,2.129728426008098,-0.9765558497802376,-0.5853340425322464,12.005594739141076,0.0,2.062055188257718,156,True
brain_cortex,raw,ENSG00000274397.1,ENSG00000274397,4.00000000001407,114.11324127196201,-0.9952369670837398,0.002193571748451654,808.0000000291457,264.26775215640674,0.0,3.0707660932264806,0.008974420255296732,-1.0,-0.5853340425322464,-0.9279831419983757,0.08837303448445209,1.5328213220169111,2.414546967736383,-1.0,-0.5853340425322464,113.95071637207185,0.0,1.0226416171150943,270,True
brain_frontal_cortex_ba9,excluded_at_or_below_-1,ENSG00000274397.1,ENSG00000274397,0.32421778826651665,13.970349184633633,-0.9553508499659873,0.14919784896590774,153.91866912516335,5.302018832736047,0.0,0.1801319701908342,0.9839112905278155,-0.9743545585977768,-0.3959941685793765,-0.8688765749333768,0.08981451618425922,1.8575351424626485,5.282176349470259,-0.9743545585977768,-0.3959941685793765,13.970278986775629,0.0,13.74551522691203,159,True
brain_frontal_cortex_ba9,raw,ENSG00000274397.1,ENSG00000274397,4.076923118729289,254.73720235548956,-0.9963103245622298,0.004121010142769296,1208.7692317733597,206.01144381851165,0.0,1.2661917500992081,0.4517335448172384,-1.0,-0.3959941685793765,-0.9224958193844123,0.09448244277938408,1.729813622337052,4.3949193668467945,-1.0,-0.3959941685793765,252.97089341801328,0.0,114.2754384193029,269,True
brain_hippocampus,excluded_at_or_below_-1,ENSG00000274397.1,ENSG00000274397,0.6978358102952136,10.39464793907807,-0.9418837533074592,0.05962137023956529,162.17950961201524,8.094668543555809,0.0,1.0369217031212323,0.5841466177409351,-0.9855989985972096,-0.6006232513277865,-0.9023909254178002,0.07324593737720289,1.8422813710453563,3.499876212122773,-0.9855989985972096,-0.6006232513277865,10.394647530424315,0.0,6.071998197506527,125,True
brain_hippocampus,raw,ENSG00000274397.1,ENSG00000274397,3.205127779630229,148.71107082903518,-0.9958830596427183,0.002192046957803292,778.3589743739906,255.00447405567297,0.0,2.656071243375024,0.029465582533298947,-1.0,-0.6006232513277865,-0.9521524144204903,0.07077753107432,2.1126212210417417,5.212449255337697,-1.0,-0.6006232513277865,148.29157945597788,0.0,4.369497773453397,255,True
brain_hypothalamus,excluded_at_or_below_-1,ENSG00000274397.1,ENSG00000274397,0.15823180495986872,48.3760374201013,-1.2885311129624146,0.27157582332587094,159.41073918436007,3.2986761575875616,0.0,-1.6757293869352374,1.0,-0.9667355935044888,-0.6550760838089582,-0.8866867437582243,0.06857176847593877,1.1304480435903261,0.8212233714034594,-0.9667355935044888,-0.6550760838089582,11.671557611072068,0.0,11.671557611072062,145,True
brain_hypothalamus,raw,ENSG00000274397.1,ENSG00000274397,3.7179487144119414,150.84902797204253,-0.9968243187720508,0.001972692173709488,663.8974359281294,244.9976713260117,0.0,2.276630648305595,0.07642270604031211,-1.0,-0.6550760838089582,-0.9360683962838231,0.07625158778844028,1.2430563792383156,1.0662473205440257,-1.0,-0.6550760838089582,147.85490111587137,0.0,11.299471644597629,257,True
brain_nucleus_accumbens_basal_ganglia,excluded_at_or_below_-1,ENSG00000274397.1,ENSG00000274397,1.4870173093149657,18.6873289836929,-0.9269777815930009,0.05021108666931912,161.3732448756425,12.348815365603096,0.0,1.40937963669933,0.37041137027395254,-0.9770172416654492,-0.4885380331116913,-0.8785602483011204,0.09064621002523669,1.9199890012656513,4.062279291735182,-0.9770172416654492,-0.4885380331116913,18.686686136169307,0.0,6.921761017577745,185,True
brain_nucleus_accumbens_basal_ganglia,raw,ENSG00000274397.1,ENSG00000274397,4.743589719978893,332.93156278668994,-0.9968356034589224,0.002886421192993527,1661.435897435977,249.04241953712634,0.0,1.55040869155942,0.302910118306156,-1.0,-0.4885380331116913,-0.9211706874937098,0.09324321758841989,1.8318234473853137,4.148614184645781,-1.0,-0.4885380331116913,330.4226369274561,0.0,100.08836004272774,285,True
brain_putamen_basal_ganglia,excluded_at_or_below_-1,ENSG00000274397.1,ENSG00000274397,0.6939146582903273,13.344017449549387,-0.9589280108847799,0.09923582878438406,101.3595622331292,6.518402781515711,0.0,0.2648332896798981,0.9655486743709099,-0.9775114495466036,-0.5015295531237782,-0.8899379545467295,0.07736558394768862,1.744857339454951,4.2471725857989355,-0.9775114495466036,-0.5015295531237782,13.343889727452035,0.0,12.884175037292916,147,True
brain_putamen_basal_ganglia,raw,ENSG00000274397.1,ENSG00000274397,3.769232160039986,249.83591534783662,-0.9960420639746949,0.0024177044721077467,1026.9230769790227,289.2604566342432,0.0,2.315157568084446,0.06904940920727318,-1.0,-0.5015295531237782,-0.9363026744817686,0.08011882730913128,1.7412344123149084,4.046138001494488,-1.0,-0.5015295531237782,248.0821735933117,0.0,17.12992752147449,254,True
brain_spinal_cord_cervical_c-1,excluded_at_or_below_-1,ENSG00000274397.1,ENSG00000274397,0.35324203894514117,5.820990299128144,-0.9290967819609706,0.09251067081362858,58.50486131465729,5.741464747563468,0.0,0.6027951064693745,0.8338676646258277,-0.9685285772331634,-0.5535193095185369,-0.8774723386840702,0.07800385246675548,1.7019125264665715,3.6442003290992844,-0.9685285772331634,-0.5535193095185369,5.8209874538662865,0.0,4.8539332139717235,81,True
brain_spinal_cord_cervical_c-1,raw,ENSG00000274397.1,ENSG00000274397,2.076923076923578,146.28424162916477,-0.9954466430221448,0.0023551382288064813,294.769230773426,265.36855500872343,0.0,2.7342001049647626,0.023831681644613818,-1.0,-0.5535193095185369,-0.9513493109480867,0.07752253330572885,2.020274369529183,4.875147277727094,-1.0,-0.5535193095185369,146.11089738159674,0.0,3.482068391207052,204,True
brain_substantia_nigra,excluded_at_or_below_-1,ENSG00000274397.1,ENSG00000274397,0.6856636611212044,3.5218010843108365,-0.9467165143884501,0.03988479999300005,50.23114215028367,7.288371888205627,0.0,1.1368032839432152,0.5240554693663372,-0.9787775643018568,-0.7411639282939639,-0.9078670062976012,0.05790378039383101,1.0802252600250468,0.2506664912564611,-0.9787775643018568,-0.7411639282939639,3.5217901297538363,0.0,1.8456133794578802,64,True
brain_substantia_nigra,raw,ENSG00000274397.1,ENSG00000274397,1.6802437490913442,115.20293800920535,-0.9967705190426258,0.0024987442089413514,158.00510843210594,144.66559080965592,0.0,1.8277884358876821,0.1894376823546316,-1.0,-0.7411639282939639,-0.9677786251532594,0.05569239327782446,1.9410387037149077,3.265180525875243,-1.0,-0.7411639282939639,114.43250004019532,0.0,21.677827593660883,183,True
breast_mammary_tissue,excluded_at_or_below_-1,ENSG00000274397.1,ENSG00000274397,0.7633121657041624,18.387755364420507,-0.938936216707512,0.14772676595788362,139.97986205569765,5.697391248325883,0.0,0.2709337235303212,0.9639645883008694,-0.9672375736107084,-0.3437947148118544,-0.8474483926929327,0.1033785296232945,1.6253917002327307,3.3036876962785096,-0.9672375736107084,-0.3437947148118544,18.38772015480399,0.0,17.725111088817226,218,True
breast_mammary_tissue,raw,ENSG00000274397.1,ENSG00000274397,4.408612719489892,280.2785155150025,-0.9918056710808278,0.006520425041402645,2115.464301247375,140.54695470048733,0.0,1.7772662086376099,0.2074563204676507,-1.0,-0.3437947148118544,-0.9352991237491428,0.10107310223075394,2.017518903092841,4.817179910456056,-1.0,-0.3437947148118544,278.461743618862,0.0,57.768648722175406,514,True
cells_cultured_fibroblasts,excluded_at_or_below_-1,ENSG00000274397.1,ENSG00000274397,0.17333439358490782,43.106845554682806,-1.095875504515511,0.15834183439090305,99.6962211652353,4.918453194611325,0.0,-1.262845419883163,1.0,-0.9544815413569986,-0.5451829345095294,-0.8910034540864942,0.07066228514494603,2.4954684320162146,7.289498910279816,-0.9544815413569986,-0.5451829345095294,19.419547105196006,0.0,19.419547105196,129,True
cells_cultured_fibroblasts,raw,ENSG00000274397.1,ENSG00000274397,3.307692325001468,561.1464984433078,-0.9948058806490544,0.0017726716539491721,1166.3076963915275,358.7031286747794,0.0,4.143798437983445,0.0001876600873898206,-1.0,-0.5451829345095294,-0.9784347324803032,0.05357362164553817,3.6078853470337138,17.320814425280048,-1.0,-0.5451829345095294,558.5407279035164,0.0,0.10481580180914785,652,True
cells_ebv-transformed_lymphocytes,excluded_at_or_below_-1,ENSG00000274397.1,ENSG00000274397,1.4549887633913672,11.577717423609009,-0.9545253653115389,0.00466435878068378,135.07173808484015,73.24898881739725,0.0,5.348724486374817,6.135870708315693e-07,-0.9721665269346929,-0.712935570632071,-0.9096570370684299,0.049314076151973835,1.4777625753397874,2.6946784176682925,-0.9721665269346929,-0.712935570632071,11.572124914246224,0.0,7.100506229429371e-06,73,True
cells_ebv-transformed_lymphocytes,raw,ENSG00000274397.1,ENSG00000274397,1.9309898475802378,239.88659304682582,-0.9964314794000869,0.003270194974111713,378.00580467173745,122.59934414641964,0.0,1.5432260981245807,0.305288732469996,-1.0,-0.712935570632071,-0.9798316932905059,0.04423513678449867,2.579546778148175,7.394287269253827,-1.0,-0.712935570632071,238.86300197050915,0.0,72.92218310555458,327,True
cervix_ectocervix,excluded_at_or_below_-1,ENSG00000274397.1,ENSG00000274397,0.27115230372485954,1.5728381755897107,-0.9512696100058571,0.025787971354479234,8.884608480575594,22.24331249262039,0.0,0.2294392514042664,0.9740313566675628,-0.955453400205746,-0.5456661561499281,-0.8220607228768434,0.1252604104582169,0.8528322296593509,-0.2715790699236278,-0.955453400205746,-0.5456661561499281,1.5728233864372,0.0,1.5319792968898964,15,True
cervix_ectocervix,raw,ENSG00000274397.1,ENSG00000274397,0.3846153854441109,9.785329767295327,-0.9953477952069434,0.002877949742013343,13.230769298906921,220.97184791687914,0.0,2.2860757494240413,0.07339990242816867,-1.0,-0.5456661561499281,-0.8887879517980272,0.1315068702411392,1.1467047882324508,0.39333548627416937,-1.0,-0.5456661561499281,9.773218202817356,0.0,0.7173532624959958,24,True
cervix_endocervix,excluded_at_or_below_-1,ENSG00000274397.1,ENSG00000274397,0.3333333340567573,3430.804421656441,-0.9569666929124435,0.00422041373226995,16.666666694463974,134.90682908010155,0.0,-2.12431736566819,1.0,-0.9506271283514016,-0.5543665134379608,-0.8276590998702872,0.11979584354203952,0.9055644517157616,-0.2142792149398307,-0.9506271283514016,-0.5543665134379608,359.3108541744462,0.0,359.31085417439897,16,True
cervix_endocervix,raw,ENSG00000274397.1,ENSG00000274397,0.4102564102564103,9.995099566969355,-0.9955517054957455,0.0017385706185436365,23.4358974360322,358.8753171550493,0.0,3.618396831424748,0.0014353902203936152,-1.0,-0.5543665134379608,-0.8801106781706345,0.12790239485804786,1.0379915774213282,0.18428544484968512,-1.0,-0.5543665134379608,9.994307200046173,0.0,0.014345730814555757,23,True
colon_sigmoid,excluded_at_or_below_-1,ENSG00000274397.1,ENSG00000274397,0.9451121292323763,18.784548760016627,-0.8969295885438833,0.08558093205629662,272.75586919173486,10.107796393796688,0.0,1.2968215712112177,0.43133475219195117,-0.975406560995437,-0.2852577311726112,-0.8511589167968169,0.0996144896631146,2.067108944496588,6.478065583233411,-0.975406560995437,-0.2852577311726112,18.784505731129446,0.0,8.102410124585006,187,True
colon_sigmoid,raw,ENSG00000274397.1,ENSG00000274397,4.8563374201552705,221.28466534639517,-0.9910717570709843,0.0066961464920316524,1837.8846030850623,149.06659660544292,0.0,1.885628137526712,0.17026384115162965,-1.0,-0.2852577311726112,-0.9335721179976246,0.09951457028361455,2.1194042986474435,6.437732976804838,-1.0,-0.2852577311726112,219.6552458503005,0.0,37.39934588757784,419,True
colon_transverse,excluded_at_or_below_-1,ENSG00000274397.1,ENSG00000274397,1.1370566730944331,12.898396039868157,-0.9294040108675982,0.08653080450222479,288.96013877282945,6.6787096284010845,0.0,0.9082450824380771,0.6620278296771418,-0.984976365538471,-0.5207570196645563,-0.8786975443108123,0.08344548173652194,1.4744990325765335,2.6721474732965467,-0.984976365538471,-0.5207570196645563,12.898307298482408,0.0,8.539038387323146,185,True
colon_transverse,raw,ENSG00000274397.1,ENSG00000274397,4.031939696130801,276.56386293423657,-0.9940297323960264,0.0052654322843560504,1473.551238652912,127.11372075461144,0.0,1.6035214129752708,0.2778402693670274,-1.0,-0.5207570196645563,-0.9531504085542803,0.07858599524256064,2.112263783625021,5.072585546791803,-1.0,-0.5207570196645563,275.2033292142325,0.0,76.46256711958507,479,True
esophagus_gastroesophageal_junction,excluded_at_or_below_-1,ENSG00000274397.1,ENSG00000274397,0.21934676581113025,17.72593884460849,-0.9693330967052876,0.1798083587608622,158.53978183551936,4.332363944995424,0.0,-0.05004118193789535,1.0,-0.9629706751912356,-0.4185002725615403,-0.8579215269590255,0.08407999325090718,1.3254235985799514,2.72638280445841,-0.9629706751912356,-0.4185002725615403,17.702269808437702,0.0,17.702269808437702,208,True
esophagus_gastroesophageal_junction,raw,ENSG00000274397.1,ENSG00000274397,5.337060804973584,268.77252953059826,-0.9927764601119231,7.656470709903404e-05,1678.667208534415,10607.356884826546,0.0,133.42476534061078,0.0,-1.0,-0.4185002725615403,-0.9266691752046583,0.09324215297239313,1.398515063214737,2.1294160615407653,-1.0,-0.4185002725615403,7.16315895488151e-12,0.0,0.0,403,True
esophagus_mucosa,excluded_at_or_below_-1,ENSG00000274397.1,ENSG00000274397,1.1962866060048705,18.25871034614049,-0.9242533417622499,0.11017915453681697,291.4225740568791,4.906575738500677,0.0,0.5825267027023061,0.8439500630607486,-0.9696370810407504,-0.5419897424571245,-0.8681009608272167,0.07864913402208683,1.2501177094713642,1.5161323944926703,-0.9696370810407504,-0.5419897424571245,18.258459458982593,0.0,15.409228011800481,288,True
esophagus_mucosa,raw,ENSG00000274397.1,ENSG00000274397,7.384615433254127,551.6127562673804,-0.9961569684650547,0.002540449176724751,2547.2307692396766,252.82515253221754,0.0,2.139333219944209,0.10143755346292053,-1.0,-0.5419897424571245,-0.9381320467723752,0.08506362125491652,1.5091294441772096,2.0612184635432573,-1.0,-0.5419897424571245,551.5788847958378,0.0,55.950812615495884,614,True
esophagus_muscularis,excluded_at_or_below_-1,ENSG00000274397.1,ENSG00000274397,1.1953653016752557,26.85268749442059,-0.9057483096913131,0.07963230272369923,291.66452066771336,10.206069293077427,0.0,1.1358237788795267,0.5246374665678841,-0.9697048898055184,-0.3310594358258969,-0.8615792488520779,0.09579872932226892,2.2764186191549154,7.480539531532605,-0.9697048898055184,-0.3310594358258969,26.852686593770727,0.0,14.087925465097259,255,True
esophagus_muscularis,raw,ENSG00000274397.1,ENSG00000274397,4.342303102024382,291.5526704044484,-0.9916455052406682,0.006541067627026029,4076.8975486954046,142.82221676186117,0.0,1.806286139988112,0.19699223951796271,-1.0,-0.3310594358258969,-0.9370814767509446,0.09445409761370276,2.2670988928067892,7.5491793790637285,-1.0,-0.3310594358258969,289.59309341894556,0.0,57.047592021532665,561,True
fallopian_tube,excluded_at_or_below_-1,ENSG00000274397.1,ENSG00000274397,0.27622533028772245,3.8833712886519978,-0.816289769469266,0.012663179799198095,7.422716217407744,29.071926947485743,0.0,14.427940154518271,0.0,-0.945480724194768,-0.5559733308209133,-0.7974329327606917,0.09663805091437534,0.9590577001916344,0.9644209061236344,-0.945480724194768,-0.5559733308209133,3.8822898449041263,0.0,0.0,20,True
fallopian_tube,raw,ENSG00000274397.1,ENSG00000274397,0.5128205157446076,11.935830433444355,-0.9963105749353224,0.0031863860292027594,31.74359111734926,195.4348584689214,0.0,1.6374773539701608,0.2616787524210918,-1.0,-0.5559733308209133,-0.8602985743177183,0.12423041921200709,0.5672828043098741,-0.17050980014795325,-1.0,-0.5559733308209133,11.935491710786053,0.0,3.1232645804107766,29,True
heart_atrial_appendage,excluded_at_or_below_-1,ENSG00000274397.1,ENSG00000274397,1.0638122890221495,14.064421783215675,-0.9641118091493156,0.08693001023010259,157.9439308574893,5.455387066326607,0.0,0.22790606888842826,0.9743637567140614,-0.97812092165332,-0.6287757141615424,-0.9004141584834492,0.06802019497492043,1.398126860514135,1.8033839243685756,-0.97812092165332,-0.6287757141615424,14.064416668448441,0.0,13.70385786106129,189,True
heart_atrial_appendage,raw,ENSG00000274397.1,ENSG00000274397,4.846153845521053,395.6576482772946,-0.9966741231903358,0.0020974581805122293,1251.0769233328888,248.05592047463008,0.0,2.2424762194117824,0.08187032806767866,-1.0,-0.6287757141615424,-0.9591719651916961,0.06553710607175578,1.9765728413002133,4.044021634131514,-1.0,-0.6287757141615424,391.0432485204512,0.0,32.014839045020125,461,True
heart_left_ventricle,excluded_at_or_below_-1,ENSG00000274397.1,ENSG00000274397,0.24236665005826322,26.36607072087977,-0.9755446171509161,0.07398535365847282,49.48536427794099,9.926035517407195,0.0,0.0015093334367132737,1.0,-0.9756235787526676,-0.45625865658523,-0.9216906797884344,0.064968999696466,3.9254684595055473,21.09856203501684,-0.9756235787526676,-0.45625865658523,26.36604068878982,0.0,26.36604068878982,143,True
heart_left_ventricle,raw,ENSG00000274397.1,ENSG00000274397,3.6315709183327685,383.6403538544314,-0.9966275326560796,0.0071684581842000545,2188.841871176739,106.60548943537995,0.0,0.6653298287970466,0.8024937236702006,-1.0,-0.45625865658523,-0.9752251486941286,0.051558188683589405,4.305410199348856,29.94455465203211,-1.0,-0.45625865658523,383.14169808779366,0.0,307.4688079917973,452,True
kidney_cortex,excluded_at_or_below_-1,ENSG00000274397.1,ENSG00000274397,0.24908741695504427,3.8555735655556433,-0.9543789265550842,0.07265015964167969,56.31398430037786,5.9860174943055275,0.0,0.42200089942761987,0.9148172722283969,-0.9760577122265376,-0.6468687045137731,-0.8998089301504031,0.08008617640744028,1.8638569992212741,2.8661849794231316,-0.9760577122265376,-0.6468687045137731,3.8555293750370856,0.0,3.527104865867883,50,True
kidney_cortex,raw,ENSG00000274397.1,ENSG00000274397,1.2820512820512786,56.33195097757377,-0.995996153409655,0.0015933812255107419,107.89743589743625,309.8698323541576,0.0,3.5536342835421397,0.0018212915680361568,-1.0,-0.6468687045137731,-0.9518312164184629,0.07470878171874232,2.2575619163463414,5.5001344597358965,-1.0,-0.6468687045137731,55.99783074687906,0.0,0.10198837696760665,104,True
kidney_medulla,excluded_at_or_below_-1,ENSG00000274397.1,ENSG00000274397,,,,,,,,,,-0.9633799190644728,-0.8695052984365823,,,,,,,,,,6,False
kidney_medulla,raw,ENSG00000274397.1,ENSG00000274397,0.15384615384615383,4.982869980196042,-0.9984440656547385,0.00045114845388120764,5.076923076923077,404.183926037787,0.0,4.877382232613078,6.860563239557149e-06,-1.0,-0.8695052984365823,-0.960432143729296,0.044422539158790145,0.6869554159006352,-0.5796730542785089,-1.0,-0.8695052984365823,4.959467219197927,0.0,3.4024738491816864e-05,11,True
liver,excluded_at_or_below_-1,ENSG00000274397.1,ENSG00000274397,0.37899856004857313,6.729274063808914,-0.97699060290162,0.10485706852089491,101.32710663123066,4.013812005797452,0.0,-0.00440853713132716,1.0,-0.9766637312802782,-0.6793859329141183,-0.9035302963594574,0.06296713461007872,1.40951912814686,1.8035510712226266,-0.9766637312802782,-0.6793859329141183,6.727072790874674,0.0,6.727072790874674,99,True
liver,raw,ENSG00000274397.1,ENSG00000274397,2.5384653306604097,181.37851634346947,-0.9966481900907861,0.0018736587328850285,341.6923081526297,239.46547952063804,0.0,2.5299030975658146,0.04098306060760016,-1.0,-0.6793859329141183,-0.9635477074030011,0.060703178599261616,2.0212648283528756,4.232164694225818,-1.0,-0.6793859329141183,180.36412246974467,0.0,7.391873762614097,262,True
lung,excluded_at_or_below_-1,ENSG00000274397.1,ENSG00000274397,1.501918237000179,17.544229675958487,-0.8900367954302666,0.09668173865604957,370.82584864482897,6.913590930915951,0.0,1.1988286366818797,0.4874469677865857,-0.9719938916064436,-0.4173939009327595,-0.836144846465994,0.10751826263001174,1.6304183141384079,2.9435084285880917,-0.9719938916064436,-0.4173939009327595,17.543856485025124,0.0,8.551699646908524,252,True
lung,raw,ENSG00000274397.1,ENSG00000274397,6.461538509935395,438.18281860442175,-0.992710880504911,1.3425567799550061e-05,2037.692307692308,60602.35867281001,,767.8164381292323,,-1.0,-0.4173939009327595,-0.9316365915719046,0.1065406722027142,1.9843485111835215,4.47602204017199,-1.0,-0.4173939009327595,0.0,0.0,0.0,604,True
minor_salivary_gland,excluded_at_or_below_-1,ENSG00000274397.1,ENSG00000274397,0.2379600383327605,6.7674215346473785,-0.9715417310858867,0.12161758734549033,74.40961079626611,4.09334789713343,0.0,-0.11463825645437761,1.0,-0.9616832284251714,-0.6195276444865889,-0.8847102723324759,0.06616002898374118,1.5232468049655536,2.7433550081983045,-0.9616832284251714,-0.6195276444865889,6.7215428128723875,0.0,6.721542812872386,87,True
minor_salivary_gland,raw,ENSG00000274397.1,ENSG00000274397,2.2307692367769993,92.16342459685963,-0.9952439293474054,2.525857240297251e-06,300.92309302552684,210361.47933367352,,2662.897773158572,,-1.0,-0.6195276444865889,-0.9445844955410243,0.07367291310918035,1.5047957176014548,2.402379924844551,-1.0,-0.6195276444865889,0.0,0.0,0.0,181,True
muscle_skeletal,excluded_at_or_below_-1,ENSG00000274397.1,ENSG00000274397,0.952312175556162,29.43278456794429,-0.9403293156311191,0.07906282972161896,289.32987665040537,7.284618869971932,0.0,0.6016714476492216,0.8344383206918756,-0.9739662771760408,-0.5330764108173417,-0.8998165619885917,0.06429833439572873,2.02698434422807,5.9880661713738945,-0.9739662771760408,-0.5330764108173417,29.432554547024925,0.0,24.559651389891506,310,True
muscle_skeletal,raw,ENSG00000274397.1,ENSG00000274397,7.143828001794164,484.67944554328835,-0.994197645211003,0.005030077364326413,5514.954772368716,129.64490530556,0.0,1.6313404828513942,0.26556137451726564,-1.0,-0.5330764108173417,-0.9620331714137695,0.06267930570878469,2.245726018985873,6.849943850861887,-1.0,-0.5330764108173417,482.39397182980326,0.0,128.1052062179657,818,True
nerve_tibial,excluded_at_or_below_-1,ENSG00000274397.1,ENSG00000274397,2.484266452983415,38.2052335646081,-0.8652613565948551,0.1281322355334675,1430.2877611546865,9.178774726490674,0.0,1.2466977771837546,0.45973415121952776,-0.9782161305238414,-0.0336352454792086,-0.784672860503498,0.15678102985685316,1.8517954164671655,4.143721086576963,-0.9782161305238414,-0.0336352454792086,38.20443947250213,0.0,17.56388555370859,428,True
nerve_tibial,raw,ENSG00000274397.1,ENSG00000274397,10.948717994295652,1191.1259090799815,-0.9869897421639737,0.0007277089188094394,8409.897435897714,1852.7282325558906,0.0,25.28384991045912,0.0,-1.0,-0.0336352454792086,-0.8624477377544733,0.16248959172727145,1.7657274980493636,4.019535687263086,-1.0,-0.0336352454792086,1167.0977561895065,0.0,0.0,670,True
ovary,excluded_at_or_below_-1,ENSG00000274397.1,ENSG00000274397,0.8521882483581508,8.620827922914586,-0.8442372005624944,0.13534883771295853,116.99182384547572,6.788014995877118,0.0,1.2128772077154817,0.4792503649467487,-0.9603169248138732,-0.194582887724192,-0.7701163216397751,0.14705464947245137,1.2666171768093384,1.4208276810985936,-0.9603169248138732,-0.194582887724192,8.620798395398776,0.0,4.131520777127209,130,True
ovary,raw,ENSG00000274397.1,ENSG00000274397,3.3333333327220034,122.5344566020148,-0.993111285798012,0.0037474793754672616,534.6666666666667,301.3464724819868,0.0,2.5996442076613238,0.03414565559478032,-1.0,-0.194582887724192,-0.8451560715708328,0.16189290131098966,1.189614163910922,1.2268484489716949,-1.0,-0.194582887724192,122.29512513944934,0.0,4.175847223932197,193,True
pancreas,excluded_at_or_below_-1,ENSG00000274397.1,ENSG00000274397,0.5915965044486647,14.974484734956013,-0.934074378464821,0.05382332661319491,81.33026510160202,11.351258846828191,0.0,1.3030700783140583,0.42785403175598746,-0.9836677130862832,-0.5020586429075,-0.905597744699425,0.07017133597388023,2.914362208545844,12.562013448962261,-0.9836677130862832,-0.5020586429075,14.974145931646603,0.0,6.406748708957516,131,True
pancreas,raw,ENSG00000274397.1,ENSG00000274397,3.358974342263125,239.5259608581739,-0.9942596191979362,0.002144955832135968,1066.9743589755747,324.51824212625047,0.0,3.7847513043571577,0.0007764119726924296,-1.0,-0.5020586429075,-0.965837857888466,0.061942097534339484,3.099055787989037,15.128812072190108,-1.0,-0.5020586429075,239.2042704902654,0.0,0.1857210595278005,362,True
pituitary,excluded_at_or_below_-1,ENSG00000274397.1,ENSG00000274397,0.5825157774045533,15.729295143904412,-0.8959432697838561,0.14183230001569958,120.11103480381198,7.292890186243391,0.0,0.6783462203368471,0.7944726327176493,-0.963975006430396,-0.1645350748708313,-0.8244416106248008,0.11945860992622123,1.945926891096527,5.769836427068732,-0.963975006430396,-0.1645350748708313,15.729294234610759,0.0,12.496493801361753,172,True
pituitary,raw,ENSG00000274397.1,ENSG00000274397,4.4102563396770105,255.80124979438455,-0.9942232540294884,0.005891400618914171,1413.4359023105717,199.16423129328277,0.0,1.3866910479069445,0.38276649652057904,-1.0,-0.1645350748708313,-0.9035270192570789,0.12439981384454696,1.8393782454083785,4.962538570633331,-1.0,-0.1645350748708313,255.51340887110769,0.0,97.80197232762413,313,True
prostate,excluded_at_or_below_-1,ENSG00000274397.1,ENSG00000274397,0.3672444661608002,45.9835697400222,-1.3138171009248791,0.34973412365568673,188.80592724869427,3.8079592047149005,0.0,-1.4371785594381163,1.0,-0.9584037479526434,-0.3721111869023791,-0.8324910510154693,0.11584938480033849,1.4179353176098475,1.8399404647472801,-0.9584037479526434,-0.3721111869023791,16.33886952675083,0.0,16.338869526750823,161,True
prostate,raw,ENSG00000274397.1,ENSG00000274397,4.128225120102406,268.30953155767025,-0.9918476952559898,0.0003331346718637899,1114.3589743745615,2630.8872934420247,0.0,34.607925584806104,0.0,-1.0,-0.3721111869023791,-0.9043654582038672,0.12058206143783637,1.5628756107531274,2.417491544500643,-1.0,-0.3721111869023791,164.1467797458202,0.0,0.0,282,True
skin_not_sun_exposed_suprapubic,excluded_at_or_below_-1,ENSG00000274397.1,ENSG00000274397,1.7870698559084037,34.25675595582647,-0.8900058910504395,0.10424898788069138,1063.3274454802142,8.876636064143765,0.0,1.1646610346176587,0.5075369361797056,-0.9758590728564688,-0.2356631877324102,-0.8384548661651356,0.10389099155622221,1.7621326790338168,4.999630993760275,-0.9758590728564688,-0.2356631877324102,34.255664117460995,0.0,17.386014812977233,372,True
skin_not_sun_exposed_suprapubic,raw,ENSG00000274397.1,ENSG00000274397,9.538461538477772,496.4189483367523,-0.993323442355722,0.0036814558354002673,6955.692307696319,291.05154473293896,0.0,2.564767524768439,0.03753310676960673,-1.0,-0.2356631877324102,-0.907688494951506,0.11207764350610368,1.6051722270817783,3.7528344394152606,-1.0,-0.2356631877324102,493.21041307275635,0.0,18.511719093741597,651,True
skin_sun_exposed_lower_leg,excluded_at_or_below_-1,ENSG00000274397.1,ENSG00000274397,1.8386727799078784,56.53872247459896,-0.8952879704074327,0.08814094403410719,1857.2084591809307,14.877946197810177,0.0,1.3647103908047669,0.3940893352722713,-0.9803436263416342,0.0319809075427599,-0.8409170806852511,0.12197583462287488,2.4710744442608865,9.237235539191415,-0.9803436263416342,0.0319809075427599,56.5364853229246,0.0,22.280425919541877,393,True
skin_sun_exposed_lower_leg,raw,ENSG00000274397.1,ENSG00000274397,9.438423588754514,143513281711.9192,-1.3735723126268007,0.08679793212206582,12481.906731662406,22.900919157907474,0.0,-6.086677621546658,1.0,-1.0,0.0319809075427599,-0.91708277547653,0.11861341820691793,2.433699099393992,9.276170148024288,-1.0,0.0319809075427599,1294.4888541917885,0.0,1294.4888541917517,754,True
small_intestine_terminal_ileum,excluded_at_or_below_-1,ENSG00000274397.1,ENSG00000274397,0.5116212723480543,4.497886047332539,-0.9504285799575971,0.13326025607025124,49.73293953507967,3.931937662241956,0.0,0.1751516009286706,0.9847761038327406,-0.9669329805742216,-0.5799251187664966,-0.8574025344033408,0.0904228912225741,1.1232885323384607,0.6855520436726033,-0.9669329805742216,-0.5799251187664966,4.495887726543327,0.0,4.427442798614775,83,True
small_intestine_terminal_ileum,raw,ENSG00000274397.1,ENSG00000274397,1.6782767426138583,121.64060736482284,-0.9947490535901823,0.0014556918612579658,188.71787976079523,403.00399434648483,0.0,5.10132661018068,2.3605756855029733e-06,-1.0,-0.5799251187664966,-0.9428232384322575,0.09034617724760174,1.7687995509824603,2.7242650626645686,-1.0,-0.5799251187664966,115.11242945366413,0.0,0.00027173160206750424,207,True
spleen,excluded_at_or_below_-1,ENSG00000274397.1,ENSG00000274397,1.370497891808152,8.987017335975551,-0.9199755459273272,0.06782256092619106,204.1455533492543,8.792575342435205,0.0,0.9161712039843711,0.6572734110283102,-0.9639130946500136,-0.4983030399305894,-0.8476191655241339,0.09809765798781779,1.1809005133274149,0.8214983971722503,-0.9639130946500136,-0.4983030399305894,8.986750954224899,0.0,5.90675245374532,131,True
spleen,raw,ENSG00000274397.1,ENSG00000274397,3.3589743692584637,178.78577421254911,-0.9933130976099841,0.0008746878172870325,612.9743589743591,800.3426173838702,0.0,10.811523681165898,0.0,-1.0,-0.4983030399305894,-0.9279354176305471,0.10169351689042104,1.5842866940779496,2.094766737797417,-1.0,-0.4983030399305894,178.7428249274044,0.0,0.0,277,True
stomach,excluded_at_or_below_-1,ENSG00000274397.1,ENSG00000274397,0.6337576257855673,9.174690357141193,-0.8968473223555208,0.07006277462000281,78.86486311855333,5.734089966146974,0.0,1.56668251595839,0.29310290352267554,-0.974463692992287,-0.6127698225790146,-0.8728025084225499,0.0692332408483884,1.425429723481581,2.319888821733035,-0.974463692992287,-0.6127698225790146,9.174545626189799,0.0,2.6890859615374927,144,True
stomach,raw,ENSG00000274397.1,ENSG00000274397,3.6923070610434405,311.3702452478562,-0.995905412810641,0.0017435262127715437,670.30769238844,310.76994653959025,0.0,3.3212123185150326,0.004087167336847311,-1.0,-0.6127698225790146,-0.9549964648964304,0.073460121662484,1.8190774523203115,3.3552455431728276,-1.0,-0.6127698225790146,306.63564005098266,0.0,1.2532711723296446,407,True
testis,excluded_at_or_below_-1,ENSG00000274397.1,ENSG00000274397,-0.16404045557630276,19.641135249299822,-0.44556401344127794,0.5207509958417036,285.127631458473,3.0050721372000724,0.0,1.394228885939939,0.3714729258479223,-0.9589561206179082,0.6609833636020817,-0.392403797001281,0.3115087872327545,0.36362866065174565,-0.28820341978399755,-0.9589561206179082,0.6609833636020817,19.426225346094885,0.0,7.216316767494935,404,True
testis,raw,ENSG00000274397.1,ENSG00000274397,-0.15756555670244968,20.17555376693187,-0.4486909811391747,0.524762653693923,468.5932289764436,2.9905262828895856,0.0,1.4857549142327857,0.32390388526878794,-1.0,0.6609833636020817,-0.4070800337886896,0.32157587977222735,0.2961798396478446,-0.3191851366468881,-1.0,0.6609833636020817,19.944953962449624,0.0,6.46024807994454,414,True
thyroid,excluded_at_or_below_-1,ENSG00000274397.1,ENSG00000274397,2.336604787149592,29.92373642760645,-0.8785823338937696,0.10950095890396486,516.3801499965045,7.671937192429849,0.0,1.0700978205340972,0.5640888014242692,-0.9614387995557876,-0.2845529018662815,-0.8150158964730609,0.11771262630811274,1.5266493947605295,2.635214568832313,-0.9614387995557876,-0.2845529018662815,29.923404808250286,0.0,16.87945755281912,388,True
thyroid,raw,ENSG00000274397.1,ENSG00000274397,9.948690025316257,370.17722829647187,-0.9929005728350048,0.003631033279501126,5663.897435959487,275.88700131577866,0.0,2.76508239087132,0.02187305074202011,-1.0,-0.2845529018662815,-0.895067496829748,0.1275285038310897,1.4886463919256145,2.4537215453092687,-1.0,-0.2845529018662815,370.05125824643915,0.0,8.094149948772753,684,True
uterus,excluded_at_or_below_-1,ENSG00000274397.1,ENSG00000274397,0.4239643463881134,6.198555033675394,-0.8521847510897806,0.17725559640449565,76.53756354383927,4.9130923559698445,0.0,0.8842069898117558,0.6764426020582407,-0.9630100475613458,-0.2363844653914518,-0.7794148817632004,0.13467584580474506,1.2424592905538887,1.7724386334358009,-0.9630100475613458,-0.2363844653914518,6.198481918618733,0.0,4.192917237841412,104,True
uterus,raw,ENSG00000274397.1,ENSG00000274397,2.666666564563515,100.27897211939623,-0.9942289432684599,0.004295191362239832,384.66666666683204,249.52414185903228,0.0,1.9001497280699613,0.16770088431854147,-1.0,-0.2363844653914518,-0.8500597889109336,0.15150181245739502,1.0980955318022154,1.1651917106639855,-1.0,-0.2363844653914518,98.3217108105563,0.0,16.488637850642068,153,True
vagina,excluded_at_or_below_-1,ENSG00000274397.1,ENSG00000274397,0.016050610462296475,1828.9648659235493,-3.435357378069849,1.068426936278993,91.93151199384897,4.2201963373378515,0.0,-3.2858469325137882,1.0,-0.95292653127724,-0.2470330944082549,-0.767980869992394,0.1594498360827553,1.157593888819247,0.934013100252967,-0.95292653127724,-0.2470330944082549,8.025737285767889,0.0,8.025737285767889,98,True
vagina,raw,ENSG00000274397.1,ENSG00000274397,2.5128205070109657,78.3143029840457,-0.9920197635329175,0.004140508660102349,299.74358975947416,254.45430447118358,0.0,2.7256937659474354,0.024636821928461502,-1.0,-0.2470330944082549,-0.8662477956426742,0.1667747181646797,1.4081061768736882,1.5950367017246903,-1.0,-0.2470330944082549,77.44284119506682,0.0,1.9079454881569942,170,True
whole_blood,excluded_at_or_below_-1,ENSG00000274397.1,ENSG00000274397,0.4131253442285493,4.085834909837218,-0.9158680059543007,0.10051617108874096,71.72041237735223,4.011044610490932,0.0,0.6667676665880851,0.8006230293556091,-0.9632589620548386,-0.6307803381227615,-0.8675453068458565,0.0702562851036077,1.0694222603966417,0.8680878910279772,-0.9632589620548386,-0.6307803381227615,4.0845055440697156,0.0,3.270149202112876,82,True
whole_blood,raw,ENSG00000274397.1,ENSG00000274397,2.102593868569969,768.8157820557685,-0.9955321353915432,0.0005688199741574705,211.5897436242982,906.8544742324219,0.0,11.108109790775366,0.0,-1.0,-0.6307803381227615,-0.9864741160166379,0.04592538762477178,3.9756630609714785,17.23483728646828,-1.0,-0.6307803381227615,715.0822792640857,0.0,0.0,803,True
adipose_subcutaneous,excluded_at_or_below_-1,ENSG00000274398.1,ENSG00000274398,,,,,,,,,,-0.9723717351377728,-0.9136605219212076,,,,,,,,,,7,False
adipose_subcutaneous,raw,ENSG00000274398.1,ENSG00000274398,0.1794871794871795,779.8663434040151,-0.9989875952874846,0.00021313291457838386,5.743589743589743,566.1758280315449,0.0,6.7176694781402375,1.5881474151576253e-10,-1.0,-0.9136605219212076,-0.99955412869897,0.004821361542816393,12.539272261941752,178.1854034383584,-1.0,-0.9136605219212076,779.6644870641056,0.0,1.2382221398210547e-07,714,True
adipose_visceral_omentum,excluded_at_or_below_-1,ENSG00000274398.1,ENSG00000274398,,,,,,,,,,-0.967254497331792,-0.9259056464261266,,,,,,,,,,4,False
adipose_visceral_omentum,raw,ENSG00000274398.1,ENSG00000274398,0.102564099915879,606.5402473469159,-0.999154609035869,0.0004051600073928393,3.5897436079062413,255.6759661918404,0.0,2.950842494734957,0.012891603752508186,-1.0,-0.9259056464261266,-0.9996385255405036,0.0046293643027788935,13.829636934205933,199.37941393352676,-1.0,-0.9259056464261266,604.9915090166542,0.0,7.799310807874686,587,True
adrenal_gland,excluded_at_or_below_-1,ENSG00000274398.1,ENSG00000274398,,,,,,,,,,-0.9793321057604406,-0.9450695816420068,,,,,,,,,,3,False
adrenal_gland,raw,ENSG00000274398.1,ENSG00000274398,-0.3005412963254323,275.1608419126211,-0.9993162492293118,0.0006650951374579101,314.46074058399336,115.3464650316537,0.0,1.4538816459945396,0.34891354414756853,-1.0,-0.9450695816420068,-0.9996412355922661,0.0038336277120369585,11.946662870717226,152.41895946213984,-1.0,-0.9450695816420068,274.0747825234651,0.0,95.62840373173627,295,True
artery_aorta,excluded_at_or_below_-1,ENSG00000274398.1,ENSG00000274398,,,,,,,,,,-0.9631056706481594,-0.874469238140733,,,,,,,,,,7,False
artery_aorta,raw,ENSG00000274398.1,ENSG00000274398,0.1794871780989315,520.6346124468996,-0.9986544488188507,0.0006639542816003315,5.743589747793573,264.5128046525222,0.0,2.8660056603022084,0.016749808108781218,-1.0,-0.874469238140733,-0.9988235944423077,0.01025142707796233,9.42668456836553,92.54888230798456,-1.0,-0.874469238140733,511.5384381981481,0.0,8.568170680084988,472,True
artery_coronary,excluded_at_or_below_-1,ENSG00000274398.1,ENSG00000274398,,,,,,,,,,-0.9546185408038164,-0.9546185408038164,,,,,,,,,,1,False
artery_coronary,raw,ENSG00000274398.1,ENSG00000274398,0.025641020426717537,276.02600085717177,-0.9994736256635849,0.00022395393349962164,0.9743589765464133,283.2487394117947,0.0,3.3239234239432505,0.003990172493131418,-1.0,-0.9546185408038164,-0.9998306661970292,0.0027721138270380475,16.27893563223202,263.0037453183527,-1.0,-0.9546185408038164,275.9397157926055,0.0,1.1010470637181748,268,True
artery_tibial,excluded_at_or_below_-1,ENSG00000274398.1,ENSG00000274398,,,,,,,,,,-0.933648994916669,-0.8823741019753157,,,,,,,,,,4,False
artery_tibial,raw,ENSG00000274398.1,ENSG00000274398,0.10256410256245639,778.834326788871,-0.9987269437676116,0.0005565924213405156,3.5897436058177457,295.6342209745034,0.0,3.234635112657867,0.0055033295521414866,-1.0,-0.8823741019753157,-0.9995011103890906,0.006701914078899437,14.033449512298569,204.62385886784008,-1.0,-0.8823741019753157,756.5496708362936,0.0,4.163542161176282,691,True
bladder,excluded_at_or_below_-1,ENSG00000274398.1,ENSG00000274398,,,,,,,,,,,,,,,,,,,,,0,False
bladder,raw,ENSG00000274398.1,ENSG00000274398,0.0,77.0,-0.9875,1.0001e-06,0.0,-17675.90193946968,0.0,,,-1.0,-1.0,-1.0,0.0,,,,-1.0,6.288505735813509e-188,0.0,,77,True
brain_amygdala,excluded_at_or_below_-1,ENSG00000274398.1,ENSG00000274398,,,,,,,,,,-0.9824614367218952,-0.9699408326362984,,,,,,,,,,4,False
brain_amygdala,raw,ENSG00000274398.1,ENSG00000274398,0.10256404387553947,207.5380002382194,-0.9996952339774947,0.00017757557762979682,3.5897436176541935,236.9643307861682,0.0,2.4271594558802527,0.0525955486957408,-1.0,-0.9699408326362984,-0.9995004155087668,0.003402319906907975,6.9430787285626,48.35911893766209,-1.0,-0.9699408326362984,207.44925028624598,0.0,10.910907145325448,181,True
brain_anterior_cingulate_cortex_ba24,excluded_at_or_below_-1,ENSG00000274398.1,ENSG00000274398,,,,,,,,,,-0.9788415389774204,-0.9155737458357682,,,,,,,,,,4,False
brain_anterior_cingulate_cortex_ba24,raw,ENSG00000274398.1,ENSG00000274398,0.10256410256410256,259.783484157473,-0.9990028230097581,0.00016345020232742783,3.5897435897435894,721.8500237728324,0.0,8.627834065704787,6.877163964691595e-17,-1.0,-0.9155737458357682,-0.999294846095716,0.006291758354633422,11.141194947605547,136.9317446679593,-1.0,-0.9155737458357682,258.70146561813965,0.0,1.7791323969618134e-14,233,True
brain_caudate_basal_ganglia,excluded_at_or_below_-1,ENSG00000274398.1,ENSG00000274398,,,,,,,,,,-0.978332663364468,-0.945932282596403,,,,,,,,,,5,False
brain_caudate_basal_ganglia,raw,ENSG00000274398.1,ENSG00000274398,0.12820512820512697,329.4885272576233,-0.9994031219294639,0.00023702280742669265,4.358974358974372,319.0375938808133,0.0,3.561315772097083,0.0018004411342769802,-1.0,-0.945932282596403,-0.9994477612486573,0.004503743763774976,8.983368492925395,86.6892431736057,-1.0,-0.945932282596403,322.39583438562323,0.0,0.5804547217473349,300,True
brain_cerebellar_hemisphere,excluded_at_or_below_-1,ENSG00000274398.1,ENSG00000274398,,,,,,,,,,-0.972990366807978,-0.8917632745757462,,,,,,,,,,8,False
brain_cerebellar_hemisphere,raw,ENSG00000274398.1,ENSG00000274398,0.2051282051280641,313.77493728232446,-0.9988409657633359,0.0004930018182225303,8.358974414765957,307.1605773200919,0.0,3.3247786847008545,0.00407037703641966,-1.0,-0.8917632745757462,-0.9980684307348862,0.012281180862584413,6.914325881304211,48.76819393337257,-1.0,-0.8917632745757462,306.62299493768404,0.0,1.2480711974326526,277,True
brain_cerebellum,excluded_at_or_below_-1,ENSG00000274398.1,ENSG00000274398,,,,,,,,,,-0.9776066182029371,-0.8489724981897279,,,,,,,,,,6,False
brain_cerebellum,raw,ENSG00000274398.1,ENSG00000274398,0.15384615384621217,285.80102020368395,-0.9983165277309308,0.0006623489337682637,5.076923093257114,318.87173250966777,0.0,3.5944638745803923,0.001588506879705524,-1.0,-0.8489724981897279,-0.9984391138418759,0.012093999992815496,9.44500214437637,99.22716981845072,-1.0,-0.8489724981897279,281.51094719594136,0.0,0.44718207633317,266,True
brain_cortex,excluded_at_or_below_-1,ENSG00000274398.1,ENSG00000274398,,,,,,,,,,-0.9704750254352352,-0.9515643064879996,,,,,,,,,,3,False
brain_cortex,raw,ENSG00000274398.1,ENSG00000274398,0.07692307161812348,274.56590698733834,-0.9994377026269443,0.0002568065409743507,2.7692307720484934,263.6350532182022,0.0,3.096527713215606,0.00827901665544374,-1.0,-0.9515643064879996,-0.9995549751114443,0.004287430660332752,9.823386298270588,97.02350095669063,-1.0,-0.9515643064879996,274.508018041655,0.0,2.2726564534196836,270,True
brain_frontal_cortex_ba9,excluded_at_or_below_-1,ENSG00000274398.1,ENSG00000274398,,,,,,,,,,-0.9733358967298252,-0.9536137144921588,,,,,,,,,,4,False
brain_frontal_cortex_ba9,raw,ENSG00000274398.1,ENSG00000274398,0.10256406776169598,352.2440371547259,-0.9995516307740206,0.0002462537629126506,3.5897435969627094,263.81738684745756,0.0,2.574944775791201,0.03648674967811813,-1.0,-0.9536137144921588,-0.9994459341464697,0.004604672749837454,8.44972800946268,71.41974414189167,-1.0,-0.9536137144921588,350.7101259925411,0.0,12.796272576671097,269,True
brain_hippocampus,excluded_at_or_below_-1,ENSG00000274398.1,ENSG00000274398,,,,,,,,,,-0.9784747893249376,-0.9174459110029554,,,,,,,,,,4,False
brain_hippocampus,raw,ENSG00000274398.1,ENSG00000274398,0.10526145290528235,237.06317716751738,-0.9989700873524948,0.0009012591753042275,198.7302896220746,127.92390803222243,0.0,1.6160905476161116,0.27235606517227046,-1.0,-0.9174459110029554,-0.9994055938164497,0.005722054417689588,12.307016390616633,166.19519644370376,-1.0,-0.9174459110029554,235.82673284482922,0.0,64.22884102004988,255,True
brain_hypothalamus,excluded_at_or_below_-1,ENSG00000274398.1,ENSG00000274398,,,,,,,,,,-0.9766992203791804,-0.956948123792676,,,,,,,,,,4,False
brain_hypothalamus,raw,ENSG00000274398.1,ENSG00000274398,0.10526315720022425,259.74075783485034,-0.9994899475652416,0.0001719100824001506,3.590027701210391,349.9691426312506,0.0,4.195932319304018,0.00015053825363021557,-1.0,-0.956948123792676,-0.9995367216087258,0.0038184234723417023,8.718290262788125,79.4456658872135,-1.0,-0.956948123792676,259.31754764202947,0.0,0.03903721075770131,257,True
brain_nucleus_accumbens_basal_ganglia,excluded_at_or_below_-1,ENSG00000274398.1,ENSG00000274398,,,,,,,,,,-0.9707535059268564,-0.9431348961390964,,,,,,,,,,3,False
brain_nucleus_accumbens_basal_ganglia,raw,ENSG00000274398.1,ENSG00000274398,0.07692307692306755,315.65962515827476,-0.999375795815743,0.0002576133716424699,2.769230772263951,308.7442339490187,0.0,3.426677805730077,0.0028898455132195947,-1.0,-0.9431348961390964,-0.9995423306429956,0.004594061131104824,10.467099513974148,112.13183766437166,-1.0,-0.9431348961390964,308.0174198296851,0.0,0.89012275868828,285,True
brain_putamen_basal_ganglia,excluded_at_or_below_-1,ENSG00000274398.1,ENSG00000274398,,,,,,,,,,-0.9386440593470446,-0.9386440593470446,,,,,,,,,,1,False
brain_putamen_basal_ganglia,raw,ENSG00000274398.1,ENSG00000274398,0.025641025641025657,265.5362805669897,-0.999209103310417,0.00010878079622887458,0.9743589743592201,787.3807652456644,0.0,10.282116546487636,0.0,-1.0,-0.9386440593470446,-0.9997584411785316,0.0038498141142409175,15.84310425924064,249.00395256916926,-1.0,-0.9386440593470446,247.86334225831402,0.0,0.0,254,True
brain_spinal_cord_cervical_c-1,excluded_at_or_below_-1,ENSG00000274398.1,ENSG00000274398,,,,,,,,,,-0.9668751715645122,-0.9351419751208598,,,,,,,,,,3,False
brain_spinal_cord_cervical_c-1,raw,ENSG00000274398.1,ENSG00000274398,0.07692307692307669,263.84092235156226,-0.999340443165714,0.00028962628989824584,2.7692307792120774,313.4741125348319,0.0,3.2205440346280283,0.005601140778773375,-1.0,-0.9351419751208598,-0.9992324413153048,0.006515418798686546,8.756865236681787,77.08831150316685,-1.0,-0.9351419751208598,263.5332132908173,0.0,1.4760866275243776,204,True
brain_substantia_nigra,excluded_at_or_below_-1,ENSG00000274398.1,ENSG00000274398,,,,,,,,,,-0.9276417070973229,-0.9276417070973229,,,,,,,,,,1,False
brain_substantia_nigra,raw,ENSG00000274398.1,ENSG00000274398,0.025641584157573366,205.22634716170037,-0.9991657767546916,0.00020260091225627895,0.9743589743711402,499.25890371914704,0.0,5.823121991030748,4.346857748194982e-08,-1.0,-0.9276417070973229,-0.9996045994923352,0.005348878924362025,13.416612631565966,178.00549450549508,-1.0,-0.9276417070973229,204.58144452414788,0.0,8.89286437266712e-06,183,True
breast_mammary_tissue,excluded_at_or_below_-1,ENSG00000274398.1,ENSG00000274398,,,,,,,,,,-0.9779717263599232,-0.8868729594021315,,,,,,,,,,8,False
breast_mammary_tissue,raw,ENSG00000274398.1,ENSG00000274398,0.20511522886346606,566.1247046452687,-0.9986413320695209,0.00016509640546115897,10.358974365541313,957.4063592061611,0.0,11.63833100229334,0.0,-1.0,-0.8868729594021315,-0.9991064829097968,0.008359066091730982,11.159932339749659,134.44726408384872,-1.0,-0.8868729594021315,538.9035390459676,0.0,0.0,514,True
cells_cultured_fibroblasts,excluded_at_or_below_-1,ENSG00000274398.1,ENSG00000274398,,,,,,,,,,-0.9689817605755896,-0.8934118096685877,,,,,,,,,,4,False
cells_cultured_fibroblasts,raw,ENSG00000274398.1,ENSG00000274398,0.10256410256410256,677.6601731750133,-0.9987492528396821,0.00038506079697178214,3.58974358974359,386.8730390883796,0.0,4.593621607632516,2.6180350841986366e-05,-1.0,-0.8934118096685877,-0.9995993484527055,0.005722183899600275,16.060947190093945,270.33491418032526,-1.0,-0.8934118096685877,677.5393296106544,0.0,0.017738217358451033,652,True
cells_ebv-transformed_lymphocytes,excluded_at_or_below_-1,ENSG00000274398.1,ENSG00000274398,,,,,,,,,,-0.9741632389980652,-0.9344414743780348,,,,,,,,,,5,False
cells_ebv-transformed_lymphocytes,raw,ENSG00000274398.1,ENSG00000274398,0.12820512820512817,469.94688499171343,-0.9992263456887277,7.449210354365425e-05,6.3589743589743595,1229.9242374124406,0.0,14.687629527721416,0.0,-1.0,-0.9344414743780348,-0.9992924746963732,0.006075317151063603,9.196577933130827,86.64374476701154,-1.0,-0.9344414743780348,465.1719426223103,0.0,0.0,327,True
cervix_ectocervix,excluded_at_or_below_-1,ENSG00000274398.1,ENSG00000274398,,,,,,,,,,,,,,,,,,,,,0,False
cervix_ectocervix,raw,ENSG00000274398.1,ENSG00000274398,0.0,24.0,-0.9875,1.0001e-06,0.0,-17675.90193946968,0.0,,,-1.0,-1.0,-1.0,0.0,,,,-1.0,1.9600537358379766e-188,0.0,,24,True
cervix_endocervix,excluded_at_or_below_-1,ENSG00000274398.1,ENSG00000274398,,,,,,,,,,,,,,,,,,,,,0,False
cervix_endocervix,raw,ENSG00000274398.1,ENSG00000274398,0.0,23.0,-0.9875,1.0001e-06,0.0,-17675.90193946968,0.0,,,-1.0,-1.0,-1.0,0.0,,,,-1.0,1.878384830178061e-188,0.0,,23,True
colon_sigmoid,excluded_at_or_below_-1,ENSG00000274398.1,ENSG00000274398,,,,,,,,,,-0.9745005454315728,-0.8191405169122872,,,,,,,,,,4,False
colon_sigmoid,raw,ENSG00000274398.1,ENSG00000274398,0.10256410256410234,473.6844582492506,-0.9980208680456852,0.0007736171739428137,3.5897435897435925,327.00284731994986,0.0,3.617959044591804,0.001481613048837817,-1.0,-0.8191405169122872,-0.9993249118134439,0.009295743183614267,17.813538041332393,336.99517924229406,-1.0,-0.8191405169122872,459.5976637792592,0.0,0.6809458958707253,419,True
colon_transverse,excluded_at_or_below_-1,ENSG00000274398.1,ENSG00000274398,,,,,,,,,,-0.990526695983289,-0.9284720794378282,,,,,,,,,,8,False
colon_transverse,raw,ENSG00000274398.1,ENSG00000274398,0.2051272336070699,479.0503422644611,-0.999147126021756,0.00031267706657345164,10.358974359011459,319.65762790237034,0.0,3.8574813312845513,0.0005889736430399628,-1.0,-0.9284720794378282,-0.9992274186282875,0.006399236476006187,8.829979869842008,80.57412996759396,-1.0,-0.9284720794378282,477.6382772820964,0.0,0.2813163562261679,479,True
esophagus_gastroesophageal_junction,excluded_at_or_below_-1,ENSG00000274398.1,ENSG00000274398,,,,,,,,,,-0.97279356503462,-0.97279356503462,,,,,,,,,,1,False
esophagus_gastroesophageal_junction,raw,ENSG00000274398.1,ENSG00000274398,0.02564102564102563,413.6787625901753,-0.9996701273191668,6.025297471957246e-05,0.9743589743589743,630.826927129699,0.0,7.742529248752744,9.994589716390983e-14,-1.0,-0.97279356503462,-0.999932490235818,0.0013552490578296,20.00006218895819,398.002487562193,-1.0,-0.97279356503462,397.76348034240755,0.0,3.9754827901861134e-11,403,True
esophagus_mucosa,excluded_at_or_below_-1,ENSG00000274398.1,ENSG00000274398,,,,,,,,,,-0.972068886383372,-0.9169200978550393,,,,,,,,,,8,False
esophagus_mucosa,raw,ENSG00000274398.1,ENSG00000274398,0.20512820498373158,671.1805546572838,-0.9991021009817412,0.00043916670980181043,8.358974362377992,264.64415633238633,0.0,2.8914326630907703,0.0156419019793153,-1.0,-0.9169200978550393,-0.9993310417849407,0.006204750134168982,10.159450751304075,109.61449585105707,-1.0,-0.9169200978550393,656.3201493602285,0.0,10.266095443342259,614,True
esophagus_muscularis,excluded_at_or_below_-1,ENSG00000274398.1,ENSG00000274398,,,,,,,,,,-0.9755852791291904,-0.9307089122421917,,,,,,,,,,4,False
esophagus_muscularis,raw,ENSG00000274398.1,ENSG00000274398,-0.6483622859296183,511.3593333487021,-0.9992046094564241,0.001073971845596784,3270.380996911065,90.19560835018095,0.0,1.0473757749986015,0.5779202772855386,-1.0,-0.9307089122421917,-0.9995980925487753,0.004998125478797632,12.920627325905953,168.04857388955443,-1.0,-0.9307089122421917,511.2679827500444,0.0,295.47213435812444,561,True
fallopian_tube,excluded_at_or_below_-1,ENSG00000274398.1,ENSG00000274398,,,,,,,,,,,,,,,,,,,,,0,False
fallopian_tube,raw,ENSG00000274398.1,ENSG00000274398,0.0,29.0,-0.9875,1.0001e-06,0.0,-17675.90193946968,0.0,,,-1.0,-1.0,-1.0,0.0,,,,-1.0,2.368398264137555e-188,0.0,,29,True
heart_atrial_appendage,excluded_at_or_below_-1,ENSG00000274398.1,ENSG00000274398,,,,,,,,,,-0.979239667380384,-0.8961438712033717,,,,,,,,,,4,False
heart_atrial_appendage,raw,ENSG00000274398.1,ENSG00000274398,0.10259108718959035,522.1786289216031,-0.998764978814562,0.000172885753411477,3.589743618142221,839.4454679217077,0.0,10.102531155984025,0.0,-1.0,-0.8961438712033717,-0.9995956468909514,0.005349129577558035,16.81309120055255,308.5187181186005,-1.0,-0.8961438712033717,514.2804170221835,0.0,0.0,461,True
heart_left_ventricle,excluded_at_or_below_-1,ENSG00000274398.1,ENSG00000274398,,,,,,,,,,-0.9817133678074412,-0.9817133678074412,,,,,,,,,,1,False
heart_left_ventricle,raw,ENSG00000274398.1,ENSG00000274398,1.5500712681277469,416.6479684193416,-0.9997719478160765,0.00019433567023696398,1175.4551017091992,131.41534302102602,0.0,1.6595743387739972,0.253690704308734,-1.0,-0.9817133678074412,-0.9999595428491316,0.0008601308257997668,21.189672420660717,447.00221729490653,-1.0,-0.9817133678074412,414.38173964172506,0.0,105.12479538237844,452,True
kidney_cortex,excluded_at_or_below_-1,ENSG00000274398.1,ENSG00000274398,,,,,,,,,,,,,,,,,,,,,0,False
kidney_cortex,raw,ENSG00000274398.1,ENSG00000274398,0.0,104.0,-0.9875,1.0001e-06,0.0,-17675.90193946968,0.0,,,-1.0,-1.0,-1.0,0.0,,,,-1.0,8.493566188631232e-188,0.0,,104,True
kidney_medulla,excluded_at_or_below_-1,ENSG00000274398.1,ENSG00000274398,,,,,,,,,,,,,,,,,,,,,0,False
kidney_medulla,raw,ENSG00000274398.1,ENSG00000274398,0.0,11.0,-0.9875,1.0001e-06,0.0,-17675.90193946968,0.0,,,-1.0,-1.0,-1.0,0.0,,,,-1.0,8.983579622590726e-189,0.0,,11,True
liver,excluded_at_or_below_-1,ENSG00000274398.1,ENSG00000274398,,,,,,,,,,-0.9818273342139472,-0.9765104284040732,,,,,,,,,,2,False
liver,raw,ENSG00000274398.1,ENSG00000274398,0.05128194857033138,287.4448804528152,-0.9997499468146207,0.00013739395535371707,1.8974359237795309,239.20733655715634,0.0,2.573829432069793,0.036855522546646376,-1.0,-0.9765104284040732,-0.9998409838267864,0.0018313790900724438,11.588960295160325,134.30058535120435,-1.0,-0.9765104284040732,284.1442281906648,0.0,10.47228400858227,262,True
lung,excluded_at_or_below_-1,ENSG00000274398.1,ENSG00000274398,,,,,,,,,,-0.967292576430106,-0.8704861703130182,,,,,,,,,,9,False
lung,raw,ENSG00000274398.1,ENSG00000274398,0.11556739801132748,550.4702123123225,-0.9983891278571946,0.001558095517743136,2034.5350695055927,116.09178973097092,0.0,1.4621165427035465,0.34473191200851505,-1.0,-0.8704861703130182,-0.9990453896637694,0.008617132043327085,10.652041676985538,126.57154069782342,-1.0,-0.8704861703130182,548.3252774810758,0.0,189.02522130865083,604,True
minor_salivary_gland,excluded_at_or_below_-1,ENSG00000274398.1,ENSG00000274398,,,,,,,,,,-0.8783174653978177,-0.8783174653978177,,,,,,,,,,1,False
minor_salivary_gland,raw,ENSG00000274398.1,ENSG00000274398,0.025641025515152457,199.08238366551777,-0.9986878944800468,0.0006577152111677113,0.9743589746137774,258.81945624236175,0.0,2.8212779483813524,0.019068758282380305,-1.0,-0.8783174653978177,-0.9993277208033028,0.009044591567032035,13.341872265748718,176.00555555555485,-1.0,-0.8783174653978177,195.12064732359335,0.0,3.720708459715174,181,True
muscle_skeletal,excluded_at_or_below_-1,ENSG00000274398.1,ENSG00000274398,,,,,,,,,,-0.9885573182020756,-0.8662549980564811,,,,,,,,,,7,False
muscle_skeletal,raw,ENSG00000274398.1,ENSG00000274398,2.9637970775783993,752.463143784879,-0.9983360345524379,0.0016088890743291182,3554.9916837431324,116.09923650129002,0.0,1.4626256967054367,0.34448802813687274,-1.0,-0.8662549980564811,-0.9995451953526576,0.006078993314653194,17.08150863528094,327.97591018654623,-1.0,-0.8662549980564811,749.5035044750064,0.0,258.19498433827295,818,True
nerve_tibial,excluded_at_or_below_-1,ENSG00000274398.1,ENSG00000274398,0.1344126257255629,3.362931722964648,-0.9577007275827734,0.0064125238478777505,4.349156713218736,43.89627782991639,0.0,1.1315313350247227,0.5272008134254327,-0.962831474355058,-0.7586601187902343,-0.9168993098620392,0.07084011717596304,1.5965144887304028,0.8850756355918956,-0.962831474355058,-0.7586601187902343,3.3629053973904313,0.0,1.7729264609770135,12,True
nerve_tibial,raw,ENSG00000274398.1,ENSG00000274398,0.30769230769230765,702.2403805127051,-0.9970786142398841,0.00037250347690258556,20.30769230769231,905.1584500341677,0.0,11.091073289394005,0.0,-1.0,-0.7586601187902343,-0.9985116294303649,0.014288613023848325,13.339148868701852,200.85654193484555,-1.0,-0.7586601187902343,652.4158588114053,0.0,0.0,670,True
ovary,excluded_at_or_below_-1,ENSG00000274398.1,ENSG00000274398,,,,,,,,,,-0.9620007668411048,-0.912629494187043,,,,,,,,,,3,False
ovary,raw,ENSG00000274398.1,ENSG00000274398,0.07692307692307693,261.4949219083202,-0.9991008805259705,0.0003413089199384923,2.7692307692307696,358.29420262368967,0.0,3.7255016792294486,0.0009733614958652488,-1.0,-0.912629494187043,-0.9989910598329625,0.00844445566353629,8.791498813260135,78.66760486681869,-1.0,-0.912629494187043,260.20987083759087,0.0,0.2532782691173684,193,True
pancreas,excluded_at_or_below_-1,ENSG00000274398.1,ENSG00000274398,,,,,,,,,,-0.9698518197303222,-0.957441106284276,,,,,,,,,,2,False
pancreas,raw,ENSG00000274398.1,ENSG00000274398,0.052631578946565796,472.35866541609136,-0.9993442527736536,0.00023739668320083086,1.8975145930168364,249.62437247386472,0.0,3.9064009171655103,0.00048796309324582003,-1.0,-0.957441106284276,-0.9997991517293221,0.00273763607805236,13.9055433065065,195.97330718384768,-1.0,-0.957441106284276,470.1375456106092,0.0,0.2294097710071504,362,True
pituitary,excluded_at_or_below_-1,ENSG00000274398.1,ENSG00000274398,,,,,,,,,,-0.9675182509737956,-0.9473976944253486,,,,,,,,,,4,False
pituitary,raw,ENSG00000274398.1,ENSG00000274398,0.10252259770214511,441.54862894869495,-0.9995328584890313,0.000318518222597869,3.5897436794957334,231.47892605344376,0.0,2.0740975350530486,0.11728117056444123,-1.0,-0.9473976944253486,-0.9994523936023647,0.004925793575954343,9.219009996112376,85.77449971510043,-1.0,-0.9473976944253486,438.1358080341736,0.0,51.38508043244186,313,True
prostate,excluded_at_or_below_-1,ENSG00000274398.1,ENSG00000274398,,,,,,,,,,-0.9721212435384732,-0.8798750331938764,,,,,,,,,,4,False
prostate,raw,ENSG00000274398.1,ENSG00000274398,0.07672054112228038,260.31474920503956,-0.9984990433442972,0.0012284239370505669,316.21372575348175,136.5649747762145,0.0,1.7279647481680702,0.22612316023852644,-1.0,-0.8798750331938764,-0.9991861885447241,0.008150380342284847,12.408334105134143,168.1159420789609,-1.0,-0.8798750331938764,258.69140339097294,0.0,58.49611766130623,282,True
skin_not_sun_exposed_suprapubic,excluded_at_or_below_-1,ENSG00000274398.1,ENSG00000274398,,,,,,,,,,-0.9847565088901012,-0.911679264916006,,,,,,,,,,8,False
skin_not_sun_exposed_suprapubic,raw,ENSG00000274398.1,ENSG00000274398,-0.25731806329469564,591.1993914612093,-0.9989096280635458,0.001157262777920522,2945.603321448345,106.59840182162425,0.0,1.3324707317861328,0.41262908822710453,-1.0,-0.911679264916006,-0.9994046265565643,0.006108409197285691,11.677144304830733,143.9455539085567,-1.0,-0.911679264916006,589.7038111090769,0.0,243.32894590198705,651,True
skin_sun_exposed_lower_leg,excluded_at_or_below_-1,ENSG00000274398.1,ENSG00000274398,0.2085809201379201,0.3568466003416959,-0.9450583186061179,0.005442386831270822,7.481265486024242,6.631644724898074,2.0708034410918367e-10,6.828690396657265,0.0,-0.9713374999676868,-0.9195374376863448,-0.9472198974106512,0.015171551003089387,0.19814871744490728,-0.6008862785938334,-0.9713374999676868,-0.9195374376863448,0.35684539583327857,7.389566736293318e-11,0.0,11,True
skin_sun_exposed_lower_leg,raw,ENSG00000274398.1,ENSG00000274398,0.28205128205128205,817.665388422471,-0.9990227651560883,9.207005198520285e-05,7.897435897435898,1220.9097930719545,0.0,15.01051362613953,0.0,-1.0,-0.9195374376863448,-0.9992299985033385,0.006569461602096778,8.966378312205588,82.94198932550886,-1.0,-0.9195374376863448,696.103248880135,0.0,0.0,754,True
small_intestine_terminal_ileum,excluded_at_or_below_-1,ENSG00000274398.1,ENSG00000274398,,,,,,,,,,-0.9493631813794003,-0.9337523371193454,,,,,,,,,,2,False
small_intestine_terminal_ileum,raw,ENSG00000274398.1,ENSG00000274398,0.05128205128205089,214.76990247308652,-0.999232987672763,0.000282335627664785,1.897435897884601,327.9912806314483,0.0,3.8419495430243074,0.0006238231167514259,-1.0,-0.9337523371193454,-0.9994353406690761,0.005781977491218193,10.29317474479036,105.67060357397477,-1.0,-0.9337523371193454,214.63153880270627,0.0,0.13389211548905877,207,True
spleen,excluded_at_or_below_-1,ENSG00000274398.1,ENSG00000274398,,,,,,,,,,-0.9581654798659928,-0.9581654798659928,,,,,,,,,,1,False
spleen,raw,ENSG00000274398.1,ENSG00000274398,0.025641025478650364,276.72427913819723,-0.9994877501597672,0.0002050475439582633,0.9743589747992468,284.9998295487881,0.0,3.532988776146205,0.001973355811322237,-1.0,-0.9581654798659928,-0.9998489728515019,0.0025135927046024244,16.553054799293367,272.0036231884081,-1.0,-0.9581654798659928,273.15421069710766,0.0,0.5390304490662717,277,True
stomach,excluded_at_or_below_-1,ENSG00000274398.1,ENSG00000274398,,,,,,,,,,-0.9674773448433364,-0.9350812883722353,,,,,,,,,,2,False
stomach,raw,ENSG00000274398.1,ENSG00000274398,0.05126690481216805,450.3518168811622,-0.9993058844276484,0.0003600379195204947,1.8974359104253513,252.27146879546586,0.0,2.7264563065510825,0.024675309950477682,-1.0,-0.9350812883722353,-0.999760586322397,0.0035955752165160817,16.139547889378544,271.58776409258985,-1.0,-0.9350812883722353,443.7224388631827,0.0,10.948988710930832,407,True
testis,excluded_at_or_below_-1,ENSG00000274398.1,ENSG00000274398,,,,,,,,,,-0.941768024913758,-0.8833757412489156,,,,,,,,,,5,False
testis,raw,ENSG00000274398.1,ENSG00000274398,0.12820512820465824,450.349922524097,-0.9987150874591758,0.0005561995520738058,4.358974360114935,293.26608962128597,0.0,3.2670661724224717,0.004906440218078972,-1.0,-0.8833757412489156,-0.9990381707907636,0.009030730073217641,9.963400008405628,103.83324157947733,-1.0,-0.8833757412489156,441.5851229054124,0.0,2.16661100672846,414,True
thyroid,excluded_at_or_below_-1,ENSG00000274398.1,ENSG00000274398,,,,,,,,,,-0.961992335714491,-0.8952849340005284,,,,,,,,,,7,False
thyroid,raw,ENSG00000274398.1,ENSG00000274398,0.17948717948276272,723.8594617842442,-0.998823297884898,0.0005101458614571423,7.743589743655363,287.0264555571571,0.0,3.2620240911046072,0.004932507533788332,-1.0,-0.8952849340005284,-0.9994204102993682,0.006092351602595296,12.029950066102634,162.5884936938426,-1.0,-0.8952849340005284,717.7379047241778,0.0,3.540247622337454,684,True
uterus,excluded_at_or_below_-1,ENSG00000274398.1,ENSG00000274398,,,,,,,,,,-0.9511207445238764,-0.9511207445238764,,,,,,,,,,1,False
uterus,raw,ENSG00000274398.1,ENSG00000274398,0.025641025641024873,170.03020035416725,-0.9994609962601294,0.00021484885663769287,0.9743589743589787,318.19317395401464,0.0,3.547919272293715,0.0018895907759319834,-1.0,-0.9511207445238764,-0.9996805277419861,0.0039516535927374115,12.247717295372581,148.00657894736855,-1.0,-0.9511207445238764,166.2521286034214,0.0,0.3141484886880769,153,True
vagina,excluded_at_or_below_-1,ENSG00000274398.1,ENSG00000274398,,,,,,,,,,-0.9528762624275398,-0.8839027789091174,,,,,,,,,,2,False
vagina,raw,ENSG00000274398.1,ENSG00000274398,0.05128205126646321,187.35444924194886,-0.9987336700603551,0.0005591193397984661,1.8974359087592276,290.4485537989156,0.0,3.2030030936338716,0.006075604841609159,-1.0,-0.8839027789091174,-0.9990398767137451,0.00958996613965857,10.931415224328457,123.86722827538223,-1.0,-0.8839027789091174,182.52033594301844,0.0,1.1089214367474551,170,True
whole_blood,excluded_at_or_below_-1,ENSG00000274398.1,ENSG00000274398,,,,,,,,,,-0.9601386846241114,-0.7305107706141754,,,,,,,,,,5,False
whole_blood,raw,ENSG00000274398.1,ENSG00000274398,2.9817085787742017,753.2759604524044,-0.9966850894450863,0.003407999269019815,2366.5784544317908,110.45405293011109,0.0,1.3755846450521425,0.38916384563937617,-1.0,-0.7305107706141754,-0.9993445274917995,0.010682800330555058,21.531824745406897,512.1405680431913,-1.0,-0.7305107706141754,751.4990245444038,0.0,292.4562503859411,803,True
adipose_subcutaneous,excluded_at_or_below_-1,ENSG00000274400.1,ENSG00000274400,1.7204975960712707,42.52450386256898,-0.7649067775900554,0.2473028178085925,1541.6083303185117,7.759184158979667,0.0,1.082366291982093,0.5566900588478,-0.954179629321902,0.5919378726560818,-0.6620992408278507,0.21577111468171284,1.6413867318010016,4.066040057840011,-0.954179629321902,0.5919378726560818,42.52400404228479,0.0,23.6726903127436,484,True
adipose_subcutaneous,raw,ENSG00000274400.1,ENSG00000274400,12.629511476632471,2891.8432178814733,-1.0002161649163,0.012503830109285394,10855.310744198454,180.0764896549469,0.0,-0.02444877718816819,1.0,-1.0,0.5919378726560818,-0.7709468243146778,0.2377090300576484,1.3750010791527494,2.7826506792680563,-1.0,0.5919378726560818,2890.9790579290457,0.0,2890.9790579290457,714,True
adipose_visceral_omentum,excluded_at_or_below_-1,ENSG00000274400.1,ENSG00000274400,0.4694877218479266,37.04742664290965,-0.9497372943100817,0.34769593248061376,231.03183197111372,6.06803738722291,0.0,-0.09081996605599565,1.0,-0.9274084653228184,0.5421391618436353,-0.7117613542765945,0.19367150373236375,2.096766096822381,7.463829815984251,-0.9274084653228184,0.5421391618436353,36.8949523769591,0.0,36.8949523769591,307,True
adipose_visceral_omentum,raw,ENSG00000274400.1,ENSG00000274400,7.871794764770515,382.7930688281568,-0.9867149585756906,0.010257266927281844,5590.358998409702,210.78970132251,0.0,1.8316658708545082,0.1871428176451301,-1.0,0.5421391618436353,-0.849251679323534,0.2008686979602135,1.9442761288335837,6.0357300475869025,-1.0,0.5421391618436353,382.17470407837743,0.0,71.52125095392135,587,True
adrenal_gland,excluded_at_or_below_-1,ENSG00000274400.1,ENSG00000274400,1.159228528011204,16.4074264557891,-0.6170882552461078,0.36161811938201294,269.7673812581006,5.170691360736557,0.0,1.292963300231308,0.4334940371706718,-0.9477023643874652,0.7050710957339275,-0.5018740684404555,0.292872809352542,1.033091866261821,1.137787387307899,-0.9477023643874652,0.7050710957339275,16.407370363920634,0.0,7.1124972184103905,276,True
adrenal_gland,raw,ENSG00000274400.1,ENSG00000274400,1.0130603383992238,16.667157245255677,-0.6436150019760873,0.41303276160350616,468.24852865976095,4.61786654250082,0.0,1.2202530755067533,0.4749561637760258,-1.0,0.7050710957339275,-0.5339567555578498,0.3086000811012468,0.8671827806898323,0.8751921029735237,-1.0,0.7050710957339275,16.66673545454737,0.0,7.915968734161697,295,True
artery_aorta,excluded_at_or_below_-1,ENSG00000274400.1,ENSG00000274400,3.4795170183397337,17.854007903853667,-0.7639388866975265,0.15593664177562122,614.0785039553283,9.007100401294252,0.0,1.6988081960521404,0.23622412091745013,-0.951256030417143,0.2292187424492471,-0.6013981791241458,0.24716104465966987,1.0324260443131947,0.4995367991805959,-0.951256030417143,0.2292187424492471,17.85400105169283,0.0,4.217545703295369,299,True
artery_aorta,raw,ENSG00000274400.1,ENSG00000274400,7.666666629302983,207.70031174816762,-0.9881196943415944,0.0072962581631239535,2140.666667446256,235.95334606013495,0.0,2.302726824027498,0.07080942030979105,-1.0,0.2292187424492471,-0.7474958804197448,0.2749893090146606,1.10014791952719,0.6314178061166866,-1.0,0.2292187424492471,206.97211016749762,0.0,14.655575141254715,472,True
artery_coronary,excluded_at_or_below_-1,ENSG00000274400.1,ENSG00000274400,0.16746111738885017,18.34826520152509,-0.8849474095141613,0.7023360027535438,82.76861925074759,4.37086965114415,0.0,0.04090369531102492,0.99916913459415,-0.9052612706076636,1.285742506788229,-0.4804423237524736,0.3428850543387608,1.4303390781888385,3.1622002745879314,-0.9052612706076636,1.285742506788229,18.34686255689722,0.0,18.33161878349281,222,True
artery_coronary,raw,ENSG00000274400.1,ENSG00000274400,-1.1896825523939054,2508069234690.105,-31.23675152310743,6.033713168308272,866.2365219826204,7.622793934066335,0.0,-7.087049532066707,1.0,-1.0,1.285742506788229,-0.5696201338546609,0.36856303092585607,1.210886483868422,2.3189230930128426,-1.0,1.285742506788229,30.501201962032297,0.0,30.501201962032297,268,True
artery_tibial,excluded_at_or_below_-1,ENSG00000274400.1,ENSG00000274400,0.7561371988792436,30.5685568195351,-0.6941708204267647,0.45430469541924895,919.168481185287,3.857683146932268,0.0,0.679507273407845,0.7937274718576348,-0.912457048966888,0.54507876232379,-0.5373824975954633,0.26272113381681517,1.017162775126421,1.217296013746891,-0.912457048966888,0.54507876232379,30.550545304697632,0.0,24.248807088569787,538,True
artery_tibial,raw,ENSG00000274400.1,ENSG00000274400,-0.3009659302145575,6966758145125.114,-22.988895014716928,4.363799866781256,15167.327378245014,7.626854096902627,0.0,-7.126127343311919,1.0,-1.0,0.54507876232379,-0.6398144482002305,0.30110697010640014,0.7817104874348508,0.49440233536639244,-1.0,0.54507876232379,63.82396578715889,0.0,63.82396578715889,691,True
bladder,excluded_at_or_below_-1,ENSG00000274400.1,ENSG00000274400,0.4145726538796925,3748654454855.6465,-11.336151785220885,1.9902750874974557,35.26486617065076,8.085711661663725,0.0,-7.403170814365179,1.0,-0.9173955009192624,0.0431694948641094,-0.652679248036541,0.23741804394365812,1.0317781351019963,0.5254907692502475,-0.9173955009192624,0.0431694948641094,4.682694451260874,0.0,4.682694451260923,53,True
bladder,raw,ENSG00000274400.1,ENSG00000274400,1.3589743680866315,43.1843933955569,-0.9871850977575861,0.000279649604357664,102.97435897435898,5210.597176727503,0.0,64.80612977564806,0.0,-1.0,0.0431694948641094,-0.7609350668303463,0.25453451144453915,1.1263537293407566,0.7197905903812889,-1.0,0.0431694948641094,0.2958582583394189,0.0,0.0,77,True
brain_amygdala,excluded_at_or_below_-1,ENSG00000274400.1,ENSG00000274400,-1.5571766631863229,8.605862584640516,0.6040186737665557,1.4000115125339796,195.30008622863076,1.648229882596168,0.0,1.4731968960844959,0.10870779938352806,-0.854383840268659,2.23569642904493,0.5956303612997245,0.7043265271724446,-0.05663291411794487,-0.7175935396839712,-0.854383840268659,2.23569642904493,6.393375257159161,0.0,0.6950097548388703,181,True
brain_amygdala,raw,ENSG00000274400.1,ENSG00000274400,-1.5571766631863229,8.605862584640516,0.6040186737665557,1.4000115125339796,195.30008622863076,1.648229882596168,0.0,1.4731968960844959,0.10870779938352806,-0.854383840268659,2.23569642904493,0.5956303612997245,0.7043265271724446,-0.05663291411794487,-0.7175935396839712,-0.854383840268659,2.23569642904493,6.393375257159161,0.0,0.6950097548388703,181,True
brain_anterior_cingulate_cortex_ba24,excluded_at_or_below_-1,ENSG00000274400.1,ENSG00000274400,1.9676080587677647,10.09487441448309,1.1022965811153962,0.7003268761408533,269.8191625393764,2.704177249399922,0.025199490639810536,3.8330564555993973,0.0,-0.7958555262063308,2.4414210641429404,0.9503712945998589,0.6724006160056307,-0.346401401940754,-0.3325079954068353,-0.7958555262063308,2.4414210641429404,10.088333735064932,0.2542208715280536,0.0,233,True
brain_anterior_cingulate_cortex_ba24,raw,ENSG00000274400.1,ENSG00000274400,1.9676080587677647,10.09487441448309,1.1022965811153962,0.7003268761408533,269.8191625393764,2.704177249399922,0.025199490639810536,3.8330564555993973,0.0,-0.7958555262063308,2.4414210641429404,0.9503712945998589,0.6724006160056307,-0.346401401940754,-0.3325079954068353,-0.7958555262063308,2.4414210641429404,10.088333735064932,0.2542208715280536,0.0,233,True
brain_caudate_basal_ganglia,excluded_at_or_below_-1,ENSG00000274400.1,ENSG00000274400,-1994.3565896248604,2005.5779686885937,0.6312293455218093,22.438620002503967,439.67167537018787,0.11209362792140863,0.0,0.1003230095506773,0.19848722083703843,-0.9605457220555308,2.409762933765672,0.6293570161836441,0.749473299380319,-0.19559464405606797,-0.8788854290282022,-0.9605457220555308,2.409762933765672,12.560526777644327,0.0,2.493104052343824,297,True
brain_caudate_basal_ganglia,raw,ENSG00000274400.1,ENSG00000274400,-1274.1283818798775,1285.3665819014968,0.6108691833192386,18.30532447337499,456.75167558609655,0.13897704697066765,0.0,0.12445084213461736,0.19735337007622916,-1.0,2.409762933765672,0.6130634460218076,0.7631807137918453,-0.21701708048549515,-0.8592362328118295,-1.0,2.409762933765672,12.353436755541452,0.0,2.4379923757296638,300,True
brain_cerebellar_hemisphere,excluded_at_or_below_-1,ENSG00000274400.1,ENSG00000274400,-0.0471214283657672,17.805818692659635,1.9388846258543229,0.7560872817124461,281.1087192085642,3.883873155945055,0.0,2.475050119035883,0.04624457285859031,0.6156375814236956,4.015336991412759,1.9411588392651147,0.5330404441058832,0.20912228401120453,0.5613984300039085,0.6156375814236956,4.015336991412759,17.79635657828832,0.0,0.8229849084021073,277,True
brain_cerebellar_hemisphere,raw,ENSG00000274400.1,ENSG00000274400,-0.0471214283657672,17.805818692659635,1.9388846258543229,0.7560872817124461,281.1087192085642,3.883873155945055,0.0,2.475050119035883,0.04624457285859031,0.6156375814236956,4.015336991412759,1.9411588392651147,0.5330404441058832,0.20912228401120453,0.5613984300039085,0.6156375814236956,4.015336991412759,17.79635657828832,0.0,0.8229849084021073,277,True
brain_cerebellum,excluded_at_or_below_-1,ENSG00000274400.1,ENSG00000274400,0.6929918962162499,20.852190369072762,1.8147335784114793,0.5238200778545605,140.95009351411915,4.9327135651653355,0.0,3.8410813361845477,0.0006203055849839916,0.392009615002707,3.6417945488941577,1.8082817782049325,0.4542252859709147,0.1958642183017749,1.398989566481375,0.392009615002707,3.6417945488941577,20.851956899937164,0.0,0.012934585322876502,266,True
brain_cerebellum,raw,ENSG00000274400.1,ENSG00000274400,0.6929918962162499,20.852190369072762,1.8147335784114793,0.5238200778545605,140.95009351411915,4.9327135651653355,0.0,3.8410813361845477,0.0006203055849839916,0.392009615002707,3.6417945488941577,1.8082817782049325,0.4542252859709147,0.1958642183017749,1.398989566481375,0.392009615002707,3.6417945488941577,20.851956899937164,0.0,0.012934585322876502,266,True
brain_cortex,excluded_at_or_below_-1,ENSG00000274400.1,ENSG00000274400,1.7947929335939272,17.662135410297314,1.274852507651861,0.5011297653881707,203.80385051851374,2.784876399236514,0.020697047925486548,6.126146451920609,0.0,-0.8959613042543132,2.261679740621267,1.1725187239452115,0.5476294801990219,-0.7353293462678909,1.0287335120648766,-0.8959613042543132,2.261679740621267,17.66205732950441,0.36555244701144374,0.0,270,True
brain_cortex,raw,ENSG00000274400.1,ENSG00000274400,1.7947929335939272,17.662135410297314,1.274852507651861,0.5011297653881707,203.80385051851374,2.784876399236514,0.020697047925486548,6.126146451920609,0.0,-0.8959613042543132,2.261679740621267,1.1725187239452115,0.5476294801990219,-0.7353293462678909,1.0287335120648766,-0.8959613042543132,2.261679740621267,17.66205732950441,0.36555244701144374,0.0,270,True
brain_frontal_cortex_ba9,excluded_at_or_below_-1,ENSG00000274400.1,ENSG00000274400,1.9940974108926337,15.538005352274896,1.651778932195525,0.616244016532739,329.06101460067885,3.287077028065154,0.004500656733493605,4.941517019259316,0.0,-0.5014887048389693,3.0841238087559493,1.4348935521886574,0.662113431742803,-0.7273373071067494,0.3223427268890422,-0.5014887048389693,3.0841238087559493,15.537810850026675,0.06993035302592254,0.0,269,True
brain_frontal_cortex_ba9,raw,ENSG00000274400.1,ENSG00000274400,1.9940974108926337,15.538005352274896,1.651778932195525,0.616244016532739,329.06101460067885,3.287077028065154,0.004500656733493605,4.941517019259316,0.0,-0.5014887048389693,3.0841238087559493,1.4348935521886574,0.662113431742803,-0.7273373071067494,0.3223427268890422,-0.5014887048389693,3.0841238087559493,15.537810850026675,0.06993035302592254,0.0,269,True
brain_hippocampus,excluded_at_or_below_-1,ENSG00000274400.1,ENSG00000274400,-2.3980739500422557,13.015230322295967,0.6625427017249771,1.4045025450404924,175.40655856220127,1.8255055020998294,0.0,1.5354225048063783,0.14635824678261233,-0.8623364771271356,2.4755129573505004,0.6885252317230652,0.7190564954365787,0.12833572283508074,-0.6214760709783249,-0.8623364771271356,2.4755129573505004,10.55588479580606,0.0,1.5449407919534086,255,True
brain_hippocampus,raw,ENSG00000274400.1,ENSG00000274400,-2.3980739500422557,13.015230322295967,0.6625427017249771,1.4045025450404924,175.40655856220127,1.8255055020998294,0.0,1.5354225048063783,0.14635824678261233,-0.8623364771271356,2.4755129573505004,0.6885252317230652,0.7190564954365787,0.12833572283508074,-0.6214760709783249,-0.8623364771271356,2.4755129573505004,10.55588479580606,0.0,1.5449407919534086,255,True
brain_hypothalamus,excluded_at_or_below_-1,ENSG00000274400.1,ENSG00000274400,-1.6297201872332987,12.884046982744941,0.37736404641354016,0.9634134264618557,298.68017349734,1.878439310954236,0.005839649308255486,1.8937225657986132,0.0,-0.9127082555538618,1.657024842432432,0.35340540192435665,0.5354649722951735,-0.14143890385928826,-0.5920406006382688,-0.9127082555538618,1.657024842432432,10.739545574154123,0.06271517988308739,0.0,257,True
brain_hypothalamus,raw,ENSG00000274400.1,ENSG00000274400,-1.6297201872332987,12.884046982744941,0.37736404641354016,0.9634134264618557,298.68017349734,1.878439310954236,0.005839649308255486,1.8937225657986132,0.0,-0.9127082555538618,1.657024842432432,0.35340540192435665,0.5354649722951735,-0.14143890385928826,-0.5920406006382688,-0.9127082555538618,1.657024842432432,10.739545574154123,0.06271517988308739,0.0,257,True
brain_nucleus_accumbens_basal_ganglia,excluded_at_or_below_-1,ENSG00000274400.1,ENSG00000274400,2.9548811534011397,13.76604161426929,0.9251142830869816,0.5452250541406943,294.06774672450655,3.6439978029247992,0.001285719770251462,4.62957275630185,0.0,-0.8597357027011201,2.3299932576983786,0.7669991222840604,0.6531556582929772,-0.4632069226252522,-0.23652037272346726,-0.8597357027011201,2.3299932576983786,13.765694992548362,0.01769882620317098,0.0,285,True
brain_nucleus_accumbens_basal_ganglia,raw,ENSG00000274400.1,ENSG00000274400,2.9548811534011397,13.76604161426929,0.9251142830869816,0.5452250541406943,294.06774672450655,3.6439978029247992,0.001285719770251462,4.62957275630185,0.0,-0.8597357027011201,2.3299932576983786,0.7669991222840604,0.6531556582929772,-0.4632069226252522,-0.23652037272346726,-0.8597357027011201,2.3299932576983786,13.765694992548362,0.01769882620317098,0.0,285,True
brain_putamen_basal_ganglia,excluded_at_or_below_-1,ENSG00000274400.1,ENSG00000274400,-5108.322169259214,5117.138962558054,0.501951809727983,45.441892094599616,302.0892129517775,0.06057530026623617,0.0,0.04343162132012103,0.48570248949363554,-0.8936047752411667,2.448373716244868,0.5734481417499963,0.7893835204102896,-0.06162884604546352,-0.9232739692918579,-0.8936047752411667,2.448373716244868,9.379722024751572,0.0,4.555754338180122,253,True
brain_putamen_basal_ganglia,raw,ENSG00000274400.1,ENSG00000274400,-3325.382372252968,3334.5828217148674,0.5420317350365811,34.58870819180026,363.5791826423426,0.07794378065223825,0.0,0.06304838507427776,0.3453444090989687,-1.0,2.448373716244868,0.5672534640265712,0.7939838767119006,-0.06769302680473781,-0.9203218290833353,-1.0,2.448373716244868,10.113813138018486,0.0,3.49274882188638,254,True
brain_spinal_cord_cervical_c-1,excluded_at_or_below_-1,ENSG00000274400.1,ENSG00000274400,0.4849338074393413,10.565432665657536,0.7591154359058859,0.7567045247584122,318.98677147950235,2.6100302451886783,0.025114638463731877,3.097115371871629,0.0,-0.8980608760377339,2.1556666703435137,0.6811391401856586,0.569560908899923,-0.30712028768082317,-0.17266069466530087,-0.8980608760377339,2.1556666703435137,10.47813692221059,0.2631546205747992,0.0,204,True
brain_spinal_cord_cervical_c-1,raw,ENSG00000274400.1,ENSG00000274400,0.4849338074393413,10.565432665657536,0.7591154359058859,0.7567045247584122,318.98677147950235,2.6100302451886783,0.025114638463731877,3.097115371871629,0.0,-0.8980608760377339,2.1556666703435137,0.6811391401856586,0.569560908899923,-0.30712028768082317,-0.17266069466530087,-0.8980608760377339,2.1556666703435137,10.47813692221059,0.2631546205747992,0.0,204,True
brain_substantia_nigra,excluded_at_or_below_-1,ENSG00000274400.1,ENSG00000274400,-0.10073430468360646,8.812703671473109,0.21093999383913098,0.9166949556487637,159.5756411582355,2.783418070706775,0.0,1.7320668198089866,0.2066372875430027,-0.9117878308757968,2.015154981423425,0.252540237211411,0.5795847553833676,0.25550902758903477,-0.21585252948155365,-0.9117878308757968,2.015154981423425,8.629551764381045,0.0,1.7831871693036327,183,True
brain_substantia_nigra,raw,ENSG00000274400.1,ENSG00000274400,-0.10073430468360646,8.812703671473109,0.21093999383913098,0.9166949556487637,159.5756411582355,2.783418070706775,0.0,1.7320668198089866,0.2066372875430027,-0.9117878308757968,2.015154981423425,0.252540237211411,0.5795847553833676,0.25550902758903477,-0.21585252948155365,-0.9117878308757968,2.015154981423425,8.629551764381045,0.0,1.7831871693036327,183,True
breast_mammary_tissue,excluded_at_or_below_-1,ENSG00000274400.1,ENSG00000274400,1.25254150125421,20.84127631252333,-0.8760710154330072,0.27682132009513283,226.05578246427083,4.857421337766984,0.0,0.2583328473485645,0.9671845612485673,-0.926637663731136,0.0747314819794611,-0.7009388959749016,0.189421552790176,1.3991656434100614,1.8973365256752048,-0.926637663731136,0.0747314819794611,20.841072729401144,0.0,20.157163783735328,296,True
breast_mammary_tissue,raw,ENSG00000274400.1,ENSG00000274400,7.589743607793615,241.9309535661156,-0.9885673861033182,0.005357102803882348,2933.4358974367933,280.69867895924216,0.0,3.0180786551912844,0.010685360578917743,-1.0,0.0747314819794611,-0.827778041261811,0.206204069150059,1.4061775983511413,1.9311602291615095,-1.0,0.0747314819794611,238.20547216722508,0.0,2.545311361978154,514,True
cells_cultured_fibroblasts,excluded_at_or_below_-1,ENSG00000274400.1,ENSG00000274400,0.4699682639747375,8.750200686061541,-0.8276295028492534,0.14576303894792036,88.57429046509817,6.195897209432352,0.0,1.0399701542615103,0.5823006629130819,-0.9348192612658844,-0.1890181712337415,-0.7683750071613757,0.12334963977673992,1.579326786158634,3.5696785992121356,-0.9348192612658844,-0.1890181712337415,8.750195373839874,0.0,5.095244566805942,122,True
cells_cultured_fibroblasts,raw,ENSG00000274400.1,ENSG00000274400,3.128205119415371,550.3902019043593,-0.9889686632010256,0.004278346227732604,584.3589785788088,264.42479751497774,0.0,3.6464244083590422,0.0012991878252211187,-1.0,-0.1890181712337415,-0.9566591271068832,0.1048853571901972,2.888824234483015,9.690934931613878,-1.0,-0.1890181712337415,549.1864280286579,0.0,0.7134963210715064,652,True
cells_ebv-transformed_lymphocytes,excluded_at_or_below_-1,ENSG00000274400.1,ENSG00000274400,1.0940138253157716,6.389809077075049,-0.8184689602256476,0.022709817561568653,80.44931152271934,17.090803808574034,0.0,6.429315693949675,1.0568240467023609e-09,-0.9217126218196716,-0.5440202865599912,-0.806519693710386,0.08447619523593893,0.9932864530884499,0.778558105122253,-0.9217126218196716,-0.5440202865599912,6.389473448813936,0.0,6.752549186472834e-09,71,True
cells_ebv-transformed_lymphocytes,raw,ENSG00000274400.1,ENSG00000274400,1.8205256454801757,258.4287946288798,-0.9943115149123369,8.745865548630418e-05,205.74358975000445,7281.245733914242,0.0,91.98326587115388,0.0,-1.0,-0.5440202865599912,-0.9579905145365059,0.08896656169649869,2.1656092323339946,4.1428769545210535,-1.0,-0.5440202865599912,1.1493346576685326e-05,0.0,0.0,327,True
cervix_ectocervix,excluded_at_or_below_-1,ENSG00000274400.1,ENSG00000274400,0.10132316300274305,0.7326415408479714,-1.0379528670639109,0.30567258076473697,11.523301023269806,2.7407091922389926,0.0,-0.6505767746396465,1.0,-0.8973351506307576,-0.4455673361886848,-0.7393026154697353,0.12943984535257988,0.8209889799879564,-0.056149599532708816,-0.8973351506307576,-0.4455673361886848,0.5757719968917488,0.0,0.5757719968917488,13,True
cervix_ectocervix,raw,ENSG00000274400.1,ENSG00000274400,0.3333333333333493,13.484105904606276,-0.9942658720562636,0.002470955545121673,16.66666666668001,314.0392034207884,0.0,3.281840307659397,0.0046082868159789845,-1.0,-0.4455673361886848,-0.8587889167127732,0.16232054219903186,0.8702441940598501,-0.1760176444739332,-1.0,-0.4455673361886848,13.412308946521227,0.0,0.06180776649009073,24,True
cervix_endocervix,excluded_at_or_below_-1,ENSG00000274400.1,ENSG00000274400,0.01230386932614999,1.067091803480561,-0.7776107017209781,0.23358308216605744,10.94107914470734,3.9510885747102917,0.0,0.7203421433570512,0.7713885606301609,-0.8965883035034832,-0.1250165874040025,-0.6973789924473448,0.17489522167209598,1.8955045551463057,4.440832824827586,-0.8965883035034832,-0.1250165874040025,1.0666526336314095,0.0,0.8228036397493034,18,True
cervix_endocervix,raw,ENSG00000274400.1,ENSG00000274400,-0.2885239261140319,285279.3444339792,-12.051709367721065,3.2043218617645604,36.93317867500922,5.263794154215639,0.0,-4.877624018278254,1.0,-1.0,-0.1250165874040025,-0.76316616800227,0.1998131194950995,1.216807828903715,2.528136135664232,-1.0,-0.1250165874040025,1.6711165011032822,0.0,1.671116501103288,23,True
colon_sigmoid,excluded_at_or_below_-1,ENSG00000274400.1,ENSG00000274400,1.6307039806901829,22.183714825384108,-0.6932525984565516,0.4194159512689518,449.54795271488945,5.397384794616688,0.0,0.7969580224166425,0.727915009331165,-0.929607924120665,0.9074598669225044,-0.4874199810553367,0.34330743904131544,1.339039161888233,1.856076859141294,-0.929607924120665,0.9074598669225044,22.18369906579502,0.0,16.14784751247794,348,True
colon_sigmoid,raw,ENSG00000274400.1,ENSG00000274400,-1.8878778044638844,1053336199748.2195,-29.720814837530472,5.868123911105167,2744.746090816404,7.381391759153997,0.0,-6.9216953290259315,1.0,-1.0,0.9074598669225044,-0.5742772157691102,0.36729590463096334,1.168834165201704,1.4886201018316436,-1.0,0.9074598669225044,40.044430805810705,0.0,40.044430805810705,419,True
colon_transverse,excluded_at_or_below_-1,ENSG00000274400.1,ENSG00000274400,1.83616259879115,27.066796000380226,-0.7819659748362565,0.32073591763003334,289.3747482683887,6.69902493423342,0.0,0.7594609856257107,0.7494688743542065,-0.95420758148591,0.7373363191555937,-0.5984860030852984,0.29259103721660934,1.5145633560914116,2.5975149277986995,-0.95420758148591,0.7373363191555937,27.066795899277984,0.0,20.285721055006924,356,True
colon_transverse,raw,ENSG00000274400.1,ENSG00000274400,8.712231430929114,829730091404.3154,-1.9619818367455235,0.20642536635961428,4289.757361306716,18.492942086317857,0.0,-6.590506701158327,1.0,-1.0,0.7373363191555937,-0.7015887622095329,0.3072648312215812,1.4417337776809416,2.4149281336737367,-1.0,0.7373363191555937,307.0396845184211,0.0,307.0396845184157,479,True
esophagus_gastroesophageal_junction,excluded_at_or_below_-1,ENSG00000274400.1,ENSG00000274400,1.3253218390604233,16.000656097909502,-0.7047562039349091,0.32080796185026794,236.37388048276594,4.067801274811849,0.0,0.9838317669806298,0.6162409572817359,-0.9279339985524218,0.2180061502844268,-0.5916452535302887,0.2315717390520784,0.9835408131066822,0.7772493116591948,-0.9279339985524218,0.2180061502844268,15.996506483260907,0.0,9.857702468408196,319,True
esophagus_gastroesophageal_junction,raw,ENSG00000274400.1,ENSG00000274400,-0.7477452004565032,7922777400099.92,-23.595036751483523,4.41360437704094,4779.266193856767,7.630209995312459,0.0,-7.239934685240167,1.0,-1.0,0.2180061502844268,-0.6767613793453152,0.264577790303786,0.7520163262510559,0.27667964976797155,-1.0,0.2180061502844268,31.060634791430786,0.0,31.060634791430786,403,True
esophagus_mucosa,excluded_at_or_below_-1,ENSG00000274400.1,ENSG00000274400,0.7031275335918066,24.067058743703,-0.8428975077131279,0.15039360505554475,474.69488465188397,9.866916247140935,0.0,0.9446085102587695,0.6401041732071086,-0.9433512743886344,0.2063931685116038,-0.7703459164089006,0.14866682221676625,2.410954251448076,9.468261879961515,-0.9433512743886344,0.2063931685116038,24.066618956190222,0.0,15.405143228842668,213,True
esophagus_mucosa,raw,ENSG00000274400.1,ENSG00000274400,5.461538522098216,428.96377074925846,-0.9866862543962592,0.006200922296853613,2975.6923077044294,272.0997006720591,0.0,3.03639986076734,0.010113713437397604,-1.0,0.2063931685116038,-0.9203317267021106,0.1400439255050698,2.5558819643738517,9.942712182452574,-1.0,0.2063931685116038,422.15536831781344,0.0,4.269558421225405,614,True
esophagus_muscularis,excluded_at_or_below_-1,ENSG00000274400.1,ENSG00000274400,0.8650091839809554,28.042691247463942,-0.7864358272689658,0.4533732552671251,403.02682726364344,3.9964319317407035,0.0,0.42313036086188466,0.9143441712856983,-0.9220843560416634,0.4947535224544124,-0.5812688598524389,0.2537943502354147,1.1045313874610878,1.2414875004064987,-0.9220843560416634,0.4947535224544124,28.033056125120847,0.0,25.631861471329092,457,True
esophagus_muscularis,raw,ENSG00000274400.1,ENSG00000274400,-3.3025380512997393,3550818305021.031,-26.638588705655955,5.136830243035688,6063.483791831484,7.470042566333198,0.0,-7.058524060981394,1.0,-1.0,0.4947535224544124,-0.658894597063395,0.28102538069715144,0.8979771899688971,0.7421066080622523,-1.0,0.4947535224544124,51.1718649407385,0.0,51.1718649407385,561,True
fallopian_tube,excluded_at_or_below_-1,ENSG00000274400.1,ENSG00000274400,0.005493224564754406,1.4194991192035615,-0.8008514156396792,0.38246883680826804,20.074740185255248,4.067749364301411,0.0,0.3858302230112197,0.928252125530345,-0.905197775006331,0.2992563822103653,-0.6278636414800728,0.26090689820068796,2.1301414503165086,5.704723763811652,-0.905197775006331,0.2992563822103653,1.4191363571108555,0.0,1.3173163399055423,21,True
fallopian_tube,raw,ENSG00000274400.1,ENSG00000274400,0.5384615384611663,78.07735836508645,-0.9966852470836144,0.008435662095105595,29.692307692329656,217.26074462546268,0.0,0.5557084289789435,0.8696279825255957,-1.0,0.2992563822103653,-0.7305219472786734,0.2779843803744149,1.7323963031578644,4.446540882704866,-1.0,0.2992563822103653,76.93677226931844,0.0,66.90637005059858,29,True
heart_atrial_appendage,excluded_at_or_below_-1,ENSG00000274400.1,ENSG00000274400,1.0394812489296708,30.482921564981012,-0.8112723841692115,0.4021439933976672,312.5604168620057,5.701788720894025,0.0,0.5481232920184586,0.8605292189243294,-0.9671360354530384,0.8100810993050058,-0.6236956584276825,0.26634959942822733,1.4081146002854357,2.840207036409403,-0.9671360354530384,0.8100810993050058,30.48255684535665,0.0,26.231130832951226,388,True
heart_atrial_appendage,raw,ENSG00000274400.1,ENSG00000274400,-1.0127786704750164,1976635489911.2437,-20.100065620342676,3.8801179079219352,1100.7712314478886,7.621266617120541,0.0,-6.961533768691895,1.0,-1.0,0.8100810993050058,-0.6832839814966178,0.28035247210367714,1.2794370719057546,2.332722222431838,-1.0,0.8100810993050058,58.7189742985542,0.0,58.71897429855357,461,True
heart_left_ventricle,excluded_at_or_below_-1,ENSG00000274400.1,ENSG00000274400,1.6163881446441206,26.9019278754763,-0.9067760794429528,0.3400457500349119,363.1926557401524,5.070558254449588,0.0,0.22709100232446242,0.9745483476029444,-0.961379805687822,0.3124328368092186,-0.6853042061183091,0.2308334310771186,1.3539215258699264,1.93936094848043,-0.961379805687822,0.3124328368092186,26.90174780355695,0.0,26.217053869587566,365,True
heart_left_ventricle,raw,ENSG00000274400.1,ENSG00000274400,1.2094821861228995,4779832375662.512,-12.733520364934613,2.340403505680846,2337.6267583516033,7.883155151326616,0.0,-7.0901037339047095,1.0,-1.0,0.3124328368092186,-0.7458761841442096,0.24172761459863515,1.2935589789452495,1.7850656066376969,-1.0,0.3124328368092186,57.85838768666447,0.0,57.85838768666447,452,True
kidney_cortex,excluded_at_or_below_-1,ENSG00000274400.1,ENSG00000274400,0.502656266367112,4.33726133432739,-0.8242878732051341,0.14306232297573868,51.53025321335891,7.4046327775012335,0.0,1.2333913558127563,0.46738401846177746,-0.9490581605192204,-0.0752327134214566,-0.7189745572478076,0.20299386760375743,1.4311310733157876,1.441448968398924,-0.9490581605192204,-0.0752327134214566,4.337161281736418,0.0,2.0271198685748004,65,True
kidney_cortex,raw,ENSG00000274400.1,ENSG00000274400,1.666666666666665,58.54939901679075,-0.991175495928188,0.004077297326283606,148.6666666667409,317.69542462076254,0.0,3.0607856972128773,0.00934762871847114,-1.0,-0.0752327134214566,-0.8243590982798797,0.21046041951760455,1.5266121041408685,2.079364064006792,-1.0,-0.0752327134214566,57.87577274367782,0.0,0.541001235402512,104,True
kidney_medulla,excluded_at_or_below_-1,ENSG00000274400.1,ENSG00000274400,,,,,,,,,,-0.9311572454647392,-0.6210900259624209,,,,,,,,,,8,False
kidney_medulla,raw,ENSG00000274400.1,ENSG00000274400,0.20512820981728522,3.324232640577251,-0.9963027536836842,0.0024950428266268527,8.358974385640176,212.6740762345129,0.0,2.0956337214607386,0.11143743684809407,-1.0,-0.6210900259624209,-0.8305357985044391,0.1475321677540261,0.11922693567720509,-1.5089184620131337,-1.0,-0.6210900259624209,3.3190893909876986,0.0,0.3698708144013706,11,True
liver,excluded_at_or_below_-1,ENSG00000274400.1,ENSG00000274400,0.5506101230480674,10.744773998640571,-0.8482373041936144,0.13913488505249688,66.45619609513241,7.094311404200266,0.0,0.9967621112232022,0.6084969218975828,-0.9463019709876505,-0.1502760994561252,-0.7822502097214262,0.13456659343790728,1.8509484889351004,4.579623416581009,-0.9463019709876505,-0.1502760994561252,10.744731791869581,0.0,6.538136221967739,134,True
liver,raw,ENSG00000274400.1,ENSG00000274400,3.435897410121593,189.74813419218373,-0.9923214232497367,0.004536368551580605,769.5897435915047,262.50775339381295,0.0,2.3937974299203,0.05793336326194203,-1.0,-0.1502760994561252,-0.8886317866514164,0.1453287751853814,1.6893418093651054,3.7492672037241217,-1.0,-0.1502760994561252,186.61102191107207,0.0,10.811004121056431,262,True
lung,excluded_at_or_below_-1,ENSG00000274400.1,ENSG00000274400,1.6351261898358247,28.45861635979837,-0.6743180815324528,0.3524637609884922,536.6684578426004,5.421741184545178,0.0,1.1085075481810558,0.5409714576092041,-0.950590880713084,0.6769398471528956,-0.5458245745981244,0.2806944755652934,1.270306796804244,1.9620570666604005,-0.950590880713084,0.6769398471528956,28.458431459265356,0.0,15.395199147790409,444,True
lung,raw,ENSG00000274400.1,ENSG00000274400,11.384615354792409,8817.246496444315,-0.986081234635326,0.0034854707448711874,5597.2307692307695,674.7630780829284,0.0,5.647474384679929,1.1872345968167819e-07,-1.0,0.6769398471528956,-0.6661359455655086,0.31323740192141025,1.07188256736857,1.263647137479941,-1.0,0.6769398471528956,8812.710781204676,0.0,0.001046275513118644,604,True
minor_salivary_gland,excluded_at_or_below_-1,ENSG00000274400.1,ENSG00000274400,-0.12826140856798326,9.627493789462832,-1.0759700401645378,0.4424882350085301,98.49986647318279,3.170851628813256,0.0,-0.46606298691271253,1.0,-0.9301452553026576,-0.0838535889878756,-0.7390444078477639,0.1514959954619299,1.1829572824128092,1.9530496958963477,-0.9301452553026576,-0.0838535889878756,8.57352498278652,0.0,8.57352498278652,109,True
minor_salivary_gland,raw,ENSG00000274400.1,ENSG00000274400,2.794871794871795,94.14964489514742,-0.9885703837915012,4.0039039961061126e-05,402.35897435897425,31955.380612579884,,403.70394171533934,,-1.0,-0.0838535889878756,-0.842849947267438,0.1737075013107753,1.1229928991134404,1.1698781128027855,-1.0,-0.0838535889878756,0.0,0.0,0.0,181,True
muscle_skeletal,excluded_at_or_below_-1,ENSG00000274400.1,ENSG00000274400,0.6964861669858581,48.695785465862095,-0.9097452952875539,0.24988100742787667,612.8150972111979,6.672234027350201,0.0,0.18415976550647428,0.983186066799855,-0.9422849547539924,0.2691887815085307,-0.7685526843686403,0.14674637902368848,1.8996795408562612,6.779252793540168,-0.9422849547539924,0.2691887815085307,48.69576025478136,0.0,47.87699299472719,436,True
muscle_skeletal,raw,ENSG00000274400.1,ENSG00000274400,11.17948717948718,559.9356922648867,-0.9874318271593219,0.005135401482471767,11853.743589743588,346.0547171630765,0.0,3.4610887865735602,0.0025067413926474977,-1.0,0.2691887815085307,-0.8766368831109135,0.15752987389092413,1.716607136329256,4.762010770571674,-1.0,0.2691887815085307,559.4900628677619,0.0,1.402496899365568,818,True
nerve_tibial,excluded_at_or_below_-1,ENSG00000274400.1,ENSG00000274400,2.5758199626196965,31.303700537613775,-0.5584482470820519,0.49556541871990745,1121.0163904600981,4.546391365788239,0.0,1.0361581074562292,0.5845964430161731,-0.9215363548781124,1.0346876135801506,-0.37814272308054253,0.3633689896519675,0.8856696469289039,0.43975771473272207,-0.9215363548781124,1.0346876135801506,31.302640494224217,0.0,18.2994122899375,581,True
nerve_tibial,raw,ENSG00000274400.1,ENSG00000274400,-3.3753793950086637,45.616703120717844,-1.2278248718430087,1.2836029290042648,5047.046329856496,2.492730243616686,0.0,-0.2510067687803046,1.0,-1.0,1.0346876135801506,-0.4607476449399929,0.39885215581119293,0.7066531381022076,0.1674105188767827,-1.0,1.0346876135801506,42.16111226701273,0.0,42.161112267012726,670,True
ovary,excluded_at_or_below_-1,ENSG00000274400.1,ENSG00000274400,0.29936958521940427,8.459818810396104,-0.7227656634211348,0.3242649029983116,173.24936040361996,4.76884864813667,0.0,0.8949424397766697,0.670011002430857,-0.9279669365133628,0.3706832225496719,-0.6134653154585553,0.22981763682472883,1.4115626343148142,2.8486255473457813,-0.9279669365133628,0.3706832225496719,8.459674639471586,0.0,5.668075085431257,134,True
ovary,raw,ENSG00000274400.1,ENSG00000274400,3.4358974257911,175.889660433204,-0.9919491163876452,0.008461092431110689,653.5897435945556,227.75464869852053,0.0,1.3456499720787278,0.4113069005747843,-1.0,0.3706832225496719,-0.7316287682458366,0.26165439215161196,1.1196820918972883,1.6325465647122366,-1.0,0.3706832225496719,172.92977233375163,0.0,71.12720867569844,193,True
pancreas,excluded_at_or_below_-1,ENSG00000274400.1,ENSG00000274400,1.153345048286259,9.929120653411687,-0.8743385139641222,0.07719583680273354,233.29468297197386,7.8294775225139395,0.0,1.6731791716583249,0.24666192411373195,-0.9656701697434164,-0.4469610052486429,-0.8212051424872833,0.10645803533740725,1.3772889728316628,1.5514741955536788,-0.9656701697434164,-0.4469610052486429,9.928845997547286,0.0,2.4490682579839405,146,True
pancreas,raw,ENSG00000274400.1,ENSG00000274400,3.743589743589744,275.9423643190318,-0.9921831024047302,0.0017645975191930771,715.4358974379645,436.9611063809236,0.0,6.264750162387099,3.187708078425632e-09,-1.0,-0.4469610052486429,-0.9278893668595121,0.11075440960671365,1.760755686740457,2.974508340387054,-1.0,-0.4469610052486429,259.9809527293438,0.0,8.287433832521174e-07,362,True
pituitary,excluded_at_or_below_-1,ENSG00000274400.1,ENSG00000274400,0.2080800301910322,13.564514510781182,-0.4464487809723832,0.5417807900607248,274.16668275683196,3.0525372694624004,0.0,1.2035348263438623,0.47976090873172794,-0.9075192065649726,0.72296869425251,-0.3544373335390082,0.3246109476989893,0.5471701462009744,-0.1464727030949451,-0.9075192065649726,0.72296869425251,13.43592611641825,0.0,6.446032123265176,291,True
pituitary,raw,ENSG00000274400.1,ENSG00000274400,-0.03751009646432984,14.289404528879164,-0.4757907723920458,0.6018941987597319,588.0231732303616,2.8166111240899507,0.0,1.2316845730228214,0.45809618315315165,-1.0,0.72296869425251,-0.3998123452391417,0.35392510560329626,0.3511020159796101,-0.25945073375647576,-1.0,0.72296869425251,14.01878970424631,0.0,6.421954055941934,313,True
prostate,excluded_at_or_below_-1,ENSG00000274400.1,ENSG00000274400,-0.05164654126466426,12.379596513426517,-0.8468024469754997,0.4620725207902417,300.14966450955603,3.638024957576021,0.0,0.23612505970532097,0.9724755968426889,-0.923952676942676,0.3418662290794381,-0.6364796153088672,0.210549446417638,1.0859728675377962,1.8091224847585146,-0.923952676942676,0.3418662290794381,12.362987141166494,0.0,12.022703298864375,188,True
prostate,raw,ENSG00000274400.1,ENSG00000274400,4.820512831387878,173.71473265047794,-0.990627253073683,0.009063165730913867,1225.7435920295234,207.92186860348662,0.0,1.4625205158365484,0.3438959092373419,-1.0,0.3418662290794381,-0.757653076872578,0.24284147083044977,0.9710034536655019,0.8708934465145566,-1.0,0.3418662290794381,173.3560571911018,0.0,59.6164389095346,282,True
skin_not_sun_exposed_suprapubic,excluded_at_or_below_-1,ENSG00000274400.1,ENSG00000274400,1.6026315943917557,24.379385187663,-0.8176447830371335,0.25632753507247447,1274.1928224534622,5.21063601451938,0.0,0.65333433283993,0.8078168813079643,-0.9360622438583004,0.1267878834976057,-0.6869520806846873,0.19733414344818942,1.413538763863318,2.1596044883090153,-0.9360622438583004,0.1267878834976057,24.379273750606085,0.0,19.693988889767724,374,True
skin_not_sun_exposed_suprapubic,raw,ENSG00000274400.1,ENSG00000274400,9.58974366631818,306.94595817800354,-0.9882562362149219,0.0063045545013837734,5023.435897832601,250.1224339318048,0.0,2.634316193875115,0.03128693120923414,-1.0,0.1267878834976057,-0.820153729917163,0.21526421587838018,1.4081201170276703,2.037466996527648,-1.0,0.1267878834976057,305.3368511949678,0.0,9.553053058981144,651,True
skin_sun_exposed_lower_leg,excluded_at_or_below_-1,ENSG00000274400.1,ENSG00000274400,1.6322022986451874,28.398781660264927,-0.791655330318901,0.33656488334280904,973.7816548897292,4.052796039710226,0.0,0.5513364256457982,0.8589639787694135,-0.9228664038916526,0.1728587025039685,-0.6402423807991612,0.21129295869878434,1.078096943076677,0.9567673694612586,-0.9228664038916526,0.1728587025039685,28.39101778374879,0.0,24.38686159684204,504,True
skin_sun_exposed_lower_leg,raw,ENSG00000274400.1,ENSG00000274400,12.923076954880624,372.5585979859414,-0.9882904515091157,0.004389576278021898,6254.76923076926,374.0937114511984,0.0,3.772528653389039,0.0008120823406203333,-1.0,0.1728587025039685,-0.7595254110381662,0.2419608716345849,0.9873842668982066,0.5897044142466012,-1.0,0.1728587025039685,372.5297622908518,0.0,0.3025248413118913,754,True
small_intestine_terminal_ileum,excluded_at_or_below_-1,ENSG00000274400.1,ENSG00000274400,0.4153565797622177,12.836101592693787,-0.8223447064565328,0.5775767961109172,307.3599146365504,4.514022477020314,0.0,0.25894507571943265,0.9670358506124538,-0.9281000684343668,1.0212203032546625,-0.5107104848632014,0.32279672169514034,1.277879526657926,2.129834984679994,-0.9281000684343668,1.0212203032546625,12.835518068894915,0.0,12.412406133805316,179,True
small_intestine_terminal_ileum,raw,ENSG00000274400.1,ENSG00000274400,-0.18055138009066404,20.022725413914106,-1.341858969034149,0.9814486521119284,516.3492645654351,3.405067344727941,0.0,-0.4925999841017066,1.0,-1.0,1.0212203032546625,-0.5768945738672128,0.343764031707462,1.1071613327526728,1.6338945402456861,-1.0,1.0212203032546625,17.674220452648107,0.0,17.674220452648104,207,True
spleen,excluded_at_or_below_-1,ENSG00000274400.1,ENSG00000274400,0.28209077044751685,13.071536817442112,-0.49380728429979337,0.5557702669933483,302.63682514138145,3.6362327880549956,0.0,1.058755308605332,0.5703562333282768,-0.9098863944144036,0.935191928574492,-0.3665760930698201,0.33829122080655494,0.7796517383620747,0.48829907762402724,-0.9098863944144036,0.935191928574492,13.053948401042751,0.0,7.445400840080425,250,True
spleen,raw,ENSG00000274400.1,ENSG00000274400,-0.3222031816259194,13.973452010339457,-0.5826365383160311,0.7120707388984926,607.3755155274432,3.014494889304156,0.0,0.8289079099999258,0.706127280818606,-1.0,0.935191928574492,-0.4283177735287186,0.3723844081073341,0.5477848510424312,0.16213649175822864,-1.0,0.935191928574492,13.824832095384739,0.0,9.762091095287815,277,True
stomach,excluded_at_or_below_-1,ENSG00000274400.1,ENSG00000274400,1.1139269576646564,19.30044992117493,-0.7763188095109235,0.28015592726451904,221.60007832952695,5.052257874047796,0.0,0.8354454302320415,0.7054031966101202,-0.9418206795345788,0.2245342632797293,-0.6611945735606257,0.20632791410328138,1.2337372723522342,1.7051180747288965,-0.9418206795345788,0.2245342632797293,19.300394595303413,0.0,13.614560043363714,307,True
stomach,raw,ENSG00000274400.1,ENSG00000274400,2.757490561808626,3946458774626.478,-10.254151031107167,1.8476510916826885,5716.552113799433,8.020507186595193,0.0,-7.083234467456647,1.0,-1.0,0.2245342632797293,-0.7444391500813563,0.23111067212198377,1.0132438788449396,1.0557684472595348,-1.0,0.2245342632797293,50.24398520580215,0.0,50.243985205801614,407,True
testis,excluded_at_or_below_-1,ENSG00000274400.1,ENSG00000274400,0.45256426224945656,19.36446289158489,-0.5948896441934024,0.40319860110849515,350.9891725274754,3.5292396715565855,0.0,1.136994246400188,0.5229985771880651,-0.9190517805313512,0.4113123442533828,-0.5142309327680451,0.24632515535571384,0.6269470845815726,0.08472918964832665,-0.9190517805313512,0.4113123442533828,19.326239035045766,0.0,10.10759551772538,381,True
testis,raw,ENSG00000274400.1,ENSG00000274400,0.10161572001962306,20.381443948843064,-0.6205128845331255,0.4547117079916866,960.500669924251,3.209112954213355,0.0,1.1802551287043408,0.4953971837050401,-1.0,0.4113123442533828,-0.5529516555184184,0.27051768911963764,0.40511502030250285,-0.10780436340670274,-1.0,0.4113123442533828,20.2631471606771,0.0,10.038306036400217,414,True
thyroid,excluded_at_or_below_-1,ENSG00000274400.1,ENSG00000274400,2.3101569555134938,26.481679397583758,-0.7182114242956633,0.3311421762340893,712.0091782268314,4.5705971039070254,0.0,0.8269529221357311,0.7103941526330873,-0.9118448312753382,0.3520070433714604,-0.5723172978141488,0.2500691717719006,1.0979632454418442,1.0087877427318608,-0.9118448312753382,0.3520070433714604,26.480853281404187,0.0,18.811843327844237,484,True
thyroid,raw,ENSG00000274400.1,ENSG00000274400,12.410256437090494,389.820615655843,-0.9895617530560511,0.0075556204055072795,5457.435897440932,251.10641945185913,0.0,1.9537654889030844,0.150164427451513,-1.0,0.3520070433714604,-0.6973707195059181,0.2865712613329424,0.9350746725750441,0.5503823646308637,-1.0,0.3520070433714604,384.9491635662179,0.0,57.80567074485974,684,True
uterus,excluded_at_or_below_-1,ENSG00000274400.1,ENSG00000274400,0.2216019131448046,2533202742720.662,-13.78888516231232,2.510580488503279,63.16307424317788,7.857301648434685,0.0,-7.27622120004992,1.0,-0.8717844775856551,0.1597777098943833,-0.6205615312166901,0.22211226244051116,1.097866956742725,0.7686557270096359,-0.8717844775856551,0.1597777098943833,7.9758329628052325,0.0,7.9758329628052325,83,True
uterus,raw,ENSG00000274400.1,ENSG00000274400,2.1282051141187943,108.31972273394815,-0.9894890674137481,0.0058303334902036034,262.35897435899335,278.7677010217165,0.0,2.549545997950768,0.03956433711986459,-1.0,0.1597777098943833,-0.7941608306600345,0.2501658296124902,1.2272925894424638,0.9842947972136131,-1.0,0.1597777098943833,106.14668899438288,0.0,4.199623387531162,153,True
vagina,excluded_at_or_below_-1,ENSG00000274400.1,ENSG00000274400,0.38513813667294433,6.483988095002481,-0.7259401195258586,0.2872657831897239,139.9955922905951,5.925476924348663,0.0,0.9648538189796644,0.6278396522075008,-0.9219285440094211,0.4776876879951863,-0.6018336890601946,0.2541381264379014,1.621643584463039,3.375413099401971,-0.9219285440094211,0.4776876879951863,6.48398156022539,0.0,4.0709007276917575,94,True
vagina,raw,ENSG00000274400.1,ENSG00000274400,2.410256392125595,127.6010553971274,-0.9884849553872519,0.009376103606508247,345.43589762168506,221.14529916377924,0.0,1.7368336513875333,0.2229840944150083,-1.0,0.4776876879951863,-0.7798374515979901,0.27379402007314524,1.5581939533117668,2.947356652663365,-1.0,0.4776876879951863,126.62980534632361,0.0,28.236432471098684,170,True
whole_blood,excluded_at_or_below_-1,ENSG00000274400.1,ENSG00000274400,1.2492171579491516,19.543038242815996,-0.7648282469596298,0.31312248191047465,330.8842942483218,4.572753568563777,0.0,0.7042967581668907,0.780340471904993,-0.9207673178229158,0.2476298319680043,-0.6282485489730161,0.21969250534368515,1.169675047798899,1.3143088632906341,-0.9207673178229158,0.2476298319680043,19.542473053796265,0.0,15.249782644989986,332,True
whole_blood,raw,ENSG00000274400.1,ENSG00000274400,8.512820512808698,563.0224897268051,-0.9872813686849947,0.006486312339369165,2767.7435897536197,269.24823796872,0.0,2.7730488387571204,0.02141349942942051,-1.0,0.2476298319680043,-0.8462995246065272,0.23124897326195168,1.6426616916678236,2.440749811952834,-1.0,0.2476298319680043,562.3662814096149,0.0,12.042230046090136,803,True
adipose_subcutaneous,excluded_at_or_below_-1,ENSG00000274403.1,ENSG00000274403,0.5251863818869777,51.40745874331889,1.171786429174097,0.6390497019157365,280.0595805811696,3.9096701133189113,0.0,3.526308131813671,0.0015155991253731416,-0.4216689162244743,2.938473998138431,1.1653675370976537,0.47207821823254636,-0.04023091131331913,0.24800978995712386,-0.4216689162244743,2.938473998138431,51.38279479109727,0.0,0.07787571884461464,714,True
adipose_subcutaneous,raw,ENSG00000274403.1,ENSG00000274403,0.5251863818869777,51.40745874331889,1.171786429174097,0.6390497019157365,280.0595805811696,3.9096701133189113,0.0,3.526308131813671,0.0015155991253731416,-0.4216689162244743,2.938473998138431,1.1653675370976537,0.47207821823254636,-0.04023091131331913,0.24800978995712386,-0.4216689162244743,2.938473998138431,51.38279479109727,0.0,0.07787571884461464,714,True
adipose_visceral_omentum,excluded_at_or_below_-1,ENSG00000274403.1,ENSG00000274403,-14.942506070033614,39.616239435090826,0.7563071710366616,1.7368946350334757,755.6320159594209,1.5707067008638573,0.0,1.2049284616975597,0.271778886876876,-0.7235497872078831,2.685401980001468,0.7683831903609758,0.6944415898307484,0.0868068404153579,-0.8179655869247604,-0.7235497872078831,2.685401980001468,28.077853468016592,0.0,7.6309677614295826,587,True
adipose_visceral_omentum,raw,ENSG00000274403.1,ENSG00000274403,-14.942506070033614,39.616239435090826,0.7563071710366616,1.7368946350334757,755.6320159594209,1.5707067008638573,0.0,1.2049284616975597,0.271778886876876,-0.7235497872078831,2.685401980001468,0.7683831903609758,0.6944415898307484,0.0868068404153579,-0.8179655869247604,-0.7235497872078831,2.685401980001468,28.077853468016592,0.0,7.6309677614295826,587,True
adrenal_gland,excluded_at_or_below_-1,ENSG00000274403.1,ENSG00000274403,0.784466988692802,15.542987112609755,0.32548941600215225,0.5381614508913648,308.5696265174906,3.1488891100786973,0.0,2.7635559671890655,0.015035026507807135,-0.726147570441622,1.523760156195281,0.33201942135919416,0.41614505834227383,0.10382829434891173,-0.05307493521319584,-0.726147570441622,1.523760156195281,15.433739594494456,0.0,0.2320466839178167,294,True
adrenal_gland,raw,ENSG00000274403.1,ENSG00000274403,0.4250060560389503,17.639776265787393,0.3250810834752561,0.5619497451334797,342.1034111367322,3.0166188636152995,0.006745281751556089,3.334724600773018,0.0,-1.0,1.523760156195281,0.3275041012867901,0.4226134962180428,0.024222022649010817,0.09831753856667813,-1.0,1.523760156195281,17.571650378548142,0.11852573264314442,0.0,295,True
artery_aorta,excluded_at_or_below_-1,ENSG00000274403.1,ENSG00000274403,-1.377032908969254,24.70884807396802,1.3402476758963366,1.034313011829665,270.07489619155587,2.2906625113697245,0.0032360836185971586,2.309095193962365,0.0,-0.3485546862171547,3.015568931650968,1.3723650707922865,0.6409598836905946,0.09982167299228342,-0.4486363985680657,-0.3485546862171547,3.015568931650968,22.990713405668046,0.07439987103194445,0.0,472,True
artery_aorta,raw,ENSG00000274403.1,ENSG00000274403,-1.377032908969254,24.70884807396802,1.3402476758963366,1.034313011829665,270.07489619155587,2.2906625113697245,0.0032360836185971586,2.309095193962365,0.0,-0.3485546862171547,3.015568931650968,1.3723650707922865,0.6409598836905946,0.09982167299228342,-0.4486363985680657,-0.3485546862171547,3.015568931650968,22.990713405668046,0.07439987103194445,0.0,472,True
artery_coronary,excluded_at_or_below_-1,ENSG00000274403.1,ENSG00000274403,-0.03228265902431428,13.392791748329405,1.2692444649424157,1.0596319073653968,153.70254656220615,2.9521042705066387,0.0,1.8756432065513458,0.16147189407530146,-0.1361241734122316,3.4811762142387233,1.342312990814774,0.6861539581602789,0.311809760921347,-0.3377585384702546,-0.1361241734122316,3.4811762142387233,13.221183927461443,0.0,2.1348496106851327,268,True
artery_coronary,raw,ENSG00000274403.1,ENSG00000274403,-0.03228265902431428,13.392791748329405,1.2692444649424157,1.0596319073653968,153.70254656220615,2.9521042705066387,0.0,1.8756432065513458,0.16147189407530146,-0.1361241734122316,3.4811762142387233,1.342312990814774,0.6861539581602789,0.311809760921347,-0.3377585384702546,-0.1361241734122316,3.4811762142387233,13.221183927461443,0.0,2.1348496106851327,268,True
artery_tibial,excluded_at_or_below_-1,ENSG00000274403.1,ENSG00000274403,1.607726825320364,43.77351093346957,1.0949226379377996,0.7145705512664943,921.2983316680001,3.2250643008813187,0.004708210835318916,3.773418726992013,0.0,-0.8117016313001469,2.7244756535966017,1.0696110902740719,0.5659089525454819,-0.19891189796746236,0.1652881993343387,-0.8117016313001469,2.7244756535966017,43.73808186837208,0.2059281109687352,0.0,691,True
artery_tibial,raw,ENSG00000274403.1,ENSG00000274403,1.607726825320364,43.77351093346957,1.0949226379377996,0.7145705512664943,921.2983316680001,3.2250643008813187,0.004708210835318916,3.773418726992013,0.0,-0.8117016313001469,2.7244756535966017,1.0696110902740719,0.5659089525454819,-0.19891189796746236,0.1652881993343387,-0.8117016313001469,2.7244756535966017,43.73808186837208,0.2059281109687352,0.0,691,True
bladder,excluded_at_or_below_-1,ENSG00000274403.1,ENSG00000274403,0.7042161894126565,3.5895317696652085,1.3799051447225548,0.49956245143513883,48.41651167204873,3.723609314960518,0.0,3.6450809765144117,0.000327604071918112,0.0923021710588567,2.6952477825395484,1.4550609032660757,0.5331393376388778,0.09715678224108325,-0.12205466593025749,0.0923021710588567,2.6952477825395484,3.586004634107408,0.0,0.0011747897200508062,77,True
bladder,raw,ENSG00000274403.1,ENSG00000274403,0.7042161894126565,3.5895317696652085,1.3799051447225548,0.49956245143513883,48.41651167204873,3.723609314960518,0.0,3.6450809765144117,0.000327604071918112,0.0923021710588567,2.6952477825395484,1.4550609032660757,0.5331393376388778,0.09715678224108325,-0.12205466593025749,0.0923021710588567,2.6952477825395484,3.586004634107408,0.0,0.0011747897200508062,77,True
brain_amygdala,excluded_at_or_below_-1,ENSG00000274403.1,ENSG00000274403,1.114672087016243,7.087262410741416,-0.2931120659547821,0.43085211762095976,168.12525133618487,3.1822416946303536,0.0,2.1324645877188355,0.09722122443125593,-0.9427854305834102,0.6763847691713718,-0.25305083221904895,0.3506470227919385,0.33346581984181384,-0.25077756975200804,-0.9427854305834102,0.6763847691713718,7.042406725960845,0.0,0.6846714048408256,176,True
brain_amygdala,raw,ENSG00000274403.1,ENSG00000274403,1.485135836053114,7.139382284149777,-0.2968246508158403,0.40572110267488826,197.3294308652125,3.392295721620485,0.0,2.4510436084946234,0.04657508873879453,-1.0,0.6763847691713718,-0.273684787130125,0.3668896009606203,0.2173144428843396,-0.26050045411365597,-1.0,0.6763847691713718,7.116723880316523,0.0,0.33146204625524023,181,True
brain_anterior_cingulate_cortex_ba24,excluded_at_or_below_-1,ENSG00000274403.1,ENSG00000274403,0.16840397799149534,11.126586459614527,-0.31719909240663596,0.472645538003099,255.43594579376912,2.921419529728439,0.0,1.9029978339329965,0.15164692222869572,-0.9532016446157228,0.6591710557089283,-0.2774661530694105,0.3206560275657254,0.3970092152045563,-0.16886219777699596,-0.9532016446157228,0.6591710557089283,10.97057595646633,0.0,1.6636540788742487,231,True
brain_anterior_cingulate_cortex_ba24,raw,ENSG00000274403.1,ENSG00000274403,0.2710013688094593,11.313362936044866,-0.3183890662054557,0.46970335218634746,294.50111610590545,2.9433019287840665,0.0,2.0522387637795805,0.11004230794203672,-1.0,0.6591710557089283,-0.283668160339201,0.3261836155400394,0.3371790547324817,-0.14687174911037637,-1.0,0.6591710557089283,11.164616556986681,0.0,1.22858017321869,233,True
brain_caudate_basal_ganglia,excluded_at_or_below_-1,ENSG00000274403.1,ENSG00000274403,2.859379011080827,10.443272881359537,-0.007139465678039374,0.44921263540466544,372.6279608333186,2.753921546087284,0.0086730489724585,2.9219331597186184,0.0,-0.935266115058313,0.8676197562174661,-0.06675237575748015,0.3991678995380077,-0.1088917598935194,-0.6480680284480389,-0.935266115058313,0.8676197562174661,10.297026164546944,0.08930661219580216,0.0,298,True
brain_caudate_basal_ganglia,raw,ENSG00000274403.1,ENSG00000274403,2.222091760260345,11.307550880460273,-0.01876313784743709,0.4959185420496125,364.53211677768707,2.5277028462402096,0.02146801219991256,2.7981984150488737,0.0,-1.0,0.8676197562174661,-0.07297402658576362,0.40503845205384637,-0.1393213394685911,-0.617217867428173,-1.0,0.8676197562174661,11.082025182504028,0.2379090518177347,0.0,300,True
brain_cerebellar_hemisphere,excluded_at_or_below_-1,ENSG00000274403.1,ENSG00000274403,1.1167929769432043,23.211791296925657,1.0792254982566312,0.45247689396400925,240.92318399419824,4.57830737454883,2.77036744947422e-05,5.439104520499261,0.0,-0.6610131650265543,2.5440525622625785,1.0200352658349132,0.4719428158678944,-0.5235064503067198,1.8049732461474282,-0.6610131650265543,2.5440525622625785,23.21160167391556,0.0006430466572757698,0.0,277,True
brain_cerebellar_hemisphere,raw,ENSG00000274403.1,ENSG00000274403,1.1167929769432043,23.211791296925657,1.0792254982566312,0.45247689396400925,240.92318399419824,4.57830737454883,2.77036744947422e-05,5.439104520499261,0.0,-0.6610131650265543,2.5440525622625785,1.0200352658349132,0.4719428158678944,-0.5235064503067198,1.8049732461474282,-0.6610131650265543,2.5440525622625785,23.21160167391556,0.0006430466572757698,0.0,277,True
brain_cerebellum,excluded_at_or_below_-1,ENSG00000274403.1,ENSG00000274403,0.56658829807535,16.64411182031039,1.180083231610765,0.41244950892668,193.58273954500442,3.27741320578499,0.002983840285301715,3.5759610797543893,0.0,0.1371690420376685,2.1359271743088724,1.1721246009790172,0.3244150372260493,-0.15179996910631502,0.3107375693299641,0.1371690420376685,2.1359271743088724,16.616059576513166,0.04957966794737334,0.0,266,True
brain_cerebellum,raw,ENSG00000274403.1,ENSG00000274403,0.56658829807535,16.64411182031039,1.180083231610765,0.41244950892668,193.58273954500442,3.27741320578499,0.002983840285301715,3.5759610797543893,0.0,0.1371690420376685,2.1359271743088724,1.1721246009790172,0.3244150372260493,-0.15179996910631502,0.3107375693299641,0.1371690420376685,2.1359271743088724,16.616059576513166,0.04957966794737334,0.0,266,True
brain_cortex,excluded_at_or_below_-1,ENSG00000274403.1,ENSG00000274403,0.8900088752817892,14.906970740238764,0.09343460156284726,0.4821790556788905,205.99311549130132,3.3796757382164566,0.0,2.9856098541414866,0.008316380972374866,-0.9245152883249574,1.2457420742896206,0.11914445122903522,0.39404102064216345,0.25999798213502007,0.13495566914572965,-0.9245152883249574,1.2457420742896206,14.857641859201618,0.0,0.12356181005222466,270,True
brain_cortex,raw,ENSG00000274403.1,ENSG00000274403,0.8900088752817892,14.906970740238764,0.09343460156284726,0.4821790556788905,205.99311549130132,3.3796757382164566,0.0,2.9856098541414866,0.008316380972374866,-0.9245152883249574,1.2457420742896206,0.11914445122903522,0.39404102064216345,0.25999798213502007,0.13495566914572965,-0.9245152883249574,1.2457420742896206,14.857641859201618,0.0,0.12356181005222466,270,True
brain_frontal_cortex_ba9,excluded_at_or_below_-1,ENSG00000274403.1,ENSG00000274403,0.28085029771954795,21.130815327130442,-0.13987598652866204,0.5520878820642963,253.5382581774861,6.0259969479680935,0.0,2.0669763339939915,0.11810329403796509,-0.9467927188197002,2.212583345530782,-0.08707814487012523,0.42512405600931885,0.9453796890926726,3.042547097726369,-0.9467927188197002,2.212583345530782,21.13081472047063,0.0,2.4956188241935036,268,True
brain_frontal_cortex_ba9,raw,ENSG00000274403.1,ENSG00000274403,0.261283041945363,21.680191155805044,-0.13243878598809947,0.5471286710834129,86.97666453772354,6.061393375514529,0.0,2.242464889684874,0.08091799863689393,-1.0,2.212583345530782,-0.09047190641335899,0.42796534285206583,0.9107589536903034,2.9677496992527947,-1.0,2.212583345530782,21.680071457460507,0.0,1.7543079926425524,269,True
brain_hippocampus,excluded_at_or_below_-1,ENSG00000274403.1,ENSG00000274403,0.2271316797321134,17.218167867147137,-0.12890381245939933,0.6401910700734614,183.8839922849051,5.022140122320514,0.0,1.8057894196934887,0.19584337414440875,-0.946354791349052,2.1445358889476114,-0.05180680776537368,0.4614574457065071,0.7694683206317451,1.501240242464406,-0.946354791349052,2.1445358889476114,17.21791486510979,0.0,3.3720145429142736,253,True
brain_hippocampus,raw,ENSG00000274403.1,ENSG00000274403,0.22971858486497193,17.172092867394404,-0.12888224188107794,0.6543357317755318,309.48413901407145,4.913530772404394,0.0,1.8827438089204658,0.1699264084871928,-1.0,2.1445358889476114,-0.0592436171162335,0.467215183750632,0.717424556316392,1.4279031413832364,-1.0,2.1445358889476114,17.171990446450504,0.0,2.9179746631417203,255,True
brain_hypothalamus,excluded_at_or_below_-1,ENSG00000274403.1,ENSG00000274403,0.5781098209174945,20.410459352828877,-0.18501860761439431,0.4982889318790003,287.3634711626613,6.5075673240629435,0.0,2.080084572667033,0.11493654191893721,-0.9179228503038728,2.107880327392806,-0.1328488562968219,0.4130986038945961,0.9655139525831511,3.032708497903622,-0.9179228503038728,2.107880327392806,20.41044286233114,0.0,2.3459057216303965,257,True
brain_hypothalamus,raw,ENSG00000274403.1,ENSG00000274403,0.5781098209174945,20.410459352828877,-0.18501860761439431,0.4982889318790003,287.3634711626613,6.5075673240629435,0.0,2.080084572667033,0.11493654191893721,-0.9179228503038728,2.107880327392806,-0.1328488562968219,0.4130986038945961,0.9655139525831511,3.032708497903622,-0.9179228503038728,2.107880327392806,20.41044286233114,0.0,2.3459057216303965,257,True
brain_nucleus_accumbens_basal_ganglia,excluded_at_or_below_-1,ENSG00000274403.1,ENSG00000274403,-0.05732310693116961,14.673707365682217,-0.23961082855025548,0.5810448805339469,271.6347593809761,3.2109210893346356,0.0,1.7254937871318294,0.2211808010315498,-0.9485485435327824,1.0796306993174936,-0.1997446957626888,0.3746720146339968,0.3630714404401118,-0.06688395141027259,-0.9485485435327824,1.0796306993174936,14.588962884783285,0.0,3.226798497075916,283,True
brain_nucleus_accumbens_basal_ganglia,raw,ENSG00000274403.1,ENSG00000274403,-0.09285460981583371,15.050601814549283,-0.23494691494875822,0.5812511151604272,211.6089297908377,3.198434278056025,0.0,1.861413114908557,0.17188132517658083,-1.0,1.0796306993174936,-0.205360522459091,0.37930041396094505,0.3257180264422523,-0.06915120207276404,-1.0,1.0796306993174936,14.960137937879791,0.0,2.5713683335872197,285,True
brain_putamen_basal_ganglia,excluded_at_or_below_-1,ENSG00000274403.1,ENSG00000274403,0.6873153623773098,15.081148467517963,-0.12684827212507194,0.49813772650923993,197.9016449212126,4.336320948344765,0.0,2.3332309086706804,0.06566791288347636,-0.948697511299369,1.400562520766888,-0.10288825374955775,0.405607419406424,0.518495373187699,0.8022590969788999,-0.948697511299369,1.400562520766888,15.079713970912332,0.0,0.9902533433496123,252,True
brain_putamen_basal_ganglia,raw,ENSG00000274403.1,ENSG00000274403,0.7319354267027856,15.304036237847543,-0.12641002543106003,0.5005613199839554,173.81309835565816,4.314087401467084,0.0,2.46811477568455,0.04747188457276438,-1.0,1.400562520766888,-0.10995212576727777,0.4117388502967865,0.461394714891535,0.7611799021308849,-1.0,1.400562520766888,15.302644692261325,0.0,0.7264453824890553,254,True
brain_spinal_cord_cervical_c-1,excluded_at_or_below_-1,ENSG00000274403.1,ENSG00000274403,-0.18217251649123528,11.54820974279798,0.3157392062398287,0.7386405736494746,140.06606268143332,3.0442933123820324,0.0,2.3826450943117967,0.04927508420939849,-0.928710985789424,1.9057667794741264,0.3190354077865781,0.4935339862271487,0.08827615210037938,-0.03830316743700024,-0.928710985789424,1.9057667794741264,11.43599372498212,0.0,0.5635095538166466,204,True
brain_spinal_cord_cervical_c-1,raw,ENSG00000274403.1,ENSG00000274403,-0.18217251649123528,11.54820974279798,0.3157392062398287,0.7386405736494746,140.06606268143332,3.0442933123820324,0.0,2.3826450943117967,0.04927508420939849,-0.928710985789424,1.9057667794741264,0.3190354077865781,0.4935339862271487,0.08827615210037938,-0.03830316743700024,-0.928710985789424,1.9057667794741264,11.43599372498212,0.0,0.5635095538166466,204,True
brain_substantia_nigra,excluded_at_or_below_-1,ENSG00000274403.1,ENSG00000274403,0.7966898408937567,12.372341928841033,-0.10079730547632171,0.5054877415994967,221.16562157928888,5.861900031706986,0.0,2.3171280942760104,0.0682530445135239,-0.929017228220438,1.994443956060851,0.033841613649997444,0.49081791303647865,1.0314919640700226,1.6209916896121115,-0.929017228220438,1.994443956060851,12.372235884025649,0.0,0.8444427665242205,182,True
brain_substantia_nigra,raw,ENSG00000274403.1,ENSG00000274403,0.8492456530802985,12.628573376784257,-0.09682665366928653,0.5010969125505449,235.29126537784998,5.902058433805045,0.0,2.5489680011268283,0.038828193697874575,-1.0,1.994443956060851,0.02819220592513407,0.49539799955576097,0.9818515938971721,1.5767726015334365,-1.0,1.994443956060851,12.62843467264449,0.0,0.49033930757039557,183,True
breast_mammary_tissue,excluded_at_or_below_-1,ENSG00000274403.1,ENSG00000274403,-0.12715418983901938,29.599720461449447,1.0991620386538261,0.808445944309242,477.0338773761512,2.800414237758934,0.004601353158771234,2.89162443356134,0.0,-0.5538570724452099,2.700040147263555,1.1086177407715083,0.5593674333054331,0.029708557652242614,-0.10370581130914402,-0.5538570724452099,2.700040147263555,29.14710690260089,0.13411613241532544,0.0,514,True
breast_mammary_tissue,raw,ENSG00000274403.1,ENSG00000274403,-0.12715418983901938,29.599720461449447,1.0991620386538261,0.808445944309242,477.0338773761512,2.800414237758934,0.004601353158771234,2.89162443356134,0.0,-0.5538570724452099,2.700040147263555,1.1086177407715083,0.5593674333054331,0.029708557652242614,-0.10370581130914402,-0.5538570724452099,2.700040147263555,29.14710690260089,0.13411613241532544,0.0,514,True
cells_cultured_fibroblasts,excluded_at_or_below_-1,ENSG00000274403.1,ENSG00000274403,0.503832587241647,36.975162647276306,0.2117422513419187,0.5647757352204017,573.6308115442206,3.0826419658141853,0.0,2.7718678127486034,0.012930404796227327,-0.8952218759515066,1.4428161350787678,0.19650331660114864,0.4058977499566898,-0.06893111593093369,-0.0968104926451887,-0.8952218759515066,1.4428161350787678,36.65541322528493,0.0,0.473969330975919,651,True
cells_cultured_fibroblasts,raw,ENSG00000274403.1,ENSG00000274403,0.45463377918537506,38.6454564797149,0.21299962926060076,0.5663799411016008,452.3292524912695,3.0707711476779678,0.0,3.0287805099830525,0.0012354351305425327,-1.0,1.4428161350787678,0.19466818881495054,0.4082837776878106,-0.09282168068529051,-0.05676473773539792,-1.0,1.4428161350787678,38.2987505570531,0.0,0.04731562189406879,652,True
cells_ebv-transformed_lymphocytes,excluded_at_or_below_-1,ENSG00000274403.1,ENSG00000274403,0.13906895111363254,24.27828929378663,0.3896372177572166,0.424587996670863,225.71603424957607,3.880822956914195,0.0,3.6910318105843998,0.0005644217846782029,-0.7185177623680634,1.554773013757868,0.38598068321843304,0.3153637113025354,-0.03618275180609276,0.5987580863728703,-0.7185177623680634,1.554773013757868,24.26526323571306,0.0,0.01369584318118755,327,True
cells_ebv-transformed_lymphocytes,raw,ENSG00000274403.1,ENSG00000274403,0.13906895111363254,24.27828929378663,0.3896372177572166,0.424587996670863,225.71603424957607,3.880822956914195,0.0,3.6910318105843998,0.0005644217846782029,-0.7185177623680634,1.554773013757868,0.38598068321843304,0.3153637113025354,-0.03618275180609276,0.5987580863728703,-0.7185177623680634,1.554773013757868,24.26526323571306,0.0,0.01369584318118755,327,True
cervix_ectocervix,excluded_at_or_below_-1,ENSG00000274403.1,ENSG00000274403,0.3677177785280408,0.5369686875818288,1.102791278311463,0.7047495822039206,15.916156243698559,3.9047436331562544,0.0,1.0840814463909516,0.555433418901573,0.5625574927317103,3.0486547018403467,1.580275895802913,0.6919541664669202,0.540832138584821,-0.5859548345458041,0.5625574927317103,3.0486547018403467,0.5367057051711603,0.0,0.29810428476719725,24,True
cervix_ectocervix,raw,ENSG00000274403.1,ENSG00000274403,0.3677177785280408,0.5369686875818288,1.102791278311463,0.7047495822039206,15.916156243698559,3.9047436331562544,0.0,1.0840814463909516,0.555433418901573,0.5625574927317103,3.0486547018403467,1.580275895802913,0.6919541664669202,0.540832138584821,-0.5859548345458041,0.5625574927317103,3.0486547018403467,0.5367057051711603,0.0,0.29810428476719725,24,True
cervix_endocervix,excluded_at_or_below_-1,ENSG00000274403.1,ENSG00000274403,-123.48462901528558,124.26114284105236,1.290967442699211,26.244045990479712,20.04767628994814,0.10595275594796741,0.0,0.01651609036947929,0.9756344888570113,0.98447269058257,3.257169064504157,1.9005387800156606,0.5969771579816221,0.229248762590936,-0.6682847874311446,0.98447269058257,3.257169064504157,0.6955230214005468,0.0,0.6785762474724066,23,True
cervix_endocervix,raw,ENSG00000274403.1,ENSG00000274403,-123.48462901528558,124.26114284105236,1.290967442699211,26.244045990479712,20.04767628994814,0.10595275594796741,0.0,0.01651609036947929,0.9756344888570113,0.98447269058257,3.257169064504157,1.9005387800156606,0.5969771579816221,0.229248762590936,-0.6682847874311446,0.98447269058257,3.257169064504157,0.6955230214005468,0.0,0.6785762474724066,23,True
colon_sigmoid,excluded_at_or_below_-1,ENSG00000274403.1,ENSG00000274403,-3.7064995453398044,21.732276512206546,1.7818894454955834,1.3399090404045586,377.5857105607981,1.7897046058635397,0.0,1.7602338592009348,0.013559146267982151,0.1141404407329573,3.4775607676021574,1.7873287343334467,0.7060893850577104,0.024643288769065363,-0.6276306738978872,0.1141404407329573,3.4775607676021574,17.351275322537493,0.0,0.235268480034315,419,True
colon_sigmoid,raw,ENSG00000274403.1,ENSG00000274403,-3.7064995453398044,21.732276512206546,1.7818894454955834,1.3399090404045586,377.5857105607981,1.7897046058635397,0.0,1.7602338592009348,0.013559146267982151,0.1141404407329573,3.4775607676021574,1.7873287343334467,0.7060893850577104,0.024643288769065363,-0.6276306738978872,0.1141404407329573,3.4775607676021574,17.351275322537493,0.0,0.235268480034315,419,True
colon_transverse,excluded_at_or_below_-1,ENSG00000274403.1,ENSG00000274403,1.992663981953615,18.70814484443698,0.902798628144095,1.182814035873666,910.4367140265639,2.8309674511895935,0.0,1.597719785137186,0.26570003197622577,-0.4334955763055982,3.270551367517946,1.1190051818030424,0.7927526727318648,0.37397749199072766,-0.7844114270162201,-0.4334955763055982,3.270551367517946,18.367942494228668,0.0,4.880362908054034,479,True
colon_transverse,raw,ENSG00000274403.1,ENSG00000274403,1.992663981953615,18.70814484443698,0.902798628144095,1.182814035873666,910.4367140265639,2.8309674511895935,0.0,1.597719785137186,0.26570003197622577,-0.4334955763055982,3.270551367517946,1.1190051818030424,0.7927526727318648,0.37397749199072766,-0.7844114270162201,-0.4334955763055982,3.270551367517946,18.367942494228668,0.0,4.880362908054034,479,True
esophagus_gastroesophageal_junction,excluded_at_or_below_-1,ENSG00000274403.1,ENSG00000274403,-0.5983225094158632,25.99252619357201,1.558308034803389,0.9714871389942163,322.67556892094296,3.013042320784795,0.0019115396542165853,3.0771648451250595,0.0,-0.555535412283749,3.6281028251856102,1.5644524104757078,0.6426635520614256,0.016013508579815802,-0.05091775463824,-0.555535412283749,3.6281028251856102,25.763966122740808,0.04924884289351178,0.0,403,True
esophagus_gastroesophageal_junction,raw,ENSG00000274403.1,ENSG00000274403,-0.5983225094158632,25.99252619357201,1.558308034803389,0.9714871389942163,322.67556892094296,3.013042320784795,0.0019115396542165853,3.0771648451250595,0.0,-0.555535412283749,3.6281028251856102,1.5644524104757078,0.6426635520614256,0.016013508579815802,-0.05091775463824,-0.555535412283749,3.6281028251856102,25.763966122740808,0.04924884289351178,0.0,403,True
esophagus_mucosa,excluded_at_or_below_-1,ENSG00000274403.1,ENSG00000274403,-0.0023887181850462047,32.97742978443253,0.5619561752909915,0.8273144795480734,678.0366023255001,3.107590111228407,0.0,2.196459985945579,0.08227629721673943,-0.7229722106816883,2.379895391773632,0.6098930948103402,0.5630601274108259,0.2845740897134694,-0.15966491093586654,-0.7229722106816883,2.379895391773632,32.71367134095282,0.0,2.691559746298965,614,True
esophagus_mucosa,raw,ENSG00000274403.1,ENSG00000274403,-0.0023887181850462047,32.97742978443253,0.5619561752909915,0.8273144795480734,678.0366023255001,3.107590111228407,0.0,2.196459985945579,0.08227629721673943,-0.7229722106816883,2.379895391773632,0.6098930948103402,0.5630601274108259,0.2845740897134694,-0.15966491093586654,-0.7229722106816883,2.379895391773632,32.71367134095282,0.0,2.691559746298965,614,True
esophagus_muscularis,excluded_at_or_below_-1,ENSG00000274403.1,ENSG00000274403,-2.155936754963487,33.83179766795546,1.3746355594334936,1.0687978571481405,491.3740145828625,2.272816036573186,0.061484643559204875,2.898261107454327,0.0,-0.81573748147061,3.092325853327372,1.3897279916483,0.6416004207846229,0.00037967909187336634,-0.3601080488000781,-0.81573748147061,3.092325853327372,33.32435387011584,2.048936019544882,0.0,561,True
esophagus_muscularis,raw,ENSG00000274403.1,ENSG00000274403,-2.155936754963487,33.83179766795546,1.3746355594334936,1.0687978571481405,491.3740145828625,2.272816036573186,0.061484643559204875,2.898261107454327,0.0,-0.81573748147061,3.092325853327372,1.3897279916483,0.6416004207846229,0.00037967909187336634,-0.3601080488000781,-0.81573748147061,3.092325853327372,33.32435387011584,2.048936019544882,0.0,561,True
fallopian_tube,excluded_at_or_below_-1,ENSG00000274403.1,ENSG00000274403,0.3139454415318578,1.0080983351925095,1.562481541193929,0.5998828654654877,22.985850769211897,3.198658330914084,0.0,2.9343928471563783,0.007540009861321378,0.3177671385122198,2.9192924050170377,1.6344622078455011,0.6015240066791732,0.130399209502058,-0.2515419764868305,0.3177671385122198,2.9192924050170377,1.0020393307848434,0.0,0.007555386435549594,29,True
fallopian_tube,raw,ENSG00000274403.1,ENSG00000274403,0.3139454415318578,1.0080983351925095,1.562481541193929,0.5998828654654877,22.985850769211897,3.198658330914084,0.0,2.9343928471563783,0.007540009861321378,0.3177671385122198,2.9192924050170377,1.6344622078455011,0.6015240066791732,0.130399209502058,-0.2515419764868305,0.3177671385122198,2.9192924050170377,1.0020393307848434,0.0,0.007555386435549594,29,True
heart_atrial_appendage,excluded_at_or_below_-1,ENSG00000274403.1,ENSG00000274403,-1.8450659221190626,24.226028467651144,0.19311053646405443,0.8308580620527098,358.876393083167,2.4609447153616664,0.0,1.927408901061292,0.1131400851091631,-0.9392525428658616,1.638928771719264,0.21973894700301685,0.49164492985563407,0.20055610164179324,-0.44651342343279765,-0.9392525428658616,1.638928771719264,23.053330155691327,0.0,2.608255735864553,461,True
heart_atrial_appendage,raw,ENSG00000274403.1,ENSG00000274403,-1.8450659221190626,24.226028467651144,0.19311053646405443,0.8308580620527098,358.876393083167,2.4609447153616664,0.0,1.927408901061292,0.1131400851091631,-0.9392525428658616,1.638928771719264,0.21973894700301685,0.49164492985563407,0.20055610164179324,-0.44651342343279765,-0.9392525428658616,1.638928771719264,23.053330155691327,0.0,2.608255735864553,461,True
heart_left_ventricle,excluded_at_or_below_-1,ENSG00000274403.1,ENSG00000274403,0.4920267550991229,38.80305316039882,-0.18991038826695436,0.47687532967531726,203.10370249904747,6.919306823653904,0.0,1.8610702802745034,0.17696715202226537,-0.8174665983527833,2.1432921848421,-0.12626350279500514,0.38493018101193155,1.4882923385929394,5.197725161838536,-0.8174665983527833,2.1432921848421,38.80304738411717,0.0,6.86686478535223,449,True
heart_left_ventricle,raw,ENSG00000274403.1,ENSG00000274403,0.41489697976726,41.962357652565586,-0.18533710998729452,0.46294464175336797,397.2391600343483,7.11354843208544,0.0,2.4886502702666773,0.04519890952580288,-1.0,2.1432921848421,-0.13206263883840114,0.39016672505084193,1.3895084265660553,4.963666779165704,-1.0,2.1432921848421,41.96203176970394,0.0,1.896638077477715,452,True
kidney_cortex,excluded_at_or_below_-1,ENSG00000274403.1,ENSG00000274403,0.5892054165433681,6.338188935687778,-0.03467290582254015,0.4948309151680685,122.23357974899271,5.413411863735037,0.0,2.4284156946297046,0.052413650741339496,-0.884371418517965,1.859470678982788,0.12256665876940527,0.5023504178507116,0.9857349225288129,1.2903408989238043,-0.884371418517965,1.859470678982788,6.33805302623786,0.0,0.3322004976973211,104,True
kidney_cortex,raw,ENSG00000274403.1,ENSG00000274403,0.5892054165433681,6.338188935687778,-0.03467290582254015,0.4948309151680685,122.23357974899271,5.413411863735037,0.0,2.4284156946297046,0.052413650741339496,-0.884371418517965,1.859470678982788,0.12256665876940527,0.5023504178507116,0.9857349225288129,1.2903408989238043,-0.884371418517965,1.859470678982788,6.33805302623786,0.0,0.3322004976973211,104,True
kidney_medulla,excluded_at_or_below_-1,ENSG00000274403.1,ENSG00000274403,0.2105263473703222,5.960260655217197,-0.19407624855065597,0.013564295482226513,6.315790038253846,139.15424658022326,0.0,3.3324482002715805,0.0038773510966344945,-0.2260391099390354,1.1406085320516617,0.4568683455063001,0.5126184835172028,-0.1574080529094167,-1.4487733014490085,-0.2260391099390354,1.1406085320516617,5.960246122950364,0.0,0.023109966841033086,11,True
kidney_medulla,raw,ENSG00000274403.1,ENSG00000274403,0.2105263473703222,5.960260655217197,-0.19407624855065597,0.013564295482226513,6.315790038253846,139.15424658022326,0.0,3.3324482002715805,0.0038773510966344945,-0.2260391099390354,1.1406085320516617,0.4568683455063001,0.5126184835172028,-0.1574080529094167,-1.4487733014490085,-0.2260391099390354,1.1406085320516617,5.960246122950364,0.0,0.023109966841033086,11,True
liver,excluded_at_or_below_-1,ENSG00000274403.1,ENSG00000274403,2.5680121353308785,10.030336268788677,-0.05830490646850395,0.40677241347396603,260.5206943485488,3.7255971449367102,0.0,2.5544899585796585,0.03735271118556259,-0.7930567666492415,1.0132943078217451,0.0241879216303903,0.3973548826577421,0.303416370889654,-0.3714406752784529,-0.7930567666492415,1.0132943078217451,10.020556798869855,0.0,0.37429496402671125,262,True
liver,raw,ENSG00000274403.1,ENSG00000274403,2.5680121353308785,10.030336268788677,-0.05830490646850395,0.40677241347396603,260.5206943485488,3.7255971449367102,0.0,2.5544899585796585,0.03735271118556259,-0.7930567666492415,1.0132943078217451,0.0241879216303903,0.3973548826577421,0.303416370889654,-0.3714406752784529,-0.7930567666492415,1.0132943078217451,10.020556798869855,0.0,0.37429496402671125,262,True
lung,excluded_at_or_below_-1,ENSG00000274403.1,ENSG00000274403,-1.5263584183810548,36.0165605301555,1.3055526650330678,1.0618314027721227,731.569291711091,2.9434444171211624,0.0,2.4378348680230935,0.038590657525996004,-0.5248424651734707,3.5155736954981887,1.3629041773212613,0.6680518659079481,0.23539222853429678,-0.3431183054736673,-0.5248424651734707,3.5155736954981887,35.54303817559155,0.0,1.3716292136676553,604,True
lung,raw,ENSG00000274403.1,ENSG00000274403,-1.5263584183810548,36.0165605301555,1.3055526650330678,1.0618314027721227,731.569291711091,2.9434444171211624,0.0,2.4378348680230935,0.038590657525996004,-0.5248424651734707,3.5155736954981887,1.3629041773212613,0.6680518659079481,0.23539222853429678,-0.3431183054736673,-0.5248424651734707,3.5155736954981887,35.54303817559155,0.0,1.3716292136676553,604,True
minor_salivary_gland,excluded_at_or_below_-1,ENSG00000274403.1,ENSG00000274403,0.09601745683655463,9.784413547193843,0.7831463484992418,0.6414647282331485,256.9821773760643,1.9318276609447391,0.15259201158237878,3.4569627471636046,0.0,-0.7848768469510631,1.6593925806749397,0.7159007752878568,0.44190605244768977,-0.5461697418791441,0.23361305493975104,-0.7848768469510631,1.6593925806749397,9.759526098460837,1.489225719454864,0.0,181,True
minor_salivary_gland,raw,ENSG00000274403.1,ENSG00000274403,0.09601745683655463,9.784413547193843,0.7831463484992418,0.6414647282331485,256.9821773760643,1.9318276609447391,0.15259201158237878,3.4569627471636046,0.0,-0.7848768469510631,1.6593925806749397,0.7159007752878568,0.44190605244768977,-0.5461697418791441,0.23361305493975104,-0.7848768469510631,1.6593925806749397,9.759526098460837,1.489225719454864,0.0,181,True
muscle_skeletal,excluded_at_or_below_-1,ENSG00000274403.1,ENSG00000274403,2.6227926731159625,52.247817141147216,-0.6029118224771973,0.46712727930229503,1170.4754551039732,5.475078541946666,0.0,1.0491492369744928,0.5767473036082668,-0.9494551181217344,1.2055551667477244,-0.4385343563662256,0.3566404493108541,1.2168638055244965,1.850187498976056,-0.9494551181217344,1.2055551667477244,52.247475425699314,0.0,30.13359057211126,790,True
muscle_skeletal,raw,ENSG00000274403.1,ENSG00000274403,2.4807115569797547,53.13409354067824,-0.6009520462212591,0.47726108568221026,942.2408766170792,5.353017620227039,0.0,1.1824534729548408,0.4970372580348717,-1.0,1.2055551667477244,-0.45775322925344525,0.36505812427136447,1.1291221842681098,1.679740376131388,-1.0,1.2055551667477244,53.1336140659812,0.0,26.409385844838386,818,True
nerve_tibial,excluded_at_or_below_-1,ENSG00000274403.1,ENSG00000274403,0.9331681635224074,45.08215051030256,2.1963601444408427,0.6903912663907849,342.07670165654616,3.06470434792144,0.008881249175754223,4.072007638891151,0.0,0.2084860458148918,3.6924885738163695,2.1742615240319334,0.5320206374733261,-0.21431597555395746,0.46628151109014704,0.2084860458148918,3.6924885738163695,45.07067581862495,0.4002839024648486,0.0,670,True
nerve_tibial,raw,ENSG00000274403.1,ENSG00000274403,0.9331681635224074,45.08215051030256,2.1963601444408427,0.6903912663907849,342.07670165654616,3.06470434792144,0.008881249175754223,4.072007638891151,0.0,0.2084860458148918,3.6924885738163695,2.1742615240319334,0.5320206374733261,-0.21431597555395746,0.46628151109014704,0.2084860458148918,3.6924885738163695,45.07067581862495,0.4002839024648486,0.0,670,True
ovary,excluded_at_or_below_-1,ENSG00000274403.1,ENSG00000274403,0.3253154370499405,9.346063993814967,2.301149272154215,0.8573733724381644,153.12880658141825,2.3918381359147003,0.03561892904445171,2.7559607881893524,0.0,0.6303355717734558,3.7512119666982144,2.2913540292875947,0.6186298403113903,-0.18389131897740094,-0.18248894000695293,0.6303355717734558,3.7512119666982144,9.136461193019887,0.32543096295156193,0.0,193,True
ovary,raw,ENSG00000274403.1,ENSG00000274403,0.3253154370499405,9.346063993814967,2.301149272154215,0.8573733724381644,153.12880658141825,2.3918381359147003,0.03561892904445171,2.7559607881893524,0.0,0.6303355717734558,3.7512119666982144,2.2913540292875947,0.6186298403113903,-0.18389131897740094,-0.18248894000695293,0.6303355717734558,3.7512119666982144,9.136461193019887,0.32543096295156193,0.0,193,True
pancreas,excluded_at_or_below_-1,ENSG00000274403.1,ENSG00000274403,2.5083338784936826,22.12656342117349,-0.0651906327044083,0.358640623216481,405.9739511900599,5.361082235100924,0.0,3.142899029617368,0.0071619548684040725,-0.8622210789384389,1.294364900538425,0.009625763894330546,0.3883792018430546,0.6633567769535804,0.5942240801490266,-0.8622210789384389,1.294364900538425,22.126231685832497,0.0,0.1584670727417845,361,True
pancreas,raw,ENSG00000274403.1,ENSG00000274403,2.2596656318289727,23.624103797045166,-0.06201716772670728,0.37213495392571017,310.20377433714634,5.154619033940991,0.0,3.564588675910384,0.0017395658799646593,-1.0,1.294364900538425,0.006836742447108636,0.3914542596755266,0.6198617564899066,0.61323828517421,-1.0,1.294364900538425,23.624029574831265,0.0,0.041095555795652494,362,True
pituitary,excluded_at_or_below_-1,ENSG00000274403.1,ENSG00000274403,1.4687772266229264,20.03881550218867,0.8116701438111794,0.45691460097655145,232.89890158188317,4.117619760700644,0.0,3.784108961459954,0.000569255936786739,-0.4109278302005577,2.1420212590816683,0.8277676442870675,0.41650354499994635,0.08451203603559997,0.2683719132979343,-0.4109278302005577,2.1420212590816683,20.0346103172129,0.0,0.011404820864282295,313,True
pituitary,raw,ENSG00000274403.1,ENSG00000274403,1.4687772266229264,20.03881550218867,0.8116701438111794,0.45691460097655145,232.89890158188317,4.117619760700644,0.0,3.784108961459954,0.000569255936786739,-0.4109278302005577,2.1420212590816683,0.8277676442870675,0.41650354499994635,0.08451203603559997,0.2683719132979343,-0.4109278302005577,2.1420212590816683,20.0346103172129,0.0,0.011404820864282295,313,True
prostate,excluded_at_or_below_-1,ENSG00000274403.1,ENSG00000274403,0.8389924011793529,16.0631419695169,1.684590912108666,0.6445156768384744,220.69090111696522,3.006522521808844,0.00845228678521332,3.4660524823589265,0.0,0.104967281660206,3.0547877123869327,1.6479434510252977,0.5192489715449056,-0.25421562483429266,0.17039605049091433,0.104967281660206,3.0547877123869327,16.023541192000106,0.13543556546946378,0.0,282,True
prostate,raw,ENSG00000274403.1,ENSG00000274403,0.8389924011793529,16.0631419695169,1.684590912108666,0.6445156768384744,220.69090111696522,3.006522521808844,0.00845228678521332,3.4660524823589265,0.0,0.104967281660206,3.0547877123869327,1.6479434510252977,0.5192489715449056,-0.25421562483429266,0.17039605049091433,0.104967281660206,3.0547877123869327,16.023541192000106,0.13543556546946378,0.0,282,True
skin_not_sun_exposed_suprapubic,excluded_at_or_below_-1,ENSG00000274403.1,ENSG00000274403,0.13108948077114874,47.602681729340084,0.5755547052676919,0.6738054909233884,539.7399873615718,4.5587694366071485,0.0,2.826642382319291,0.01837825577967228,-0.7712059317095936,2.747591489503567,0.5887252841651025,0.4822758316149253,0.1670375091322058,0.3440142032409583,-0.7712059317095936,2.747591489503567,47.60098090090536,0.0,0.8748230023601338,650,True
skin_not_sun_exposed_suprapubic,raw,ENSG00000274403.1,ENSG00000274403,0.09083853014055059,50.605777014965334,0.5797445138960319,0.6765080524218771,640.9642972267852,4.531799116179345,0.0,3.3023939754128104,0.004249383123380476,-1.0,2.747591489503567,0.5862848459405785,0.48591082817385,0.12432999407964157,0.41850131768888765,-1.0,2.747591489503567,50.60293879479073,0.0,0.21503127410803885,651,True
skin_sun_exposed_lower_leg,excluded_at_or_below_-1,ENSG00000274403.1,ENSG00000274403,0.5396896415047667,44.49009810435418,0.5781356172817138,0.6999348094178943,1048.8528504831172,3.371015849661449,0.0,2.7049497522175914,0.02244375061386453,-0.7606215122471547,2.2465479413144336,0.5847328387472573,0.5043700958436985,0.08164202888833999,-0.0047159279306865365,-0.7606215122471547,2.2465479413144336,44.33826042571359,0.0,0.9951168596472948,753,True
skin_sun_exposed_lower_leg,raw,ENSG00000274403.1,ENSG00000274403,0.43001568080437724,48.3282201912234,0.5784940143099845,0.698866337595941,589.6158009718696,3.3754444296947548,0.0,3.1942125740967953,0.0027401862557563665,-1.0,2.2465479413144336,0.5826310710566109,0.5073283942435537,0.052048680396586965,0.04950262856025445,-1.0,2.2465479413144336,48.16583483196254,0.0,0.13198335860357502,754,True
small_intestine_terminal_ileum,excluded_at_or_below_-1,ENSG00000274403.1,ENSG00000274403,1.0481506327349026,8.683232341858675,0.7962525861419774,0.9059324466909461,211.9337605897194,3.325607499563702,0.0,1.7228573121943014,0.22362382000864112,-0.3073942615919047,2.9266067412513164,0.9598746077379083,0.6930802418495782,0.5304827199005999,-0.12602147414111897,-0.3073942615919047,2.9266067412513164,8.648735370588215,0.0,1.934063241814787,207,True
small_intestine_terminal_ileum,raw,ENSG00000274403.1,ENSG00000274403,1.0481506327349026,8.683232341858675,0.7962525861419774,0.9059324466909461,211.9337605897194,3.325607499563702,0.0,1.7228573121943014,0.22362382000864112,-0.3073942615919047,2.9266067412513164,0.9598746077379083,0.6930802418495782,0.5304827199005999,-0.12602147414111897,-0.3073942615919047,2.9266067412513164,8.648735370588215,0.0,1.934063241814787,207,True
spleen,excluded_at_or_below_-1,ENSG00000274403.1,ENSG00000274403,2.069374791576672,22.17001101561494,1.1645057596058206,0.46441377078506424,379.02075287773675,7.33630984991217,0.0,4.108340792301925,0.00021621615781556338,-0.1846327932881291,3.573677479984549,1.3366322861789683,0.5917500080635915,0.741560709623226,0.7028363785345375,-0.1846327932881291,3.573677479984549,22.170008304199698,0.0,0.0047935140142731925,277,True
spleen,raw,ENSG00000274403.1,ENSG00000274403,2.069374791576672,22.17001101561494,1.1645057596058206,0.46441377078506424,379.02075287773675,7.33630984991217,0.0,4.108340792301925,0.00021621615781556338,-0.1846327932881291,3.573677479984549,1.3366322861789683,0.5917500080635915,0.741560709623226,0.7028363785345375,-0.1846327932881291,3.573677479984549,22.170008304199698,0.0,0.0047935140142731925,277,True
stomach,excluded_at_or_below_-1,ENSG00000274403.1,ENSG00000274403,2.3850250208032655,25.521611102770088,0.5514801740141888,0.6500087158309447,272.27341911560177,5.424401669621449,0.0,2.7648009971177148,0.02188233696919712,-0.7192930624190238,3.044673887632155,0.7194016680758977,0.6605797297765262,0.7439665846490068,0.4709604688873519,-0.7192930624190238,3.044673887632155,25.52147272505205,0.0,0.5584694661197624,407,True
stomach,raw,ENSG00000274403.1,ENSG00000274403,2.3850250208032655,25.521611102770088,0.5514801740141888,0.6500087158309447,272.27341911560177,5.424401669621449,0.0,2.7648009971177148,0.02188233696919712,-0.7192930624190238,3.044673887632155,0.7194016680758977,0.6605797297765262,0.7439665846490068,0.4709604688873519,-0.7192930624190238,3.044673887632155,25.52147272505205,0.0,0.5584694661197624,407,True
testis,excluded_at_or_below_-1,ENSG00000274403.1,ENSG00000274403,0.8695043923399203,25.904086632455954,2.438937156593893,0.4038081715071291,562.4438585750777,3.7639782154574175,0.0,3.077398268235243,0.0079489387251917,1.5602307145413752,3.5136865446750285,2.423098717326496,0.31369864040598,-0.008119348504821442,0.14660838448360058,1.5602307145413752,3.5136865446750285,25.882031539442497,0.0,0.20573468279050744,414,True
testis,raw,ENSG00000274403.1,ENSG00000274403,0.8695043923399203,25.904086632455954,2.438937156593893,0.4038081715071291,562.4438585750777,3.7639782154574175,0.0,3.077398268235243,0.0079489387251917,1.5602307145413752,3.5136865446750285,2.423098717326496,0.31369864040598,-0.008119348504821442,0.14660838448360058,1.5602307145413752,3.5136865446750285,25.882031539442497,0.0,0.20573468279050744,414,True
thyroid,excluded_at_or_below_-1,ENSG00000274403.1,ENSG00000274403,0.5372091278087872,43.79192414295344,1.250856985992275,0.7114531145550232,711.2434008854254,2.753081510200026,0.0220214220763631,3.854674990014697,0.0,-0.6883271656866561,2.63585884650966,1.2112128771212498,0.5188560117260503,-0.24739939011491963,0.05193490120400046,-0.6883271656866561,2.63585884650966,43.76543473300548,0.9637771106110352,0.0,684,True
thyroid,raw,ENSG00000274403.1,ENSG00000274403,0.5372091278087872,43.79192414295344,1.250856985992275,0.7114531145550232,711.2434008854254,2.753081510200026,0.0220214220763631,3.854674990014697,0.0,-0.6883271656866561,2.63585884650966,1.2112128771212498,0.5188560117260503,-0.24739939011491963,0.05193490120400046,-0.6883271656866561,2.63585884650966,43.76543473300548,0.9637771106110352,0.0,684,True
uterus,excluded_at_or_below_-1,ENSG00000274403.1,ENSG00000274403,-0.03605963690854591,7.206983302698735,1.8404775256912067,1.1140705092246166,185.86414673296036,2.3704011047714766,0.0,2.202573836543184,0.029984670165999018,0.1053629567396186,3.707800846666871,1.8643590309712892,0.734206313041297,-0.007540042185108154,-0.34984910817883286,0.1053629567396186,3.707800846666871,6.772776060949466,0.0,0.2030794562957438,153,True
uterus,raw,ENSG00000274403.1,ENSG00000274403,-0.03605963690854591,7.206983302698735,1.8404775256912067,1.1140705092246166,185.86414673296036,2.3704011047714766,0.0,2.202573836543184,0.029984670165999018,0.1053629567396186,3.707800846666871,1.8643590309712892,0.734206313041297,-0.007540042185108154,-0.34984910817883286,0.1053629567396186,3.707800846666871,6.772776060949466,0.0,0.2030794562957438,153,True
vagina,excluded_at_or_below_-1,ENSG00000274403.1,ENSG00000274403,-0.11001111985535361,7.21289892148902,1.6117663402904665,1.3214116536270761,189.3317611604848,1.8842839198172097,0.055641614838117213,2.057224243501439,0.0,-0.3104610812351188,3.372401930724497,1.6184960201032141,0.8144865313240349,0.006596760049704643,-0.6104146782776403,-0.3104610812351188,3.372401930724497,6.34370733357112,0.3529741201003038,0.0,170,True
vagina,raw,ENSG00000274403.1,ENSG00000274403,-0.11001111985535361,7.21289892148902,1.6117663402904665,1.3214116536270761,189.3317611604848,1.8842839198172097,0.055641614838117213,2.057224243501439,0.0,-0.3104610812351188,3.372401930724497,1.6184960201032141,0.8144865313240349,0.006596760049704643,-0.6104146782776403,-0.3104610812351188,3.372401930724497,6.34370733357112,0.3529741201003038,0.0,170,True
whole_blood,excluded_at_or_below_-1,ENSG00000274403.1,ENSG00000274403,3.0907759124487306,32.16634270614328,-0.510865878368922,0.9666415980945334,898.9080712510496,3.215060874346777,0.0,0.6026859438803116,0.8329743825161912,-0.922813068978512,1.6866887655950138,-0.10501113180161799,0.5616060701127199,0.7066067629004888,-0.32256258624794043,-0.922813068978512,1.6866887655950138,31.983055237372955,0.0,26.64106568733197,737,True
whole_blood,raw,ENSG00000274403.1,ENSG00000274403,-3.008562412973197,43.63998734683946,-1.0754671517695287,1.7301095700968399,1980.7571679348089,2.257821369953689,0.0,-0.06168780948374422,1.0,-1.0,1.6866887655950138,-0.17857186069463568,0.5915622105780692,0.6448653698493984,-0.3447587975273154,-1.0,1.6866887655950138,40.14572682091813,0.0,40.14572682091813,803,True
adipose_subcutaneous,excluded_at_or_below_-1,ENSG00000274414.1,ENSG00000274414,1.8848444180573758,47.09766793629847,0.13993820625231476,0.5666605331249271,594.4300497990369,4.826526628639026,0.0,2.525850459233663,0.04116527494972643,-0.8721435654861935,2.0738767748634284,0.22997082098047864,0.46190620756883227,0.6586193530429205,0.49812714935056324,-0.8721435654861935,2.0738767748634284,47.09708721216455,0.0,1.9387645444199983,714,True
adipose_subcutaneous,raw,ENSG00000274414.1,ENSG00000274414,1.8848444180573758,47.09766793629847,0.13993820625231476,0.5666605331249271,594.4300497990369,4.826526628639026,0.0,2.525850459233663,0.04116527494972643,-0.8721435654861935,2.0738767748634284,0.22997082098047864,0.46190620756883227,0.6586193530429205,0.49812714935056324,-0.8721435654861935,2.0738767748634284,47.09708721216455,0.0,1.9387645444199983,714,True
adipose_visceral_omentum,excluded_at_or_below_-1,ENSG00000274414.1,ENSG00000274414,1.1720731475684105,36.50697271343733,-0.4106668733474944,0.36489400325586807,438.802541979505,4.589318889768338,0.0,2.0886476803673775,0.1128803510499932,-0.94957770955914,0.7734647079500911,-0.3600695853106022,0.2819774607519828,0.7128032602591431,0.7596497897962786,-0.94957770955914,0.7734647079500911,36.50572418138033,0.0,4.120778960928437,585,True
adipose_visceral_omentum,raw,ENSG00000274414.1,ENSG00000274414,1.09033640049735,37.82619511302127,-0.40846204170486095,0.3631689417875782,539.5452840468432,4.602532449130139,0.0,2.3035037059110373,0.07041186133122604,-1.0,0.7734647079500911,-0.36224992743901585,0.283959160844528,0.6795584771811127,0.7520104192130534,-1.0,0.7734647079500911,37.82514015961508,0.0,2.6633385237530063,587,True
adrenal_gland,excluded_at_or_below_-1,ENSG00000274414.1,ENSG00000274414,0.9548765367881683,24.211577704657106,-0.6549265274318753,0.2774763429687006,160.0535941272608,7.261992171648131,0.0,1.3343585370147701,0.41055051205734583,-0.9167348829101156,0.7699155785050593,-0.5573352399440303,0.2712123811157522,1.9185924343397838,5.40980066779275,-0.9167348829101156,0.7699155785050593,24.211576613203775,0.0,9.940075176266467,295,True
adrenal_gland,raw,ENSG00000274414.1,ENSG00000274414,0.9548765367881683,24.211577704657106,-0.6549265274318753,0.2774763429687006,160.0535941272608,7.261992171648131,0.0,1.3343585370147701,0.41055051205734583,-0.9167348829101156,0.7699155785050593,-0.5573352399440303,0.2712123811157522,1.9185924343397838,5.40980066779275,-0.9167348829101156,0.7699155785050593,24.211576613203775,0.0,9.940075176266467,295,True
artery_aorta,excluded_at_or_below_-1,ENSG00000274414.1,ENSG00000274414,0.9349175812035311,25.91771165559181,0.8167980665038411,0.6833242896604241,375.99821026344847,3.2847362287740314,0.0,2.66901147680628,0.023956026403938256,-0.4728235437031607,2.4039275566796148,0.8607245600569617,0.5141619616690665,0.2619823288311109,-0.03565060357055261,-0.4728235437031607,2.4039275566796148,25.799748300948142,0.0,0.6180594515124749,472,True
artery_aorta,raw,ENSG00000274414.1,ENSG00000274414,0.9349175812035311,25.91771165559181,0.8167980665038411,0.6833242896604241,375.99821026344847,3.2847362287740314,0.0,2.66901147680628,0.023956026403938256,-0.4728235437031607,2.4039275566796148,0.8607245600569617,0.5141619616690665,0.2619823288311109,-0.03565060357055261,-0.4728235437031607,2.4039275566796148,25.799748300948142,0.0,0.6180594515124749,472,True
artery_coronary,excluded_at_or_below_-1,ENSG00000274414.1,ENSG00000274414,0.8233648576842962,17.02634653015868,0.1799700120166962,0.5470220493921323,351.48693224693983,4.61512392703095,0.0,2.6152651548346846,0.03269612502045285,-0.8316223971954572,1.965113795058078,0.22633175301470942,0.4529390139575295,0.4403042733903701,0.5562615302134066,-0.8316223971954572,1.965113795058078,17.025800374855198,0.0,0.5566776976295384,268,True
artery_coronary,raw,ENSG00000274414.1,ENSG00000274414,0.8233648576842962,17.02634653015868,0.1799700120166962,0.5470220493921323,351.48693224693983,4.61512392703095,0.0,2.6152651548346846,0.03269612502045285,-0.8316223971954572,1.965113795058078,0.22633175301470942,0.4529390139575295,0.4403042733903701,0.5562615302134066,-0.8316223971954572,1.965113795058078,17.025800374855198,0.0,0.5566776976295384,268,True
artery_tibial,excluded_at_or_below_-1,ENSG00000274414.1,ENSG00000274414,1.1195660955873346,64.95130717977233,0.12233004943848493,0.49922774871857334,686.1718175301851,7.5392470891336165,0.0,2.471895178332255,0.04711652277427294,-0.750267058792009,2.783739508010962,0.19649102956228215,0.406283697873049,0.924040061706221,2.7263313892152334,-0.750267058792009,2.783739508010962,64.95121956922708,0.0,3.0602756160502897,691,True
artery_tibial,raw,ENSG00000274414.1,ENSG00000274414,1.1195660955873346,64.95130717977233,0.12233004943848493,0.49922774871857334,686.1718175301851,7.5392470891336165,0.0,2.471895178332255,0.04711652277427294,-0.750267058792009,2.783739508010962,0.19649102956228215,0.406283697873049,0.924040061706221,2.7263313892152334,-0.750267058792009,2.783739508010962,64.95121956922708,0.0,3.0602756160502897,691,True
bladder,excluded_at_or_below_-1,ENSG00000274414.1,ENSG00000274414,0.719208960552718,5.947740254612632,-0.32282993120760384,0.20086624792305707,47.954331857830255,9.151558133272621,0.0,3.2047572961607895,0.005885830480131358,-0.7780140637255126,0.9770014335797514,-0.21659486141852483,0.3059354550077656,1.1339026421755614,2.1501276392184607,-0.7780140637255126,0.9770014335797514,5.947578278790383,0.0,0.03500643751627164,77,True
bladder,raw,ENSG00000274414.1,ENSG00000274414,0.719208960552718,5.947740254612632,-0.32282993120760384,0.20086624792305707,47.954331857830255,9.151558133272621,0.0,3.2047572961607895,0.005885830480131358,-0.7780140637255126,0.9770014335797514,-0.21659486141852483,0.3059354550077656,1.1339026421755614,2.1501276392184607,-0.7780140637255126,0.9770014335797514,5.947578278790383,0.0,0.03500643751627164,77,True
brain_amygdala,excluded_at_or_below_-1,ENSG00000274414.1,ENSG00000274414,1.015198528198578,8.780511551475307,-0.6656883311200241,0.2871835438402974,238.20615595210364,4.358310555561229,0.0,1.4683912029817368,0.3401965297114911,-0.9638736976276048,0.2193513148033015,-0.5857158461500039,0.2411315238630177,0.8097100852893988,0.4193982663652456,-0.9638736976276048,0.2193513148033015,8.77985176304752,0.0,2.986875101170083,181,True
brain_amygdala,raw,ENSG00000274414.1,ENSG00000274414,1.015198528198578,8.780511551475307,-0.6656883311200241,0.2871835438402974,238.20615595210364,4.358310555561229,0.0,1.4683912029817368,0.3401965297114911,-0.9638736976276048,0.2193513148033015,-0.5857158461500039,0.2411315238630177,0.8097100852893988,0.4193982663652456,-0.9638736976276048,0.2193513148033015,8.77985176304752,0.0,2.986875101170083,181,True
brain_anterior_cingulate_cortex_ba24,excluded_at_or_below_-1,ENSG00000274414.1,ENSG00000274414,0.2965310894232956,16.159426203132586,-0.5237502369048371,0.3982334421765427,252.08011142064248,5.370494771963355,0.0,1.4897694314031988,0.3296554745269912,-0.9432597257839784,0.9885465449484424,-0.45393598340628727,0.2788408071479811,0.9930951061165088,2.3533073213155635,-0.9432597257839784,0.9885465449484424,16.159410877328302,0.0,5.327038260842284,232,True
brain_anterior_cingulate_cortex_ba24,raw,ENSG00000274414.1,ENSG00000274414,0.32166469189465574,16.72281653646993,-0.5186631722673932,0.38373053108668065,295.92301818822034,5.554722000855505,0.0,1.7739351307840785,0.2073341200745279,-1.0,0.9885465449484424,-0.4562796057951015,0.28052954356226034,0.9643130846932839,2.2969654346157666,-1.0,0.9885465449484424,16.72281309212052,0.0,3.4672097376256032,233,True
brain_caudate_basal_ganglia,excluded_at_or_below_-1,ENSG00000274414.1,ENSG00000274414,-12113.684271470896,12123.70227763754,-0.009996599642215075,52.238254707192574,288.8065352427202,0.040531363316250554,0.0,0.025499198302980586,0.6041069363003317,-0.95188660212891,1.4871518769932246,0.1034163964092702,0.5956259289450159,0.0714320650758134,-0.9486538845223649,-0.95188660212891,1.4871518769932246,9.954260814809459,0.0,6.013438003968986,299,True
brain_caudate_basal_ganglia,raw,ENSG00000274414.1,ENSG00000274414,-5554.023855939722,5564.2641526702255,0.025379549278660835,33.796288919139876,448.1208791954774,0.06116820269532236,0.0,0.04290724548601707,0.507715548007525,-1.0,1.4871518769932246,0.09973834175457265,0.5980318975426845,0.06777623155943417,-0.947907547638025,-1.0,1.4871518769932246,10.39975250788575,0.0,5.280116043683847,300,True
brain_cerebellar_hemisphere,excluded_at_or_below_-1,ENSG00000274414.1,ENSG00000274414,2.148411693887044,16.63516061198105,0.5184069067201119,0.423514741012658,225.92999475027852,4.319397379635651,2.9071816307125784e-05,4.410189645101438,0.0,-0.8023132271100624,1.8119374676189024,0.5127569567511003,0.4735996761073913,0.050156880483187005,0.3450550312021079,-0.8023132271100624,1.8119374676189024,16.633904301823588,0.0004835778103329247,0.0,277,True
brain_cerebellar_hemisphere,raw,ENSG00000274414.1,ENSG00000274414,2.148411693887044,16.63516061198105,0.5184069067201119,0.423514741012658,225.92999475027852,4.319397379635651,2.9071816307125784e-05,4.410189645101438,0.0,-0.8023132271100624,1.8119374676189024,0.5127569567511003,0.4735996761073913,0.050156880483187005,0.3450550312021079,-0.8023132271100624,1.8119374676189024,16.633904301823588,0.0004835778103329247,0.0,277,True
brain_cerebellum,excluded_at_or_below_-1,ENSG00000274414.1,ENSG00000274414,0.8408094157456821,17.263259416400082,0.5785085586760341,0.47018179980717967,221.76350787793027,3.916306956620442,0.0,3.5308376237534618,0.001496241369744293,-0.5953845738276226,1.8805581942143117,0.5645760738641368,0.4065584791524383,0.05036390699560144,0.6952053359257819,-0.5953845738276226,1.8805581942143117,17.25519382857424,0.0,0.025817934849269197,266,True
brain_cerebellum,raw,ENSG00000274414.1,ENSG00000274414,0.8408094157456821,17.263259416400082,0.5785085586760341,0.47018179980717967,221.76350787793027,3.916306956620442,0.0,3.5308376237534618,0.001496241369744293,-0.5953845738276226,1.8805581942143117,0.5645760738641368,0.4065584791524383,0.05036390699560144,0.6952053359257819,-0.5953845738276226,1.8805581942143117,17.25519382857424,0.0,0.025817934849269197,266,True
brain_cortex,excluded_at_or_below_-1,ENSG00000274414.1,ENSG00000274414,0.9380566131103854,15.959784371942332,-0.3367220696305411,0.32942364755922277,219.62440260217983,4.2391355597940255,0.0,2.6135161958381197,0.03274801265734243,-0.9455085083232864,0.6507323967670462,-0.2939529977897447,0.2750401372751612,0.5217889349323462,0.48816378310740083,-0.9455085083232864,0.6507323967670462,15.957572709027508,0.0,0.522578793055695,270,True
brain_cortex,raw,ENSG00000274414.1,ENSG00000274414,0.9380566131103854,15.959784371942332,-0.3367220696305411,0.32942364755922277,219.62440260217983,4.2391355597940255,0.0,2.6135161958381197,0.03274801265734243,-0.9455085083232864,0.6507323967670462,-0.2939529977897447,0.2750401372751612,0.5217889349323462,0.48816378310740083,-0.9455085083232864,0.6507323967670462,15.957572709027508,0.0,0.522578793055695,270,True
brain_frontal_cortex_ba9,excluded_at_or_below_-1,ENSG00000274414.1,ENSG00000274414,0.8887504475819052,13.643112398325922,-0.3693105281193804,0.4000069690743896,99.93866188559366,3.70727748685464,0.0,2.0273771794333006,0.1271719768188363,-0.9427493794304048,0.6792841611763649,-0.32435837622218383,0.3036960107547502,0.4025466634649192,-0.13217383227331192,-0.9427493794304048,0.6792841611763649,13.62893744514608,0.0,1.7332189168394874,269,True
brain_frontal_cortex_ba9,raw,ENSG00000274414.1,ENSG00000274414,0.8887504475819052,13.643112398325922,-0.3693105281193804,0.4000069690743896,99.93866188559366,3.70727748685464,0.0,2.0273771794333006,0.1271719768188363,-0.9427493794304048,0.6792841611763649,-0.32435837622218383,0.3036960107547502,0.4025466634649192,-0.13217383227331192,-0.9427493794304048,0.6792841611763649,13.62893744514608,0.0,1.7332189168394874,269,True
brain_hippocampus,excluded_at_or_below_-1,ENSG00000274414.1,ENSG00000274414,0.8272921213022016,14.618989332761553,-0.611378226802786,0.41695542562018667,263.53689820588943,4.734912114242711,0.0,1.2293318123496273,0.4697132081087883,-0.9738245946530238,0.784625423844856,-0.4900642516102527,0.31162650440594675,1.0386593554425905,1.2930307043020006,-0.9738245946530238,0.784625423844856,14.61863530083674,0.0,6.866566085328406,252,True
brain_hippocampus,raw,ENSG00000274414.1,ENSG00000274414,0.767360232608511,14.860075105181247,-0.602645466745327,0.4169104084697116,189.63944212605287,4.7058007387229095,0.0,1.34787752616163,0.4031675992283283,-1.0,0.784625423844856,-0.49606349570895564,0.3146414429486498,1.004087496561168,1.2382016178296427,-1.0,0.784625423844856,14.859740371875358,0.0,5.990965850885256,255,True
brain_hypothalamus,excluded_at_or_below_-1,ENSG00000274414.1,ENSG00000274414,0.3507650078858003,12.564745374689542,-0.5838178471023234,0.4399613740611786,310.11079014813095,3.4448942273037044,0.0,1.196943489464117,0.48718328755667456,-0.9561865729505952,0.4878876138442545,-0.5021048620635015,0.2748864882615928,0.6397330177638734,0.2573188548684513,-0.9561865729505952,0.4878876138442545,12.531384711657626,0.0,6.105081201462813,254,True
brain_hypothalamus,raw,ENSG00000274414.1,ENSG00000274414,0.4734421382857464,13.043337412836411,-0.570571630892352,0.4119623052790994,310.62234351076637,3.6335543323838073,0.0,1.4741723111010236,0.3364630177463414,-1.0,0.4878876138442545,-0.5079168675647057,0.27847485368678515,0.603729552499459,0.22435815583877616,-1.0,0.4878876138442545,13.025611054828133,0.0,4.382636403497579,257,True
brain_nucleus_accumbens_basal_ganglia,excluded_at_or_below_-1,ENSG00000274414.1,ENSG00000274414,-10.680762772466633,21.117355279117294,0.5688662724808363,2.0772288497105507,299.2346728839974,1.0757554040107737,0.0,1.0220196797896872,0.07399512826089377,-0.9322993366713404,2.148960128102964,0.5631879853781454,0.7197731442306363,-0.131092253860912,-0.8440276459074956,-0.9322993366713404,2.148960128102964,9.277508292800391,0.0,0.6864904160672705,285,True
brain_nucleus_accumbens_basal_ganglia,raw,ENSG00000274414.1,ENSG00000274414,-10.680762772466633,21.117355279117294,0.5688662724808363,2.0772288497105507,299.2346728839974,1.0757554040107737,0.0,1.0220196797896872,0.07399512826089377,-0.9322993366713404,2.148960128102964,0.5631879853781454,0.7197731442306363,-0.131092253860912,-0.8440276459074956,-0.9322993366713404,2.148960128102964,9.277508292800391,0.0,0.6864904160672705,285,True
brain_putamen_basal_ganglia,excluded_at_or_below_-1,ENSG00000274414.1,ENSG00000274414,-1.1339642044234937,11.873138178051757,-0.4267608349672297,1.3481044749524085,296.6620685331452,2.224567892226752,0.0,0.5708368785292246,0.8358276152244443,-0.970913267731194,1.6938169972195856,-0.08105933326818936,0.5754630791764743,0.5161689253810237,-0.3175012735631655,-0.970913267731194,1.6938169972195856,10.873197614354718,0.0,9.088118831870219,254,True
brain_putamen_basal_ganglia,raw,ENSG00000274414.1,ENSG00000274414,-1.1339642044234937,11.873138178051757,-0.4267608349672297,1.3481044749524085,296.6620685331452,2.224567892226752,0.0,0.5708368785292246,0.8358276152244443,-0.970913267731194,1.6938169972195856,-0.08105933326818936,0.5754630791764743,0.5161689253810237,-0.3175012735631655,-0.970913267731194,1.6938169972195856,10.873197614354718,0.0,9.088118831870219,254,True
brain_spinal_cord_cervical_c-1,excluded_at_or_below_-1,ENSG00000274414.1,ENSG00000274414,0.41816632607754073,12.577757449871909,-0.7056142561754777,0.23860865207719997,94.3207883784388,4.907852521444528,0.0,1.588963364610054,0.2829733548096578,-0.9737070087251334,0.1224474354197413,-0.6644913052314316,0.18308374287367907,1.0337274798497376,2.0512062130104916,-0.9737070087251334,0.1224474354197413,12.577499137297979,0.0,3.559097125996786,200,True
brain_spinal_cord_cervical_c-1,raw,ENSG00000274414.1,ENSG00000274414,0.47770146277862063,12.825234331311869,-0.7067741357082893,0.23785840630143953,150.54558644261667,4.930228913647984,0.0,1.7434069309048434,0.21876913353344304,-1.0,0.1224474354197413,-0.6710699070896389,0.18717299693396694,0.9403128990247124,1.8619785511598694,-1.0,0.1224474354197413,12.82498218313207,0.0,2.8057102397856477,204,True
brain_substantia_nigra,excluded_at_or_below_-1,ENSG00000274414.1,ENSG00000274414,0.4038843870610195,16.442362430045385,-0.8367879433539392,0.2985704929275855,188.11116498961908,6.899442852083059,0.0,0.6855653800130428,0.790572138373815,-0.9815253429169204,0.6198308503560082,-0.7038848650090117,0.236191002739371,2.4270638848855404,9.233870579561591,-0.9815253429169204,0.6198308503560082,16.442336527785898,0.0,12.998853148633586,180,True
brain_substantia_nigra,raw,ENSG00000274414.1,ENSG00000274414,0.5502944392845813,17.16886847660118,-0.8091279424776959,0.2486027650125965,235.17791216181973,8.128843236298339,0.0,1.0858039025125994,0.5546242217884804,-1.0,0.6198308503560082,-0.7087392114842739,0.2372515259258822,2.384504785480681,9.050815655617066,-1.0,0.6198308503560082,17.16851506009795,0.0,9.52207430447063,183,True
breast_mammary_tissue,excluded_at_or_below_-1,ENSG00000274414.1,ENSG00000274414,1.8451841835161373,30.49758821006636,0.1912028331147856,0.9641817260116139,709.8505844555218,4.9323638661486395,0.0,1.7166234956864925,0.22914322076322277,-0.9791557669015518,3.553987091667861,0.4234759054000511,0.7829354650251383,0.8890316797144446,0.8210536729244193,-0.9791557669015518,3.553987091667861,30.497197359155404,0.0,6.988226027128521,514,True
breast_mammary_tissue,raw,ENSG00000274414.1,ENSG00000274414,1.8451841835161373,30.49758821006636,0.1912028331147856,0.9641817260116139,709.8505844555218,4.9323638661486395,0.0,1.7166234956864925,0.22914322076322277,-0.9791557669015518,3.553987091667861,0.4234759054000511,0.7829354650251383,0.8890316797144446,0.8210536729244193,-0.9791557669015518,3.553987091667861,30.497197359155404,0.0,6.988226027128521,514,True
cells_cultured_fibroblasts,excluded_at_or_below_-1,ENSG00000274414.1,ENSG00000274414,2.196983407101913,44.07185407284498,-0.2153818603348324,0.43472403361351436,446.30564485241143,5.653849524249028,0.0,2.0041924176160877,0.13420459163505194,-0.8314632182746241,1.522590632660506,-0.13046400224871532,0.3685604750891413,0.8300201633086948,0.8452580399113439,-0.8314632182746241,1.522590632660506,44.07164974914583,0.0,5.914617757267155,652,True
cells_cultured_fibroblasts,raw,ENSG00000274414.1,ENSG00000274414,2.196983407101913,44.07185407284498,-0.2153818603348324,0.43472403361351436,446.30564485241143,5.653849524249028,0.0,2.0041924176160877,0.13420459163505194,-0.8314632182746241,1.522590632660506,-0.13046400224871532,0.3685604750891413,0.8300201633086948,0.8452580399113439,-0.8314632182746241,1.522590632660506,44.07164974914583,0.0,5.914617757267155,652,True
cells_ebv-transformed_lymphocytes,excluded_at_or_below_-1,ENSG00000274414.1,ENSG00000274414,0.7871776809559778,18.9310545504756,-0.8325457688358365,0.19791305049993768,266.548592177851,4.710082997802312,0.0,1.061662924311315,0.5691711556281938,-0.9811208875757204,-0.1733900946117061,-0.7755322162542053,0.1361496910804,1.0229229884961772,1.3180816642359954,-0.9811208875757204,-0.1733900946117061,18.930737531671564,0.0,10.774829757795525,313,True
cells_ebv-transformed_lymphocytes,raw,ENSG00000274414.1,ENSG00000274414,0.7616990736232246,19.610518700449965,-0.8358425066928461,0.20129743430984892,193.1730274679312,4.654054279449309,0.0,1.153287195120445,0.5142456114159536,-1.0,-0.1733900946117061,-0.7851424577601415,0.14075456953592133,0.9169787546829549,1.1186580499219385,-1.0,-0.1733900946117061,19.610128750160047,0.0,10.084422649071623,327,True
cervix_ectocervix,excluded_at_or_below_-1,ENSG00000274414.1,ENSG00000274414,0.16398841961937782,0.8417408399715112,-0.24744731661124328,0.8495674372456802,15.696292534914967,2.923643743827104,0.0,0.6329491126933435,0.8159134234248557,-0.6276819359677979,1.5088875036365623,0.1261747994929296,0.54275125821441,0.7174929464888546,-0.03209829752958848,-0.6276819359677979,1.5088875036365623,0.830014621597215,0.0,0.6772200714000698,24,True
cervix_ectocervix,raw,ENSG00000274414.1,ENSG00000274414,0.16398841961937782,0.8417408399715112,-0.24744731661124328,0.8495674372456802,15.696292534914967,2.923643743827104,0.0,0.6329491126933435,0.8159134234248557,-0.6276819359677979,1.5088875036365623,0.1261747994929296,0.54275125821441,0.7174929464888546,-0.03209829752958848,-0.6276819359677979,1.5088875036365623,0.830014621597215,0.0,0.6772200714000698,24,True
cervix_endocervix,excluded_at_or_below_-1,ENSG00000274414.1,ENSG00000274414,0.26318210496321903,0.7279442742334512,-0.3684842261446258,0.3267717276013488,25.022129240145368,3.8660758489865854,0.0,1.7533802074159688,0.21454233031579015,-0.7736246481880198,0.5248209420587535,-0.2449445783099983,0.327620310196252,0.5341241310533242,-0.276230054390012,-0.7736246481880198,0.5248209420587535,0.7275304309803596,0.0,0.15608607403817748,23,True
cervix_endocervix,raw,ENSG00000274414.1,ENSG00000274414,0.26318210496321903,0.7279442742334512,-0.3684842261446258,0.3267717276013488,25.022129240145368,3.8660758489865854,0.0,1.7533802074159688,0.21454233031579015,-0.7736246481880198,0.5248209420587535,-0.2449445783099983,0.327620310196252,0.5341241310533242,-0.276230054390012,-0.7736246481880198,0.5248209420587535,0.7275304309803596,0.0,0.15608607403817748,23,True
colon_sigmoid,excluded_at_or_below_-1,ENSG00000274414.1,ENSG00000274414,1.501139894605463,59.708360304174825,-0.35185625948588145,0.32532873931608147,775.9746402685539,14.217954952775852,0.0,2.279021340740014,0.07450079101839634,-0.8761272461204951,2.918872775722672,-0.20105238240129497,0.549627085355543,2.7874448542605244,9.128336366677056,-0.8761272461204951,2.918872775722672,59.70695121437711,0.0,4.448215094767895,419,True
colon_sigmoid,raw,ENSG00000274414.1,ENSG00000274414,1.501139894605463,59.708360304174825,-0.35185625948588145,0.32532873931608147,775.9746402685539,14.217954952775852,0.0,2.279021340740014,0.07450079101839634,-0.8761272461204951,2.918872775722672,-0.20105238240129497,0.549627085355543,2.7874448542605244,9.128336366677056,-0.8761272461204951,2.918872775722672,59.70695121437711,0.0,4.448215094767895,419,True
colon_transverse,excluded_at_or_below_-1,ENSG00000274414.1,ENSG00000274414,-30085.014951869885,30101.326714685532,0.24595548850141322,104.54101604812438,955.3474004246873,0.033883519350439976,0.0,0.014973143869858579,0.8046796871029379,-0.8608841821372455,2.750681531601527,0.5944623910177942,0.8656945677305748,0.1555846460220677,-1.1860345749709975,-0.8608841821372455,2.750681531601527,17.27458281141662,0.0,13.900505891524517,479,True
colon_transverse,raw,ENSG00000274414.1,ENSG00000274414,-30085.014951869885,30101.326714685532,0.24595548850141322,104.54101604812438,955.3474004246873,0.033883519350439976,0.0,0.014973143869858579,0.8046796871029379,-0.8608841821372455,2.750681531601527,0.5944623910177942,0.8656945677305748,0.1555846460220677,-1.1860345749709975,-0.8608841821372455,2.750681531601527,17.27458281141662,0.0,13.900505891524517,479,True
esophagus_gastroesophageal_junction,excluded_at_or_below_-1,ENSG00000274414.1,ENSG00000274414,1.046795163527904,26.375957885720915,-0.16404752354702556,0.4485363433441547,227.5879878110567,4.7927082716458935,0.0,2.4831961596404124,0.045806377991176796,-0.9516256905830992,1.356022641295731,-0.11658471802001756,0.3678351244488205,0.6155039049756817,0.7022253571616606,-0.9516256905830992,1.356022641295731,26.37532195903473,0.0,1.2081579672945304,403,True
esophagus_gastroesophageal_junction,raw,ENSG00000274414.1,ENSG00000274414,1.046795163527904,26.375957885720915,-0.16404752354702556,0.4485363433441547,227.5879878110567,4.7927082716458935,0.0,2.4831961596404124,0.045806377991176796,-0.9516256905830992,1.356022641295731,-0.11658471802001756,0.3678351244488205,0.6155039049756817,0.7022253571616606,-0.9516256905830992,1.356022641295731,26.37532195903473,0.0,1.2081579672945304,403,True
esophagus_mucosa,excluded_at_or_below_-1,ENSG00000274414.1,ENSG00000274414,1.5441323463281915,42.34802897952276,-0.006456740489894248,0.5527761212151621,642.5793297344766,5.468700564043617,0.0,2.075268163084935,0.11609255339078957,-0.8176204262251916,2.131103785239024,0.09187067898872833,0.4552241916892704,0.911344987237979,1.2337304645039717,-0.8176204262251916,2.131103785239024,42.34785098030232,0.0,4.916270150915947,614,True
esophagus_mucosa,raw,ENSG00000274414.1,ENSG00000274414,1.5441323463281915,42.34802897952276,-0.006456740489894248,0.5527761212151621,642.5793297344766,5.468700564043617,0.0,2.075268163084935,0.11609255339078957,-0.8176204262251916,2.131103785239024,0.09187067898872833,0.4552241916892704,0.911344987237979,1.2337304645039717,-0.8176204262251916,2.131103785239024,42.34785098030232,0.0,4.916270150915947,614,True
esophagus_muscularis,excluded_at_or_below_-1,ENSG00000274414.1,ENSG00000274414,1.6281018772618507,34.947247332088786,-0.001660910418568929,0.5247194964239859,508.0409408523158,4.646384890318371,0.0,2.3549428058006896,0.06246367616838183,-0.8754217313044248,1.7222998863855217,0.08510225559376096,0.4303023187842281,0.732143048617752,0.6376595976604991,-0.8754217313044248,1.7222998863855217,34.94598592042673,0.0,2.182854747918366,561,True
esophagus_muscularis,raw,ENSG00000274414.1,ENSG00000274414,1.6281018772618507,34.947247332088786,-0.001660910418568929,0.5247194964239859,508.0409408523158,4.646384890318371,0.0,2.3549428058006896,0.06246367616838183,-0.8754217313044248,1.7222998863855217,0.08510225559376096,0.4303023187842281,0.732143048617752,0.6376595976604991,-0.8754217313044248,1.7222998863855217,34.94598592042673,0.0,2.182854747918366,561,True
fallopian_tube,excluded_at_or_below_-1,ENSG00000274414.1,ENSG00000274414,0.6239047636920392,2.688983738657906,-0.2881821922279491,0.021752252377857887,20.774340994172533,39.62440958366452,0.0,27.02793176867354,0.0,-0.7039032747617368,0.3212873960435367,-0.21876667001560993,0.25892056312778106,0.2206755131107104,-0.4749313025749746,-0.7039032747617368,0.3212873960435367,2.688811094803654,0.0,0.0,29,True
fallopian_tube,raw,ENSG00000274414.1,ENSG00000274414,0.6239047636920392,2.688983738657906,-0.2881821922279491,0.021752252377857887,20.774340994172533,39.62440958366452,0.0,27.02793176867354,0.0,-0.7039032747617368,0.3212873960435367,-0.21876667001560993,0.25892056312778106,0.2206755131107104,-0.4749313025749746,-0.7039032747617368,0.3212873960435367,2.688811094803654,0.0,0.0,29,True
heart_atrial_appendage,excluded_at_or_below_-1,ENSG00000274414.1,ENSG00000274414,1.4709821010351491,29.061804398419913,-0.39147054208251064,0.44831048324226735,565.4807642850906,5.190679097523412,0.0,1.7902623860454951,0.20138935474943,-0.9589897745184754,1.253992290745522,-0.2853424478938685,0.36830819418694904,0.974109096747118,1.1579180703765193,-0.9589897745184754,1.253992290745522,29.06146865124706,0.0,5.852670419745435,461,True
heart_atrial_appendage,raw,ENSG00000274414.1,ENSG00000274414,1.4709821010351491,29.061804398419913,-0.39147054208251064,0.44831048324226735,565.4807642850906,5.190679097523412,0.0,1.7902623860454951,0.20138935474943,-0.9589897745184754,1.253992290745522,-0.2853424478938685,0.36830819418694904,0.974109096747118,1.1579180703765193,-0.9589897745184754,1.253992290745522,29.06146865124706,0.0,5.852670419745435,461,True
heart_left_ventricle,excluded_at_or_below_-1,ENSG00000274414.1,ENSG00000274414,1.400550494053729,25.332232965792247,-0.6592520741911829,0.38347003977168653,554.1747740989543,4.534431364655069,0.0,1.196103727779045,0.48901218702430704,-0.983580701964226,0.5702783319721334,-0.5514337428610502,0.2847333296075437,1.0779072640331124,1.5197709167383424,-0.983580701964226,0.5702783319721334,25.331363430452235,0.0,12.387345431433001,448,True
heart_left_ventricle,raw,ENSG00000274414.1,ENSG00000274414,1.506281507296387,25.756218904194572,-0.655619951461333,0.37232773035096584,529.208337668557,4.656333217209718,0.0,1.3080597966608702,0.4250578465943524,-1.0,0.5702783319721334,-0.555403355756085,0.2865707717190271,1.0554706631495463,1.4765602492523175,-1.0,0.5702783319721334,25.755541946605163,0.0,10.947595197694504,452,True
kidney_cortex,excluded_at_or_below_-1,ENSG00000274414.1,ENSG00000274414,0.9978880272373943,8.911917053320911,-0.7511282576421839,0.175106562895219,76.05461236388089,11.857505921674251,0.0,1.7509466462179046,0.2159073760066728,-0.9679287870598484,0.7170567192929413,-0.5458535369876033,0.36806785323229596,1.5742963932217167,2.047180617928185,-0.9679287870598484,0.7170567192929413,8.91190545980114,0.0,1.9241461230452053,103,True
kidney_cortex,raw,ENSG00000274414.1,ENSG00000274414,1.0050118387861111,9.492869314130633,-0.7482290755421067,0.16526918965789938,92.9751590851929,12.538495820653521,0.0,2.1544115797783627,0.0982012795323156,-1.0,0.7170567192929413,-0.550220329901184,0.3689740195787124,1.5649681433792555,2.044886999412731,-1.0,0.7170567192929413,9.492787735651977,0.0,0.9322039019696968,104,True
kidney_medulla,excluded_at_or_below_-1,ENSG00000274414.1,ENSG00000274414,0.23076923072870464,3.698406863575712,-0.19227146497182285,0.00492892256562238,8.923076925417528,1.3727689093131799,0.3897680107317543,205.59900612542782,0.0,-0.9088404526575669,-0.1874869884015766,-0.47783530762592596,0.22031154895299265,-0.36833854925947795,-0.579841974004903,-0.9088404526575669,-0.1874869884015766,3.6982453278577445,1.4414577246371176,0.0,11,True
kidney_medulla,raw,ENSG00000274414.1,ENSG00000274414,0.23076923072870464,3.698406863575712,-0.19227146497182285,0.00492892256562238,8.923076925417528,1.3727689093131799,0.3897680107317543,205.59900612542782,0.0,-0.9088404526575669,-0.1874869884015766,-0.47783530762592596,0.22031154895299265,-0.36833854925947795,-0.579841974004903,-0.9088404526575669,-0.1874869884015766,3.6982453278577445,1.4414577246371176,0.0,11,True
liver,excluded_at_or_below_-1,ENSG00000274414.1,ENSG00000274414,0.5437448486969012,31.302484182365443,-0.8510745875988891,0.26894964160344687,237.46749531080647,9.522969214134521,0.0,0.7046866757365019,0.7801407424107487,-0.9850891621473238,0.9599667043855862,-0.7245670312397431,0.24441684548456272,2.841724120411016,12.23634844215107,-0.9850891621473238,0.9599667043855862,31.30214865619247,0.0,24.420081491693615,255,True
liver,raw,ENSG00000274414.1,ENSG00000274414,0.5108108483098325,31.186229896331124,-0.8510987507859322,0.2749931833743663,228.76895206466577,9.313806610115819,0.0,0.7657577671885667,0.7459042465193816,-1.0,0.9599667043855862,-0.7319259273516584,0.24518905076341432,2.791465202307207,12.013466325229412,-1.0,0.9599667043855862,31.18515598219254,0.0,23.261140275486714,262,True
lung,excluded_at_or_below_-1,ENSG00000274414.1,ENSG00000274414,1.7702600792339718,36.420903406691295,-0.4466168341245338,0.3895535893886353,662.2230608334321,4.816487332635961,0.0,1.8260575872655975,0.18876059453670768,-0.9496153249295586,0.8801134268445205,-0.3786169796967718,0.31589608565560134,0.8796979417542393,1.0846709239174528,-0.9496153249295586,0.8801134268445205,36.42032112449338,0.0,6.8747214686771825,602,True
lung,raw,ENSG00000274414.1,ENSG00000274414,1.69512648154016,37.64563764850234,-0.4453399655434513,0.3857637427073337,524.338386089923,4.859124786205218,0.0,2.033388979818883,0.12651663709910052,-1.0,0.8801134268445205,-0.38067453936665,0.317388988041016,0.8590182194970002,1.0658929049107266,-1.0,0.8801134268445205,37.64515208275312,0.0,4.7627380445941245,604,True
minor_salivary_gland,excluded_at_or_below_-1,ENSG00000274414.1,ENSG00000274414,1.5011357296045031,9.92899934531505,2.118966431337265,0.7616451608925998,163.77550622549768,3.122445984977,0.0076342776831045895,5.100939208290384,0.0,-0.6282181293046023,3.800604861261223,1.8753794811463533,0.8947890177170877,-0.7158491446942103,0.3597604934365899,-0.6282181293046023,3.800604861261223,9.928794128250797,0.07579917143344495,0.0,181,True
minor_salivary_gland,raw,ENSG00000274414.1,ENSG00000274414,1.5011357296045031,9.92899934531505,2.118966431337265,0.7616451608925998,163.77550622549768,3.122445984977,0.0076342776831045895,5.100939208290384,0.0,-0.6282181293046023,3.800604861261223,1.8753794811463533,0.8947890177170877,-0.7158491446942103,0.3597604934365899,-0.6282181293046023,3.800604861261223,9.928794128250797,0.07579917143344495,0.0,181,True
muscle_skeletal,excluded_at_or_below_-1,ENSG00000274414.1,ENSG00000274414,1.5006057776630777,56.884551157976816,-0.7341367486584843,0.2309201417457599,846.9821617368401,5.558901743081167,0.0,1.4292098110674187,0.3601249631619881,-0.9675055558436684,0.1735496239067941,-0.6854906158265492,0.17564385649439881,1.2838231054788765,3.1752389140572035,-0.9675055558436684,0.1735496239067941,56.883601454896464,0.0,20.4852048784658,814,True
muscle_skeletal,raw,ENSG00000274414.1,ENSG00000274414,1.5404131816589217,59.175996984376866,-0.7282862717511698,0.2204974774023157,1061.73218216085,5.784141250502059,0.0,1.742701295722024,0.2190409936443094,-1.0,0.1735496239067941,-0.6870285590254414,0.17658324279376528,1.2557189921461787,3.1078950672174948,-1.0,0.1735496239067941,59.17553718795455,0.0,12.961868465085349,818,True
nerve_tibial,excluded_at_or_below_-1,ENSG00000274414.1,ENSG00000274414,1.432799540015343,46.07655416977825,-0.00482054389091862,0.46428171999159246,643.8165141631837,5.112391387374867,0.0,2.3596034141704467,0.0617973870802843,-0.7794706821562951,1.6735609465380432,0.04560423467998751,0.3758248672999656,0.6744621123081206,1.1941710046034686,-0.7794706821562951,1.6735609465380432,46.07636513709502,0.0,2.847398971629578,670,True
nerve_tibial,raw,ENSG00000274414.1,ENSG00000274414,1.432799540015343,46.07655416977825,-0.00482054389091862,0.46428171999159246,643.8165141631837,5.112391387374867,0.0,2.3596034141704467,0.0617973870802843,-0.7794706821562951,1.6735609465380432,0.04560423467998751,0.3758248672999656,0.6744621123081206,1.1941710046034686,-0.7794706821562951,1.6735609465380432,46.07636513709502,0.0,2.847398971629578,670,True
ovary,excluded_at_or_below_-1,ENSG00000274414.1,ENSG00000274414,0.21080260034981357,14.507946288590254,-0.19731377275391232,0.41515815242581217,283.86722925278866,5.771723643555547,0.0,1.8675239536082413,0.17485332408129486,-0.7455462426009258,1.4970400277781906,-0.1341820762433441,0.33206397513756314,1.4237726207965284,4.471896441934089,-0.7455462426009258,1.4970400277781906,14.507723043592748,0.0,2.5367235990229924,193,True
ovary,raw,ENSG00000274414.1,ENSG00000274414,0.21080260034981357,14.507946288590254,-0.19731377275391232,0.41515815242581217,283.86722925278866,5.771723643555547,0.0,1.8675239536082413,0.17485332408129486,-0.7455462426009258,1.4970400277781906,-0.1341820762433441,0.33206397513756314,1.4237726207965284,4.471896441934089,-0.7455462426009258,1.4970400277781906,14.507723043592748,0.0,2.5367235990229924,193,True
pancreas,excluded_at_or_below_-1,ENSG00000274414.1,ENSG00000274414,1.0594634384112172,27.611905327156055,-0.47856316925894093,0.271845903938787,256.7833016223971,6.360281999873415,0.0,2.1743688051239713,0.09405042693892285,-0.896529216998826,0.7440362001459457,-0.4225526461409518,0.25279023639991766,1.3658921070914627,3.304134433437256,-0.896529216998826,0.7440362001459457,27.611472263668652,0.0,2.5968707548102627,362,True
pancreas,raw,ENSG00000274414.1,ENSG00000274414,1.0594634384112172,27.611905327156055,-0.47856316925894093,0.271845903938787,256.7833016223971,6.360281999873415,0.0,2.1743688051239713,0.09405042693892285,-0.896529216998826,0.7440362001459457,-0.4225526461409518,0.25279023639991766,1.3658921070914627,3.304134433437256,-0.896529216998826,0.7440362001459457,27.611472263668652,0.0,2.5968707548102627,362,True
pituitary,excluded_at_or_below_-1,ENSG00000274414.1,ENSG00000274414,2.1107899567800805,14.36971832696594,0.3279416450220732,1.047663271931416,556.6922008742866,4.371545638882589,0.0,1.168588566114041,0.5051682077226363,-0.5377602215773993,3.5664255128645053,0.7741762829938209,0.8731984537870005,0.9336761925908719,0.3788505669408124,-0.5377602215773993,3.5664255128645053,14.368626089773347,0.0,7.2585730892075135,313,True
pituitary,raw,ENSG00000274414.1,ENSG00000274414,2.1107899567800805,14.36971832696594,0.3279416450220732,1.047663271931416,556.6922008742866,4.371545638882589,0.0,1.168588566114041,0.5051682077226363,-0.5377602215773993,3.5664255128645053,0.7741762829938209,0.8731984537870005,0.9336761925908719,0.3788505669408124,-0.5377602215773993,3.5664255128645053,14.368626089773347,0.0,7.2585730892075135,313,True
prostate,excluded_at_or_below_-1,ENSG00000274414.1,ENSG00000274414,0.7782615692614926,18.06740506985633,1.2708721802524774,0.963767762296861,177.51525224791698,4.243932576898509,0.0,2.966254790281885,0.012164441251128161,-0.7505910680812413,4.163055872871575,1.2616567574578135,0.7851894070367776,0.06863892821243163,0.3317935811527759,-0.7505910680812413,4.163055872871575,18.064948640617207,0.0,0.21975000644343556,282,True
prostate,raw,ENSG00000274414.1,ENSG00000274414,0.7782615692614926,18.06740506985633,1.2708721802524774,0.963767762296861,177.51525224791698,4.243932576898509,0.0,2.966254790281885,0.012164441251128161,-0.7505910680812413,4.163055872871575,1.2616567574578135,0.7851894070367776,0.06863892821243163,0.3317935811527759,-0.7505910680812413,4.163055872871575,18.064948640617207,0.0,0.21975000644343556,282,True
skin_not_sun_exposed_suprapubic,excluded_at_or_below_-1,ENSG00000274414.1,ENSG00000274414,1.5285746172057886,32.65385439082469,0.5718625430494229,0.8451502528778555,732.7234207842268,3.3463654639228024,0.0,2.1042140195615793,0.10596942594692457,-0.6856399007522225,2.5716889436040185,0.6704533533603517,0.6191616080850415,0.45736189825746576,-0.1266502064288182,-0.6856399007522225,2.5716889436040185,32.532912108460664,0.0,3.447494020515328,651,True
skin_not_sun_exposed_suprapubic,raw,ENSG00000274414.1,ENSG00000274414,1.5285746172057886,32.65385439082469,0.5718625430494229,0.8451502528778555,732.7234207842268,3.3463654639228024,0.0,2.1042140195615793,0.10596942594692457,-0.6856399007522225,2.5716889436040185,0.6704533533603517,0.6191616080850415,0.45736189825746576,-0.1266502064288182,-0.6856399007522225,2.5716889436040185,32.532912108460664,0.0,3.447494020515328,651,True
skin_sun_exposed_lower_leg,excluded_at_or_below_-1,ENSG00000274414.1,ENSG00000274414,0.4549815136184492,51.66375405996061,0.9860951519356896,0.951510954748917,326.6310210216364,4.699086874058892,0.0,2.257087453972724,0.0782847876296616,-0.532518086843873,4.147734070516707,1.03212046599297,0.6778946266769809,0.36960968442099673,0.2902971465662767,-0.532518086843873,4.147734070516707,51.662476517694145,0.0,4.044386002610065,754,True
skin_sun_exposed_lower_leg,raw,ENSG00000274414.1,ENSG00000274414,0.4549815136184492,51.66375405996061,0.9860951519356896,0.951510954748917,326.6310210216364,4.699086874058892,0.0,2.257087453972724,0.0782847876296616,-0.532518086843873,4.147734070516707,1.03212046599297,0.6778946266769809,0.36960968442099673,0.2902971465662767,-0.532518086843873,4.147734070516707,51.662476517694145,0.0,4.044386002610065,754,True
small_intestine_terminal_ileum,excluded_at_or_below_-1,ENSG00000274414.1,ENSG00000274414,0.8280831998374408,9.535552245235218,-0.27207834026532013,0.5086039667623727,252.99216183971066,3.5717643770258443,0.0,1.6602365688024456,0.25076205180493455,-0.869161360201814,1.0124614059435513,-0.1840773511153311,0.38432781700028384,0.6035362746077927,0.15631413895051605,-0.869161360201814,1.0124614059435513,9.519365958025515,0.0,2.387095739516525,207,True
small_intestine_terminal_ileum,raw,ENSG00000274414.1,ENSG00000274414,0.8280831998374408,9.535552245235218,-0.27207834026532013,0.5086039667623727,252.99216183971066,3.5717643770258443,0.0,1.6602365688024456,0.25076205180493455,-0.869161360201814,1.0124614059435513,-0.1840773511153311,0.38432781700028384,0.6035362746077927,0.15631413895051605,-0.869161360201814,1.0124614059435513,9.519365958025515,0.0,2.387095739516525,207,True
spleen,excluded_at_or_below_-1,ENSG00000274414.1,ENSG00000274414,0.8810131466251175,15.064513799144253,-0.6412672051665919,0.2549229641924885,241.357146691616,4.334238706847518,0.0,1.5886564142665072,0.2830532729485524,-0.9276348465068788,0.1400129409616461,-0.590462783885523,0.19281186262879588,0.7688040053755414,0.6590844790966099,-0.9276348465068788,0.1400129409616461,15.06317623525592,0.0,4.263681334390042,276,True
spleen,raw,ENSG00000274414.1,ENSG00000274414,0.8049175880008598,16.505364436702106,-0.6362672535536813,0.24258374954287998,228.6640962578337,4.525554499647738,0.0,2.1204873948601897,0.1055537439052675,-1.0,0.1400129409616461,-0.5919412575899075,0.19402888244243896,0.7404592968488853,0.6495976059996669,-1.0,0.1400129409616461,16.504761252647864,0.0,1.7421393424795748,277,True
stomach,excluded_at_or_below_-1,ENSG00000274414.1,ENSG00000274414,1.6844522085184446,25.26551781857307,-0.3114193660436606,0.5256151298464549,399.6927011052879,5.462913464939174,0.0,1.4680409421431415,0.340421174753573,-0.8570403040366953,1.7189599533256623,-0.15859195165678963,0.451555973512918,1.1017303100067641,1.5072742110949955,-0.8570403040366953,1.7189599533256623,25.265482523477946,0.0,8.60090524135823,407,True
stomach,raw,ENSG00000274414.1,ENSG00000274414,1.6844522085184446,25.26551781857307,-0.3114193660436606,0.5256151298464549,399.6927011052879,5.462913464939174,0.0,1.4680409421431415,0.340421174753573,-0.8570403040366953,1.7189599533256623,-0.15859195165678963,0.451555973512918,1.1017303100067641,1.5072742110949955,-0.8570403040366953,1.7189599533256623,25.265482523477946,0.0,8.60090524135823,407,True
testis,excluded_at_or_below_-1,ENSG00000274414.1,ENSG00000274414,0.7928491198370057,26.334038336978796,-0.21551983454156198,0.3323059389740092,515.5474710804382,4.573841589753827,0.0,2.248899411025124,0.07973135216717422,-0.7439567342590055,0.8592221737666141,-0.16747291569734316,0.25762569321044204,0.6979936212051874,0.734246635760365,-0.7439567342590055,0.8592221737666141,26.33295095842178,0.0,2.099561786466855,414,True
testis,raw,ENSG00000274414.1,ENSG00000274414,0.7928491198370057,26.334038336978796,-0.21551983454156198,0.3323059389740092,515.5474710804382,4.573841589753827,0.0,2.248899411025124,0.07973135216717422,-0.7439567342590055,0.8592221737666141,-0.16747291569734316,0.25762569321044204,0.6979936212051874,0.734246635760365,-0.7439567342590055,0.8592221737666141,26.33295095842178,0.0,2.099561786466855,414,True
thyroid,excluded_at_or_below_-1,ENSG00000274414.1,ENSG00000274414,1.1405893573470807,49.50021791305913,-0.06289462361367507,0.4444332663157772,824.5898302511864,4.991501818502357,0.0,2.761030709409929,0.022108169611526656,-0.9305810390388812,1.5057436047565975,-0.0077155381451812135,0.35353541462936977,0.6432817975963377,0.9729902016740737,-0.9305810390388812,1.5057436047565975,49.499570559153504,0.0,1.0943449016194968,684,True
thyroid,raw,ENSG00000274414.1,ENSG00000274414,1.1405893573470807,49.50021791305913,-0.06289462361367507,0.4444332663157772,824.5898302511864,4.991501818502357,0.0,2.761030709409929,0.022108169611526656,-0.9305810390388812,1.5057436047565975,-0.0077155381451812135,0.35353541462936977,0.6432817975963377,0.9729902016740737,-0.9305810390388812,1.5057436047565975,49.499570559153504,0.0,1.0943449016194968,684,True
uterus,excluded_at_or_below_-1,ENSG00000274414.1,ENSG00000274414,-0.10252014474457986,8.627531506144031,-0.36898831010478306,0.4653434753475058,138.559411092587,3.6243481523999916,0.0,1.5450572778323146,0.30214749065261826,-0.8773855864475237,0.8235944864263232,-0.3327043492138829,0.2909478676502149,0.5697641664678473,0.6784057672422925,-0.8773855864475237,0.8235944864263232,8.61541230347034,0.0,2.6031252084312566,153,True
uterus,raw,ENSG00000274414.1,ENSG00000274414,-0.10252014474457986,8.627531506144031,-0.36898831010478306,0.4653434753475058,138.559411092587,3.6243481523999916,0.0,1.5450572778323146,0.30214749065261826,-0.8773855864475237,0.8235944864263232,-0.3327043492138829,0.2909478676502149,0.5697641664678473,0.6784057672422925,-0.8773855864475237,0.8235944864263232,8.61541230347034,0.0,2.6031252084312566,153,True
vagina,excluded_at_or_below_-1,ENSG00000274414.1,ENSG00000274414,0.8897781705130099,7.908699443650471,0.02259107497010152,0.695705340593162,119.78564454135554,4.0258779383954275,0.0,1.3823527113566259,0.3844532556399373,-0.6574407034414012,2.0030732714624158,0.22025525144066294,0.5344527406381513,0.7015802061763672,0.04058863640569532,-0.6574407034414012,2.0030732714624158,7.906304479684637,0.0,3.0396044972953793,170,True
vagina,raw,ENSG00000274414.1,ENSG00000274414,0.8897781705130099,7.908699443650471,0.02259107497010152,0.695705340593162,119.78564454135554,4.0258779383954275,0.0,1.3823527113566259,0.3844532556399373,-0.6574407034414012,2.0030732714624158,0.22025525144066294,0.5344527406381513,0.7015802061763672,0.04058863640569532,-0.6574407034414012,2.0030732714624158,7.906304479684637,0.0,3.0396044972953793,170,True
whole_blood,excluded_at_or_below_-1,ENSG00000274414.1,ENSG00000274414,1.7582811960534828,72.97986513659748,-0.9063419432403714,0.16322359276095577,1530.9165136246884,8.474504688225316,0.0,0.6153029039335767,0.8275587087398404,-0.9773580565689408,0.0717558058439893,-0.825861622434091,0.12816389830232316,1.949851235253694,5.940585865330563,-0.9773580565689408,0.0717558058439893,72.97814249168738,0.0,60.39369736665289,659,True
whole_blood,raw,ENSG00000274414.1,ENSG00000274414,-0.14690868265758855,448.93425089317964,-1.5438410425493874,0.4846142555939214,3297.5429377492296,4.71467553410082,0.0,-1.5870506681770717,1.0,-1.0,0.0717558058439893,-0.8570894261320872,0.13395905618472295,1.7186040413279515,4.931778070416404,-1.0,0.0717558058439893,127.41621744143202,0.0,127.41621744143204,803,True
adipose_subcutaneous,excluded_at_or_below_-1,ENSG00000274420.1,ENSG00000274420,,,,,,,,,,,,,,,,,,,,,0,False
adipose_subcutaneous,raw,ENSG00000274420.1,ENSG00000274420,0.0,714.0,-0.9875,1.0001e-06,0.0,-17675.90193946968,0.0,,,-1.0,-1.0,-1.0,0.0,,,,-1.0,5.83115986411798e-187,0.0,,714,True
adipose_visceral_omentum,excluded_at_or_below_-1,ENSG00000274420.1,ENSG00000274420,,,,,,,,,,,,,,,,,,,,,0,False
adipose_visceral_omentum,raw,ENSG00000274420.1,ENSG00000274420,0.0,587.0,-0.9875,1.0001e-06,0.0,-17675.90193946968,0.0,,,-1.0,-1.0,-1.0,0.0,,,,-1.0,4.793964762237051e-187,0.0,,587,True
adrenal_gland,excluded_at_or_below_-1,ENSG00000274420.1,ENSG00000274420,,,,,,,,,,,,,,,,,,,,,0,False
adrenal_gland,raw,ENSG00000274420.1,ENSG00000274420,0.0,295.0,-0.9875,1.0001e-06,0.0,-17675.90193946968,0.0,,,-1.0,-1.0,-1.0,0.0,,,,-1.0,2.409232716967513e-187,0.0,,295,True
artery_aorta,excluded_at_or_below_-1,ENSG00000274420.1,ENSG00000274420,,,,,,,,,,,,,,,,,,,,,0,False
artery_aorta,raw,ENSG00000274420.1,ENSG00000274420,0.0,472.0,-0.9875,1.0001e-06,0.0,-17675.90193946968,0.0,,,-1.0,-1.0,-1.0,0.0,,,,-1.0,3.8547723471480207e-187,0.0,,472,True
artery_coronary,excluded_at_or_below_-1,ENSG00000274420.1,ENSG00000274420,,,,,,,,,,,,,,,,,,,,,0,False
artery_coronary,raw,ENSG00000274420.1,ENSG00000274420,0.0,268.0,-0.9875,1.0001e-06,0.0,-17675.90193946968,0.0,,,-1.0,-1.0,-1.0,0.0,,,,-1.0,2.1887266716857407e-187,0.0,,268,True
artery_tibial,excluded_at_or_below_-1,ENSG00000274420.1,ENSG00000274420,,,,,,,,,,,,,,,,,,,,,0,False
artery_tibial,raw,ENSG00000274420.1,ENSG00000274420,0.0,691.0,-0.9875,1.0001e-06,0.0,-17675.90193946968,0.0,,,-1.0,-1.0,-1.0,0.0,,,,-1.0,5.643321381100175e-187,0.0,,691,True
bladder,excluded_at_or_below_-1,ENSG00000274420.1,ENSG00000274420,,,,,,,,,,,,,,,,,,,,,0,False
bladder,raw,ENSG00000274420.1,ENSG00000274420,0.0,77.0,-0.9875,1.0001e-06,0.0,-17675.90193946968,0.0,,,-1.0,-1.0,-1.0,0.0,,,,-1.0,6.288505735813509e-188,0.0,,77,True
brain_amygdala,excluded_at_or_below_-1,ENSG00000274420.1,ENSG00000274420,,,,,,,,,,,,,,,,,,,,,0,False
brain_amygdala,raw,ENSG00000274420.1,ENSG00000274420,0.0,181.0,-0.9875,1.0001e-06,0.0,-17675.90193946968,0.0,,,-1.0,-1.0,-1.0,0.0,,,,-1.0,1.478207192444474e-187,0.0,,181,True
brain_anterior_cingulate_cortex_ba24,excluded_at_or_below_-1,ENSG00000274420.1,ENSG00000274420,,,,,,,,,,,,,,,,,,,,,0,False
brain_anterior_cingulate_cortex_ba24,raw,ENSG00000274420.1,ENSG00000274420,0.0,233.0,-0.9875,1.0001e-06,0.0,-17675.90193946968,0.0,,,-1.0,-1.0,-1.0,0.0,,,,-1.0,1.9028855018760357e-187,0.0,,233,True
brain_caudate_basal_ganglia,excluded_at_or_below_-1,ENSG00000274420.1,ENSG00000274420,,,,,,,,,,,,,,,,,,,,,0,False
brain_caudate_basal_ganglia,raw,ENSG00000274420.1,ENSG00000274420,0.0,300.0,-0.9875,1.0001e-06,0.0,-17675.90193946968,0.0,,,-1.0,-1.0,-1.0,0.0,,,,-1.0,2.450067169797471e-187,0.0,,300,True
brain_cerebellar_hemisphere,excluded_at_or_below_-1,ENSG00000274420.1,ENSG00000274420,,,,,,,,,,,,,,,,,,,,,0,False
brain_cerebellar_hemisphere,raw,ENSG00000274420.1,ENSG00000274420,0.0,277.0,-0.9875,1.0001e-06,0.0,-17675.90193946968,0.0,,,-1.0,-1.0,-1.0,0.0,,,,-1.0,2.2622286867796648e-187,0.0,,277,True
brain_cerebellum,excluded_at_or_below_-1,ENSG00000274420.1,ENSG00000274420,,,,,,,,,,,,,,,,,,,,,0,False
brain_cerebellum,raw,ENSG00000274420.1,ENSG00000274420,0.0,266.0,-0.9875,1.0001e-06,0.0,-17675.90193946968,0.0,,,-1.0,-1.0,-1.0,0.0,,,,-1.0,2.1723928905537574e-187,0.0,,266,True
brain_cortex,excluded_at_or_below_-1,ENSG00000274420.1,ENSG00000274420,,,,,,,,,,,,,,,,,,,,,0,False
brain_cortex,raw,ENSG00000274420.1,ENSG00000274420,0.0,270.0,-0.9875,1.0001e-06,0.0,-17675.90193946968,0.0,,,-1.0,-1.0,-1.0,0.0,,,,-1.0,2.2050604528177237e-187,0.0,,270,True
brain_frontal_cortex_ba9,excluded_at_or_below_-1,ENSG00000274420.1,ENSG00000274420,,,,,,,,,,0.1751349329862495,0.1751349329862495,,,,,,,,,,1,False
brain_frontal_cortex_ba9,raw,ENSG00000274420.1,ENSG00000274420,0.025641025641025644,281.25404358674524,-0.9856590582516501,0.001583470845658156,0.9743589743589743,1036.7166595021913,0.0,12.808037718743167,0.0,-1.0,0.1751349329862495,-0.9956314686506088,0.07164924140920988,16.309620821566735,264.00373134328333,-1.0,0.1751349329862495,242.6832335632068,0.0,0.0,269,True
brain_hippocampus,excluded_at_or_below_-1,ENSG00000274420.1,ENSG00000274420,,,,,,,,,,0.0507524277229261,0.0507524277229261,,,,,,,,,,1,False
brain_hippocampus,raw,ENSG00000274420.1,ENSG00000274420,0.02564102564102562,333.5171139386104,-0.9848933901023154,0.003778330024191646,0.9743589743589743,387.6380178559921,0.0,5.654342649265062,1.1791396791191273e-07,-1.0,0.0507524277229261,-0.9958794022442238,0.06580066941567889,15.874631869995422,250.00393700787433,-1.0,0.0507524277229261,322.85695018313726,0.0,3.806934406403242e-05,255,True
brain_hypothalamus,excluded_at_or_below_-1,ENSG00000274420.1,ENSG00000274420,,,,,,,,,,,,,,,,,,,,,0,False
brain_hypothalamus,raw,ENSG00000274420.1,ENSG00000274420,0.0,257.0,-0.9875,1.0001e-06,0.0,-17675.90193946968,0.0,,,-1.0,-1.0,-1.0,0.0,,,,-1.0,2.0988908754598334e-187,0.0,,257,True
brain_nucleus_accumbens_basal_ganglia,excluded_at_or_below_-1,ENSG00000274420.1,ENSG00000274420,,,,,,,,,,0.1012466566834389,0.1012466566834389,,,,,,,,,,1,False
brain_nucleus_accumbens_basal_ganglia,raw,ENSG00000274420.1,ENSG00000274420,0.025641028579367425,300.23388371489466,-0.9875966202818371,0.005772987192115842,0.9743589748352074,266.73485984622266,0.0,3.0384664356514013,0.009955553091400324,-1.0,0.1012466566834389,-0.9961359766432161,0.06523222212223877,16.79296046344301,280.0035211267602,-1.0,0.1012466566834389,298.2844098598191,0.0,2.969586278696443,285,True
brain_putamen_basal_ganglia,excluded_at_or_below_-1,ENSG00000274420.1,ENSG00000274420,,,,,,,,,,,,,,,,,,,,,0,False
brain_putamen_basal_ganglia,raw,ENSG00000274420.1,ENSG00000274420,0.0,254.0,-0.9875,1.0001e-06,0.0,-17675.90193946968,0.0,,,-1.0,-1.0,-1.0,0.0,,,,-1.0,2.0743902037618585e-187,0.0,,254,True
brain_spinal_cord_cervical_c-1,excluded_at_or_below_-1,ENSG00000274420.1,ENSG00000274420,,,,,,,,,,,,,,,,,,,,,0,False
brain_spinal_cord_cervical_c-1,raw,ENSG00000274420.1,ENSG00000274420,0.0,204.0,-0.9875,1.0001e-06,0.0,-17675.90193946968,0.0,,,-1.0,-1.0,-1.0,0.0,,,,-1.0,1.6660456754622802e-187,0.0,,204,True
brain_substantia_nigra,excluded_at_or_below_-1,ENSG00000274420.1,ENSG00000274420,,,,,,,,,,,,,,,,,,,,,0,False
brain_substantia_nigra,raw,ENSG00000274420.1,ENSG00000274420,0.0,183.0,-0.9875,1.0001e-06,0.0,-17675.90193946968,0.0,,,-1.0,-1.0,-1.0,0.0,,,,-1.0,1.4945409735764572e-187,0.0,,183,True
breast_mammary_tissue,excluded_at_or_below_-1,ENSG00000274420.1,ENSG00000274420,,,,,,,,,,,,,,,,,,,,,0,False
breast_mammary_tissue,raw,ENSG00000274420.1,ENSG00000274420,0.0,514.0,-0.9875,1.0001e-06,0.0,-17675.90193946968,0.0,,,-1.0,-1.0,-1.0,0.0,,,,-1.0,4.1977817509196667e-187,0.0,,514,True
cells_cultured_fibroblasts,excluded_at_or_below_-1,ENSG00000274420.1,ENSG00000274420,,,,,,,,,,0.3251158120010224,0.3251158120010224,,,,,,,,,,1,False
cells_cultured_fibroblasts,raw,ENSG00000274420.1,ENSG00000274420,2.1763797063333135,615.5265983540801,-0.9834675831300472,0.014379230447311618,1312.5079967196325,128.70065555118677,0.0,1.6259818800431183,0.26804308943547617,-1.0,0.3251158120010224,-0.9979676137852744,0.05189554035970391,25.47550855426268,647.0015360983108,-1.0,0.3251158120010224,612.2723205233889,0.0,164.11536436891726,652,True
cells_ebv-transformed_lymphocytes,excluded_at_or_below_-1,ENSG00000274420.1,ENSG00000274420,,,,,,,,,,,,,,,,,,,,,0,False
cells_ebv-transformed_lymphocytes,raw,ENSG00000274420.1,ENSG00000274420,0.0,327.0,-0.9875,1.0001e-06,0.0,-17675.90193946968,0.0,,,-1.0,-1.0,-1.0,0.0,,,,-1.0,2.670573215079243e-187,0.0,,327,True
cervix_ectocervix,excluded_at_or_below_-1,ENSG00000274420.1,ENSG00000274420,,,,,,,,,,,,,,,,,,,,,0,False
cervix_ectocervix,raw,ENSG00000274420.1,ENSG00000274420,0.0,24.0,-0.9875,1.0001e-06,0.0,-17675.90193946968,0.0,,,-1.0,-1.0,-1.0,0.0,,,,-1.0,1.9600537358379766e-188,0.0,,24,True
cervix_endocervix,excluded_at_or_below_-1,ENSG00000274420.1,ENSG00000274420,,,,,,,,,,,,,,,,,,,,,0,False
cervix_endocervix,raw,ENSG00000274420.1,ENSG00000274420,0.0,23.0,-0.9875,1.0001e-06,0.0,-17675.90193946968,0.0,,,-1.0,-1.0,-1.0,0.0,,,,-1.0,1.878384830178061e-188,0.0,,23,True
colon_sigmoid,excluded_at_or_below_-1,ENSG00000274420.1,ENSG00000274420,,,,,,,,,,,,,,,,,,,,,0,False
colon_sigmoid,raw,ENSG00000274420.1,ENSG00000274420,0.0,419.0,-0.9875,1.0001e-06,0.0,-17675.90193946968,0.0,,,-1.0,-1.0,-1.0,0.0,,,,-1.0,3.4219271471504676e-187,0.0,,419,True
colon_transverse,excluded_at_or_below_-1,ENSG00000274420.1,ENSG00000274420,,,,,,,,,,0.028484285286491,0.028484285286491,,,,,,,,,,1,False
colon_transverse,raw,ENSG00000274420.1,ENSG00000274420,1.4513866104306843,443.38322462287414,-0.9871688189620703,0.011425928620922614,1196.0897769607045,125.70972936628313,0.0,1.5881448980765003,0.28477678809580986,-1.0,0.028484285286491,-0.9978528511789426,0.04699264645270517,21.817472173700835,474.0020920502095,-1.0,0.028484285286491,441.1486791487221,0.0,125.62890392068222,479,True
esophagus_gastroesophageal_junction,excluded_at_or_below_-1,ENSG00000274420.1,ENSG00000274420,,,,,,,,,,,,,,,,,,,,,0,False
esophagus_gastroesophageal_junction,raw,ENSG00000274420.1,ENSG00000274420,0.0,403.0,-0.9875,1.0001e-06,0.0,-17675.90193946968,0.0,,,-1.0,-1.0,-1.0,0.0,,,,-1.0,3.2912568980946026e-187,0.0,,403,True
esophagus_mucosa,excluded_at_or_below_-1,ENSG00000274420.1,ENSG00000274420,,,,,,,,,,0.3643258924673906,0.3643258924673906,,,,,,,,,,1,False
esophagus_mucosa,raw,ENSG00000274420.1,ENSG00000274420,2.083589577851775,577.4497961838717,-0.9829722840117792,0.01477532864685334,1305.568095548485,128.956004924003,0.0,1.629799746749294,0.26640407931532567,-1.0,0.3643258924673906,-0.9977779708591736,0.05505971204652714,24.718447186693794,609.0016313213698,-1.0,0.3643258924673906,574.3499767081526,0.0,153.00917674971413,614,True
esophagus_muscularis,excluded_at_or_below_-1,ENSG00000274420.1,ENSG00000274420,,,,,,,,,,,,,,,,,,,,,0,False
esophagus_muscularis,raw,ENSG00000274420.1,ENSG00000274420,0.0,561.0,-0.9875,1.0001e-06,0.0,-17675.90193946968,0.0,,,-1.0,-1.0,-1.0,0.0,,,,-1.0,4.5816256075212706e-187,0.0,,561,True
fallopian_tube,excluded_at_or_below_-1,ENSG00000274420.1,ENSG00000274420,,,,,,,,,,,,,,,,,,,,,0,False
fallopian_tube,raw,ENSG00000274420.1,ENSG00000274420,0.0,29.0,-0.9875,1.0001e-06,0.0,-17675.90193946968,0.0,,,-1.0,-1.0,-1.0,0.0,,,,-1.0,2.368398264137555e-188,0.0,,29,True
heart_atrial_appendage,excluded_at_or_below_-1,ENSG00000274420.1,ENSG00000274420,,,,,,,,,,,,,,,,,,,,,0,False
heart_atrial_appendage,raw,ENSG00000274420.1,ENSG00000274420,0.0,461.0,-0.9875,1.0001e-06,0.0,-17675.90193946968,0.0,,,-1.0,-1.0,-1.0,0.0,,,,-1.0,3.7649365509221136e-187,0.0,,461,True
heart_left_ventricle,excluded_at_or_below_-1,ENSG00000274420.1,ENSG00000274420,,,,,,,,,,0.1583693452424122,0.1583693452424122,,,,,,,,,,1,False
heart_left_ventricle,raw,ENSG00000274420.1,ENSG00000274420,1.3612270208286033,416.8106793483876,-0.985538241222963,0.012782251054825241,1160.9024728045313,126.5606203431689,0.0,1.600032366015331,0.279482327546255,-1.0,0.1583693452424122,-0.9974372359618531,0.054485110818269025,21.189672420660532,447.0022172949012,-1.0,0.1583693452424122,414.6341409787564,0.0,115.88291480088489,452,True
kidney_cortex,excluded_at_or_below_-1,ENSG00000274420.1,ENSG00000274420,,,,,,,,,,,,,,,,,,,,,0,False
kidney_cortex,raw,ENSG00000274420.1,ENSG00000274420,0.0,104.0,-0.9875,1.0001e-06,0.0,-17675.90193946968,0.0,,,-1.0,-1.0,-1.0,0.0,,,,-1.0,8.493566188631232e-188,0.0,,104,True
kidney_medulla,excluded_at_or_below_-1,ENSG00000274420.1,ENSG00000274420,,,,,,,,,,,,,,,,,,,,,0,False
kidney_medulla,raw,ENSG00000274420.1,ENSG00000274420,0.0,11.0,-0.9875,1.0001e-06,0.0,-17675.90193946968,0.0,,,-1.0,-1.0,-1.0,0.0,,,,-1.0,8.983579622590726e-189,0.0,,11,True
liver,excluded_at_or_below_-1,ENSG00000274420.1,ENSG00000274420,,,,,,,,,,,,,,,,,,,,,0,False
liver,raw,ENSG00000274420.1,ENSG00000274420,0.0,262.0,-0.9875,1.0001e-06,0.0,-17675.90193946968,0.0,,,-1.0,-1.0,-1.0,0.0,,,,-1.0,2.1397253282897912e-187,0.0,,262,True
lung,excluded_at_or_below_-1,ENSG00000274420.1,ENSG00000274420,,,,,,,,,,,,,,,,,,,,,0,False
lung,raw,ENSG00000274420.1,ENSG00000274420,0.0,604.0,-0.9875,1.0001e-06,0.0,-17675.90193946968,0.0,,,-1.0,-1.0,-1.0,0.0,,,,-1.0,4.932801901858908e-187,0.0,,604,True
minor_salivary_gland,excluded_at_or_below_-1,ENSG00000274420.1,ENSG00000274420,,,,,,,,,,,,,,,,,,,,,0,False
minor_salivary_gland,raw,ENSG00000274420.1,ENSG00000274420,0.0,181.0,-0.9875,1.0001e-06,0.0,-17675.90193946968,0.0,,,-1.0,-1.0,-1.0,0.0,,,,-1.0,1.478207192444474e-187,0.0,,181,True
muscle_skeletal,excluded_at_or_below_-1,ENSG00000274420.1,ENSG00000274420,,,,,,,,,,,,,,,,,,,,,0,False
muscle_skeletal,raw,ENSG00000274420.1,ENSG00000274420,0.0,818.0,-0.9875,1.0001e-06,0.0,-17675.90193946968,0.0,,,-1.0,-1.0,-1.0,0.0,,,,-1.0,6.680516482981104e-187,0.0,,818,True
nerve_tibial,excluded_at_or_below_-1,ENSG00000274420.1,ENSG00000274420,,,,,,,,,,0.1651851841514517,0.1651851841514517,,,,,,,,,,1,False
nerve_tibial,raw,ENSG00000274420.1,ENSG00000274420,2.247499640215152,633.5986997859183,-0.9854654014242111,0.012693078608561281,1317.9154914630917,128.20102308167233,0.0,1.6193885710016187,0.2709074056869281,-1.0,0.1651851841514517,-0.9982609176355948,0.045015030878851565,25.826372079103727,665.0014947683105,-1.0,0.1651851841514517,630.2926966599542,0.0,170.75095927556632,670,True
ovary,excluded_at_or_below_-1,ENSG00000274420.1,ENSG00000274420,,,,,,,,,,,,,,,,,,,,,0,False
ovary,raw,ENSG00000274420.1,ENSG00000274420,0.0,193.0,-0.9875,1.0001e-06,0.0,-17675.90193946968,0.0,,,-1.0,-1.0,-1.0,0.0,,,,-1.0,1.576209879236373e-187,0.0,,193,True
pancreas,excluded_at_or_below_-1,ENSG00000274420.1,ENSG00000274420,,,,,,,,,,,,,,,,,,,,,0,False
pancreas,raw,ENSG00000274420.1,ENSG00000274420,0.0,362.0,-0.9875,1.0001e-06,0.0,-17675.90193946968,0.0,,,-1.0,-1.0,-1.0,0.0,,,,-1.0,2.956414384888948e-187,0.0,,362,True
pituitary,excluded_at_or_below_-1,ENSG00000274420.1,ENSG00000274420,,,,,,,,,,,,,,,,,,,,,0,False
pituitary,raw,ENSG00000274420.1,ENSG00000274420,0.0,313.0,-0.9875,1.0001e-06,0.0,-17675.90193946968,0.0,,,-1.0,-1.0,-1.0,0.0,,,,-1.0,2.5562367471553613e-187,0.0,,313,True
prostate,excluded_at_or_below_-1,ENSG00000274420.1,ENSG00000274420,,,,,,,,,,0.1992294578140014,0.1992294578140014,,,,,,,,,,1,False
prostate,raw,ENSG00000274420.1,ENSG00000274420,0.02631578932923546,296.97286030892224,-0.986695580561605,0.00716421991471826,0.9743767824599407,234.1010316814893,0.0,2.626285992509002,0.03210097206763647,-1.0,0.1992294578140014,-0.9957474132701631,0.07141307498161177,16.70339961561302,277.00355871886114,-1.0,0.1992294578140014,294.07083238360195,0.0,9.439959576252612,282,True
skin_not_sun_exposed_suprapubic,excluded_at_or_below_-1,ENSG00000274420.1,ENSG00000274420,,,,,,,,,,,,,,,,,,,,,0,False
skin_not_sun_exposed_suprapubic,raw,ENSG00000274420.1,ENSG00000274420,0.0,651.0,-0.9875,1.0001e-06,0.0,-17675.90193946968,0.0,,,-1.0,-1.0,-1.0,0.0,,,,-1.0,5.316645758460512e-187,0.0,,651,True
skin_sun_exposed_lower_leg,excluded_at_or_below_-1,ENSG00000274420.1,ENSG00000274420,,,,,,,,,,,,,,,,,,,,,0,False
skin_sun_exposed_lower_leg,raw,ENSG00000274420.1,ENSG00000274420,0.0,754.0,-0.9875,1.0001e-06,0.0,-17675.90193946968,0.0,,,-1.0,-1.0,-1.0,0.0,,,,-1.0,6.157835486757643e-187,0.0,,754,True
small_intestine_terminal_ileum,excluded_at_or_below_-1,ENSG00000274420.1,ENSG00000274420,,,,,,,,,,,,,,,,,,,,,0,False
small_intestine_terminal_ileum,raw,ENSG00000274420.1,ENSG00000274420,0.0,207.0,-0.9875,1.0001e-06,0.0,-17675.90193946968,0.0,,,-1.0,-1.0,-1.0,0.0,,,,-1.0,1.6905463471602549e-187,0.0,,207,True
spleen,excluded_at_or_below_-1,ENSG00000274420.1,ENSG00000274420,,,,,,,,,,,,,,,,,,,,,0,False
spleen,raw,ENSG00000274420.1,ENSG00000274420,0.0,277.0,-0.9875,1.0001e-06,0.0,-17675.90193946968,0.0,,,-1.0,-1.0,-1.0,0.0,,,,-1.0,2.2622286867796648e-187,0.0,,277,True
stomach,excluded_at_or_below_-1,ENSG00000274420.1,ENSG00000274420,,,,,,,,,,,,,,,,,,,,,0,False
stomach,raw,ENSG00000274420.1,ENSG00000274420,0.0,407.0,-0.9875,1.0001e-06,0.0,-17675.90193946968,0.0,,,-1.0,-1.0,-1.0,0.0,,,,-1.0,3.3239244603585686e-187,0.0,,407,True
testis,excluded_at_or_below_-1,ENSG00000274420.1,ENSG00000274420,,,,,,,,,,,,,,,,,,,,,0,False
testis,raw,ENSG00000274420.1,ENSG00000274420,0.0,414.0,-0.9875,1.0001e-06,0.0,-17675.90193946968,0.0,,,-1.0,-1.0,-1.0,0.0,,,,-1.0,3.3810926943205097e-187,0.0,,414,True
thyroid,excluded_at_or_below_-1,ENSG00000274420.1,ENSG00000274420,,,,,,,,,,,,,,,,,,,,,0,False
thyroid,raw,ENSG00000274420.1,ENSG00000274420,0.0,684.0,-0.9875,1.0001e-06,0.0,-17675.90193946968,0.0,,,-1.0,-1.0,-1.0,0.0,,,,-1.0,5.586153147138233e-187,0.0,,684,True
uterus,excluded_at_or_below_-1,ENSG00000274420.1,ENSG00000274420,,,,,,,,,,,,,,,,,,,,,0,False
uterus,raw,ENSG00000274420.1,ENSG00000274420,0.0,153.0,-0.9875,1.0001e-06,0.0,-17675.90193946968,0.0,,,-1.0,-1.0,-1.0,0.0,,,,-1.0,1.24953425659671e-187,0.0,,153,True
vagina,excluded_at_or_below_-1,ENSG00000274420.1,ENSG00000274420,,,,,,,,,,,,,,,,,,,,,0,False
vagina,raw,ENSG00000274420.1,ENSG00000274420,0.0,170.0,-0.9875,1.0001e-06,0.0,-17675.90193946968,0.0,,,-1.0,-1.0,-1.0,0.0,,,,-1.0,1.3883713962185667e-187,0.0,,170,True
whole_blood,excluded_at_or_below_-1,ENSG00000274420.1,ENSG00000274420,,,,,,,,,,,,,,,,,,,,,0,False
whole_blood,raw,ENSG00000274420.1,ENSG00000274420,0.0,803.0,-0.9875,1.0001e-06,0.0,-17675.90193946968,0.0,,,-1.0,-1.0,-1.0,0.0,,,,-1.0,6.55801312449123e-187,0.0,,803,True
adipose_subcutaneous,excluded_at_or_below_-1,ENSG00000274421.1,ENSG00000274421,1.4723149639139945,95.03443213590538,-0.8753452369053597,0.21370212768435437,2002.0786608074584,13.978882643560366,0.0,0.6722978141636279,0.7977807715835036,-0.97693630995604,1.2370068455947756,-0.7631972692379033,0.21060852738114527,4.056495748066034,28.672925867218144,-0.97693630995604,1.2370068455947756,95.02771022116342,0.0,75.81127998205334,547,True
adipose_subcutaneous,raw,ENSG00000274421.1,ENSG00000274421,0.19064160440104203,4306120576121.709,-9.820061927850812,1.8114114929922251,829.7528280052127,8.632525894858011,0.0,-6.886039559533008,1.0,-1.0,1.2370068455947756,-0.8185839023433237,0.20983076347040042,3.614348931546283,25.381301880402983,-1.0,1.2370068455947756,217.51913125875325,0.0,217.51913125875092,714,True
adipose_visceral_omentum,excluded_at_or_below_-1,ENSG00000274421.1,ENSG00000274421,1.338470628650855,68.81954608619864,-0.9364769116675095,0.2624706314521057,777.0334121331531,10.566845510898862,0.0,0.2049661434977257,0.9792385730801115,-0.974517554567212,1.0246742804116231,-0.7550886715546747,0.21918847860258683,2.8125416517426505,13.948842549549155,-0.974517554567212,1.0246742804116231,68.8177853996454,0.0,67.3890299772821,426,True
adipose_visceral_omentum,raw,ENSG00000274421.1,ENSG00000274421,2.006033901338872,6171886724090.83,-7.334014977537987,1.2889317623735703,1640.518662412506,9.171138501922165,0.0,-6.949669600051602,1.0,-1.0,1.0246742804116231,-0.8222619660686395,0.21634121989926927,2.684087525584906,13.143587369614469,-1.0,1.0246742804116231,200.752319191434,0.0,200.752319191434,587,True
adrenal_gland,excluded_at_or_below_-1,ENSG00000274421.1,ENSG00000274421,0.3960114139299123,13.582164941841578,-0.9614176632721211,0.12863676929577475,147.84273921307476,5.455011637864509,0.0,0.16655181861570975,0.9862287682858929,-0.976567205347725,-0.4652301762929671,-0.8818277563008646,0.08530902800181242,2.0768440927270655,6.168974855024299,-0.976567205347725,-0.4652301762929671,13.582121892050258,0.0,13.395079344305588,153,True
adrenal_gland,raw,ENSG00000274421.1,ENSG00000274421,3.923079693654185,210.4694156589062,-0.9955663956260983,0.0034670898737227404,1172.7692320084498,216.32224756645115,0.0,1.808451371073347,0.19491883184492004,-1.0,-0.4652301762929671,-0.9387106668272279,0.08521008287164994,2.09039817677249,6.248660895638977,-1.0,-0.4652301762929671,210.45339391696544,0.0,41.02132970009367,295,True
artery_aorta,excluded_at_or_below_-1,ENSG00000274421.1,ENSG00000274421,0.0391739512244094,3032452194304.0615,-14.49669604319322,2.74453242129578,204.3984576644239,8.399233909611441,0.0,-6.977025002248633,1.0,-0.9565407000846756,1.8035081072277177,-0.6844859032493247,0.2784033078620271,3.1624348753574014,20.239678693531587,-0.9565407000846756,1.8035081072277177,81.52713691259109,0.0,81.52713691259109,323,True
artery_aorta,raw,ENSG00000274421.1,ENSG00000274421,2.434791810972883,4366495823917.923,-7.117257350601964,1.2551110284179967,1630.29987131311,10.051594808400198,0.0,-6.8927036045982994,1.0,-1.0,1.8035081072277177,-0.7840867515879911,0.27301933992614585,2.946863381600933,18.21402591532841,-1.0,1.8035081072277177,210.6715829480109,0.0,210.6715829480109,472,True
artery_coronary,excluded_at_or_below_-1,ENSG00000274421.1,ENSG00000274421,1.5986165801511036,9.96613261039742,-0.8581271671200829,0.17274365329301064,192.46391927048597,6.50985533280991,0.0,1.065822278516143,0.5666674867368385,-0.9883154491805448,-0.0629599996439315,-0.7234079638505135,0.21382129901660724,1.2768113816028883,1.070764993107117,-0.9883154491805448,-0.0629599996439315,9.96607305920679,0.0,5.647449573096427,177,True
artery_coronary,raw,ENSG00000274421.1,ENSG00000274421,4.499995182415283,114.3169983037286,-0.9949658123738576,0.012917129797707165,771.499948543195,102.03932926393446,0.0,0.5511608637458403,0.8596830015977974,-1.0,-0.0629599996439315,-0.8173254089609735,0.2176185122707701,1.4744544262775683,1.7822730082301828,-1.0,-0.0629599996439315,114.2372799021687,0.0,98.20784768066412,268,True
artery_tibial,excluded_at_or_below_-1,ENSG00000274421.1,ENSG00000274421,1.3100416654332747,64.07220776235135,-0.8736193334966676,0.188882050298733,688.4213527483706,10.934741930914068,0.0,0.6544167118291605,0.8072476011385324,-0.9610230846476816,0.5868223779608357,-0.7753041614282989,0.17148301663046325,2.9796542595706756,14.956713175216311,-0.9610230846476816,0.5868223779608357,64.07183772295764,0.0,51.72183730239489,465,True
artery_tibial,raw,ENSG00000274421.1,ENSG00000274421,2.842618272675529,3722610401513.2734,-6.208888838215887,1.072569671614178,9918.566186716316,8.960338169383908,0.0,-6.8680678140119875,1.0,-1.0,0.5868223779608357,-0.8487936831608668,0.17579231987912308,2.5030740638546582,11.909776496089897,-1.0,0.5868223779608357,212.78205920327406,0.0,212.78205920327406,691,True
bladder,excluded_at_or_below_-1,ENSG00000274421.1,ENSG00000274421,0.4004923325089628,3.3403610879474654,-0.9111205649691752,0.3069184495271598,51.18340728334363,3.97671934756561,0.0,0.22648566002739942,0.9746707469996162,-0.9602734153343636,-0.0480765602776842,-0.7038442172519199,0.2088162208463156,1.0755607779253684,0.5907691281415071,-0.9602734153343636,-0.0480765602776842,3.3391252027439995,0.0,3.254547655683738,63,True
bladder,raw,ENSG00000274421.1,ENSG00000274421,0.580450870437704,3089807007830.7163,-10.10743425124698,1.7618354643909995,114.93261894822498,8.074579245825491,0.0,-7.3104766573573405,1.0,-1.0,-0.0480765602776842,-0.7576907232061164,0.22088694962145777,1.0442162575342027,0.5958835981320338,-1.0,-0.0480765602776842,7.650650099860167,0.0,7.650650099860167,77,True
brain_amygdala,excluded_at_or_below_-1,ENSG00000274421.1,ENSG00000274421,0.5745651342842649,11.200019052327365,-0.9438136500023376,0.05897816032824896,168.86209044666612,9.674865984424018,0.0,0.8198804414780426,0.7145548201949719,-0.9780058267810317,-0.5403344214294004,-0.8996176676916444,0.07894948402091731,2.0170016434763056,4.408809172978887,-0.9780058267810317,-0.5403344214294004,11.199947262013941,0.0,8.002976302001539,108,True
brain_amygdala,raw,ENSG00000274421.1,ENSG00000274421,2.76923076793588,330.17352308772035,-0.9979703063997719,0.0029869542025651105,738.9230769258838,216.6738527821822,0.0,0.960985680476539,0.6354476467329992,-1.0,-0.5403344214294004,-0.9401033597276109,0.07838120716548674,2.0615258015532354,5.202773876834076,-1.0,-0.5403344214294004,327.43749363465236,0.0,208.06938478228986,181,True
brain_anterior_cingulate_cortex_ba24,excluded_at_or_below_-1,ENSG00000274421.1,ENSG00000274421,0.31183980506270026,12.26117950113874,-0.9446135965483066,0.08982348237918947,220.1378379059031,7.015739392150441,0.0,0.6351039692057178,0.8173627396092444,-0.9849520940035112,-0.4990103578052474,-0.9035168920950708,0.06749456792303182,2.2473294915569073,8.990443384539649,-0.9849520940035112,-0.4990103578052474,12.26110307807157,0.0,10.021768802523919,131,True
brain_anterior_cingulate_cortex_ba24,raw,ENSG00000274421.1,ENSG00000274421,3.35897434296525,206.9316270324914,-0.9963002030396013,0.0029771190350321663,952.974358975402,236.22637700586344,0.0,1.7575054869669702,0.21648138237808426,-1.0,-0.4990103578052474,-0.945754132465469,0.0696687290627787,2.0197932235006033,7.080402194781032,-1.0,-0.4990103578052474,204.02170699559053,0.0,44.16690116554149,233,True
brain_caudate_basal_ganglia,excluded_at_or_below_-1,ENSG00000274421.1,ENSG00000274421,0.5159081072709706,13.62403927992999,-0.946083099015368,0.08424970178194277,174.43737217515272,5.810592580217624,0.0,0.6364023171654546,0.8166840327030077,-0.9839958350130036,-0.5999255559931957,-0.9057924705769747,0.06489571647715513,1.881624852574961,4.945750958990046,-0.9839958350130036,-0.5999255559931957,13.624025493588928,0.0,11.126524081752791,177,True
brain_caudate_basal_ganglia,raw,ENSG00000274421.1,ENSG00000274421,4.538461549548366,272.2667154007406,-0.9950205467345082,2.3543288742077494e-05,1355.6923076923078,23732.822565838855,,299.1090335088016,,-1.0,-0.5999255559931957,-0.9444175576404151,0.06806643689414564,1.755166730015426,4.317931429075326,-1.0,-0.5999255559931957,0.0,0.0,0.0,300,True
brain_cerebellar_hemisphere,excluded_at_or_below_-1,ENSG00000274421.1,ENSG00000274421,0.5766699883522588,24.457517700900894,-0.8243970249220414,0.22984882275874943,168.2565677281391,8.065642562187964,0.0,0.8719213572897812,0.683791517161503,-0.9661083638905156,0.4864929969505391,-0.7300527293932595,0.20072666895406782,2.4387355420118193,9.558272985631785,-0.9661083638905156,0.4864929969505391,24.456998733603527,0.0,16.723488269267712,245,True
brain_cerebellar_hemisphere,raw,ENSG00000274421.1,ENSG00000274421,0.2764258368053975,26.12544991187586,-0.903586996594948,0.32113769744182324,513.6096361443662,6.1215796068652635,0.0,0.4245797926892362,0.913809941224502,-1.0,0.4864929969505391,-0.761237973651078,0.20758752971721373,2.1482237874789702,8.190647873085725,-1.0,0.4864929969505391,26.125414975944572,0.0,23.873663923633632,277,True
brain_cerebellum,excluded_at_or_below_-1,ENSG00000274421.1,ENSG00000274421,0.47292562410527245,13.762678505429799,-0.7837848734522318,0.399129185777542,248.1964824676659,3.6612915657247904,0.0,0.5827725865747453,0.8436328393829259,-0.9482590053384636,0.2495302922358713,-0.6296270626101135,0.23273749129709298,1.0860604847704123,1.3472564208009725,-0.9482590053384636,0.2495302922358713,13.745758775939876,0.0,11.596373505618931,253,True
brain_cerebellum,raw,ENSG00000274421.1,ENSG00000274421,0.6664074134942226,14.089822539446793,-0.749635059005894,0.3564871421569765,250.4079426490011,3.9637704244523997,0.0,0.9932181367166742,0.6104930704016751,-1.0,0.2495302922358713,-0.6477279956404463,0.2406450032781001,0.9815128786306372,1.1541893033949213,-1.0,0.2495302922358713,14.08436223094142,0.0,8.598405543016813,266,True
brain_cortex,excluded_at_or_below_-1,ENSG00000274421.1,ENSG00000274421,0.48802091387672414,18.12164942005278,-0.925322520629981,0.06930229226431041,289.2665167920855,11.299763764837566,0.0,1.1838947020906865,0.4961905754484127,-0.983338239639761,-0.3715875319523363,-0.8941108680724686,0.07616874870758053,2.9833230512165003,14.803768594413501,-0.983338239639761,-0.3715875319523363,18.12150206516705,0.0,8.991718537704838,148,True
brain_cortex,raw,ENSG00000274421.1,ENSG00000274421,3.6142679456951385,85134055756.77162,-1.2235185007064726,0.051234646978997,1597.8448763480008,23.515577861044825,0.0,-6.16970963555143,1.0,-1.0,-0.3715875319523363,-0.9419570684249089,0.07718737918757339,2.4936849414995628,11.541482602710087,-1.0,-0.3715875319523363,461.6626751912769,0.0,461.6626751912769,270,True
brain_frontal_cortex_ba9,excluded_at_or_below_-1,ENSG00000274421.1,ENSG00000274421,0.9163254257539264,9.815725710655236,-0.9432034115467479,0.04841701692708113,244.4157337838291,8.337409083005952,0.0,1.197424908476113,0.48826021185470003,-0.9841984519035322,-0.6577638658938807,-0.90968146051649,0.059817519543264974,1.5894545429176348,2.7908889505081236,-0.9841984519035322,-0.6577638658938807,9.81566277740574,0.0,4.79259758719042,128,True
brain_frontal_cortex_ba9,raw,ENSG00000274421.1,ENSG00000274421,3.282051292964471,206.3383515987945,-0.9951580244506539,0.000887033909021637,725.8974359018282,537.9133650287639,0.0,7.719645687634275,1.259386901038289e-13,-1.0,-0.6577638658938807,-0.9570231484985527,0.06113752962189645,1.7988839683543993,3.6285502151052507,-1.0,-0.6577638658938807,187.92355423917672,0.0,2.3666846260539387e-11,269,True
brain_hippocampus,excluded_at_or_below_-1,ENSG00000274421.1,ENSG00000274421,0.21140524665145796,9.236830140394868,-0.9654409524146038,0.11107291227288547,185.1679674046698,3.4551869147269456,0.0,0.14755548684309033,0.9891488944101177,-0.9770300207714392,-0.6940691573217207,-0.9054561799381172,0.056547842805298676,1.2362972412536999,1.67980280959266,-0.9770300207714392,-0.6940691573217207,9.21318072827576,0.0,9.11320753137457,152,True
brain_hippocampus,raw,ENSG00000274421.1,ENSG00000274421,3.897435275162388,142.8214244736517,-0.995554995915681,0.001027046739720729,777.5897436576015,415.1372525839869,0.0,6.120641658973829,7.492723445137937e-09,-1.0,-0.6940691573217207,-0.9436444680415444,0.06373040432293817,1.203819289366758,1.2898915612483863,-1.0,-0.6940691573217207,139.74249478891227,0.0,1.0470518669869477e-06,255,True
brain_hypothalamus,excluded_at_or_below_-1,ENSG00000274421.1,ENSG00000274421,0.2563191524974729,459784436948.3547,-4.053884420160172,0.6325935019261955,127.70939547684534,7.903518907628674,0.0,-6.882235146392993,1.0,-0.9753838682133272,-0.5185522494468303,-0.9018036729528006,0.07845916587773231,2.015235533768993,4.882223096666832,-0.9753838682133272,-0.5185522494468303,23.829329791113537,0.0,23.829329791113537,143,True
brain_hypothalamus,raw,ENSG00000274421.1,ENSG00000274421,3.6666478792110198,264.0997610262139,-0.9956033963760328,0.0017356119796475625,1322.6666666804324,388.7114227397271,0.0,3.582446160953522,0.0017129001226753656,-1.0,-0.5185522494468303,-0.9453615767791848,0.07618267322459218,2.1702820229954956,6.033719836475418,-1.0,-0.5185522494468303,251.87527719293539,0.0,0.43143719320266927,257,True
brain_nucleus_accumbens_basal_ganglia,excluded_at_or_below_-1,ENSG00000274421.1,ENSG00000274421,0.8601595830480583,17.578984200990913,-0.9386218996144535,0.058560130055491856,118.44906889555538,10.877510104473561,0.0,1.0244838135009784,0.5917060467709541,-0.9810439969232164,-0.4882030779132871,-0.8968444056396996,0.08406968209993644,2.2301359195018025,5.772924527316745,-0.9810439969232164,-0.4882030779132871,17.578312133588977,0.0,10.401193581471826,160,True
brain_nucleus_accumbens_basal_ganglia,raw,ENSG00000274421.1,ENSG00000274421,3.9441642284000635,44371317341.90259,-1.1673446000693972,0.039124934021469215,1352.8805124721416,24.54831363745804,0.0,-6.048853727860067,1.0,-1.0,-0.4882030779132871,-0.9420880873766735,0.0811560039432238,2.3301455960593835,7.0298956501755665,-1.0,-0.4882030779132871,503.47969382047313,0.0,503.47969382046415,285,True
brain_putamen_basal_ganglia,excluded_at_or_below_-1,ENSG00000274421.1,ENSG00000274421,0.3755154914419548,14.076912153015138,-0.9348127502152657,0.0780032915567624,57.858426613556475,8.082451350167826,0.0,0.8541650331689581,0.6943411638549162,-0.9819256374711808,-0.4890117581058698,-0.9008188651773529,0.06989838749107702,2.4957620714911304,9.730752239593025,-0.9819256374711808,-0.4890117581058698,14.07681216158731,0.0,9.77411013964357,142,True
brain_putamen_basal_ganglia,raw,ENSG00000274421.1,ENSG00000274421,3.641025665281037,260.0515970361154,-0.9963544644549526,0.002930405369930941,1128.9743589749278,244.84357811112395,0.0,1.7593353680077504,0.21410380414236155,-1.0,-0.4890117581058698,-0.9445522789574177,0.07181511256344367,2.1697882019056687,7.887618230860388,-1.0,-0.4890117581058698,258.40907942513627,0.0,55.32636692984731,254,True
brain_spinal_cord_cervical_c-1,excluded_at_or_below_-1,ENSG00000274421.1,ENSG00000274421,0.32811079866292925,27.440352821173974,-1.118044720399548,0.20284867577078514,124.8715335940552,5.475537125051498,0.0,-1.004570139415028,1.0,-0.9739535251791676,-0.3326573613031824,-0.8737897176646495,0.10767381626715761,2.214999676827482,6.206613535118137,-0.9739535251791676,-0.3326573613031824,16.567344628016063,0.0,16.56734462801606,110,True
brain_spinal_cord_cervical_c-1,raw,ENSG00000274421.1,ENSG00000274421,2.7759410450604025,38412526211.59445,-1.1665023095060811,0.039235480526179554,847.7860231880501,30.055317759597607,0.0,-6.001451265846678,1.0,-1.0,-0.3326573613031824,-0.9319454359956444,0.10100703254636269,2.455903284158194,8.051218689168316,-1.0,-0.3326573613031824,579.9493653495083,0.0,579.9493653494774,204,True
brain_substantia_nigra,excluded_at_or_below_-1,ENSG00000274421.1,ENSG00000274421,0.5282219867782432,5.469113283929671,-0.9430757101474412,0.05036803899320398,65.65265088266952,6.536741761765963,0.0,1.071855621153609,0.5630283142825069,-0.9812504718367276,-0.7102658483945579,-0.9126842148899716,0.05934977993593264,1.6545276236531117,2.699166728264479,-0.9812504718367276,-0.7102658483945579,5.469048328061323,0.0,3.0792290608779296,83,True
brain_substantia_nigra,raw,ENSG00000274421.1,ENSG00000274421,2.1282051322856894,98.96166289502251,-0.9965245089871307,0.0013891638912083113,220.35897435938148,291.4205319608808,0.0,3.538161737007282,0.0019205712885488379,-1.0,-0.7102658483945579,-0.9603977586659435,0.05905048047428421,1.9356550381353483,4.147484494384045,-1.0,-0.7102658483945579,98.55067512137826,0.0,0.1892735971052253,183,True
breast_mammary_tissue,excluded_at_or_below_-1,ENSG00000274421.1,ENSG00000274421,0.599124085796083,95.91665767964108,-1.330747542532158,0.5730440206069717,858.3554795979829,5.639263112655865,0.0,-0.893901643786474,1.0,-0.9685356350724256,0.9543005529720784,-0.7104970455402164,0.2570528219603112,2.2658552851309373,7.972269238269609,-0.9685356350724256,0.9543005529720784,64.32506737116219,0.0,64.32506737116219,400,True
breast_mammary_tissue,raw,ENSG00000274421.1,ENSG00000274421,1.9464198343307513,5117947205767.577,-9.075542358560112,1.6354087565761313,2017.240081283046,8.673268879675446,0.0,-6.9832948374961665,1.0,-1.0,0.9543005529720784,-0.7747058720157325,0.2566839180981778,2.217187151372497,7.7792241380918234,-1.0,0.9543005529720784,131.7056288624297,0.0,131.7056288624297,514,True
cells_cultured_fibroblasts,excluded_at_or_below_-1,ENSG00000274421.1,ENSG00000274421,1.120656829339598,25.914620331220384,-0.9151734131019206,0.10421700308463237,632.2042818849043,6.056823183714762,0.0,0.6691266886909621,0.7994312624396517,-0.964483064794342,-0.4688306702413158,-0.8645621945138823,0.08342904920874196,1.6851836219949252,3.5975614211318723,-0.964483064794342,-0.4688306702413158,25.914346928357293,0.0,20.71673908023578,334,True
cells_cultured_fibroblasts,raw,ENSG00000274421.1,ENSG00000274421,8.564102507500978,541.1145519761925,-0.9959732125197168,0.003494998687101075,5155.589767278028,213.3025501111978,0.0,1.6293961678521467,0.26876874427340225,-1.0,-0.4688306702413158,-0.9306192836926943,0.09028023247889053,1.6186362466477533,3.1719339057992526,-1.0,-0.4688306702413158,533.8255058782491,0.0,143.47561087601068,652,True
cells_ebv-transformed_lymphocytes,excluded_at_or_below_-1,ENSG00000274421.1,ENSG00000274421,1.6872568510034445,17.908374593416283,-0.924546371427244,0.060888356082603845,493.87281323402175,9.96570504480873,0.0,0.9509672831816016,0.6362498034035721,-0.9654898583954392,-0.4954772311452815,-0.8664893358622502,0.09418379974878308,1.6884858672564378,2.7145660813480417,-0.9654898583954392,-0.4954772311452815,17.908278484244647,0.0,11.394138664897076,204,True
cells_ebv-transformed_lymphocytes,raw,ENSG00000274421.1,ENSG00000274421,5.230758179876265,191.94422303938364,-0.9944240968197209,0.0010453843222416894,1878.9230769278397,674.983744568921,0.0,7.543175971035585,4.843191073768314e-13,-1.0,-0.4954772311452815,-0.9167089434736974,0.09858694019143924,1.640686677626123,2.9502529729618994,-1.0,-0.4954772311452815,174.77333981543038,0.0,8.464606793268104e-11,327,True
cervix_ectocervix,excluded_at_or_below_-1,ENSG00000274421.1,ENSG00000274421,0.08509139847254542,1157.8621896451057,-3.42906653417005,1.0301622544262299,21.824822643929096,5.332812143921545,0.0,-3.4439289933929564,1.0,-0.9203890965387668,0.4555389644473266,-0.6410755129050786,0.34162850942673173,1.9968056499184152,3.4520549099552875,-0.9203890965387668,0.4555389644473266,3.076387198070272,0.0,3.0763871980702775,21,True
cervix_ectocervix,raw,ENSG00000274421.1,ENSG00000274421,0.09286250988351467,1.9857476720285363,-0.9142376408408758,0.324786196838391,28.936296461131295,5.964405727451082,0.0,0.3734342550410055,0.9326533061344741,-1.0,0.4555389644473266,-0.6859410737919438,0.3408666120654846,1.9928167833439439,3.755941682385158,-1.0,0.4555389644473266,1.9857380332161445,0.0,1.8520051417960055,24,True
cervix_endocervix,excluded_at_or_below_-1,ENSG00000274421.1,ENSG00000274421,0.0737274148352871,4.605781608182033,-1.282848012008527,0.4739774261066122,21.180387215569873,4.387614864765414,0.0,-1.1830803292077703,1.0,-0.8863355019925006,0.1876727464396783,-0.6548603835119227,0.26788920922507753,1.9958954022809636,3.508685779646097,-0.8863355019925006,0.1876727464396783,2.287226438735141,0.0,2.287226438735141,20,True
cervix_endocervix,raw,ENSG00000274421.1,ENSG00000274421,0.0912294317033497,1.4645775021333978,-0.8104413734595788,0.26097723700722947,31.225400028943078,5.40869595120479,0.0,1.0272021559905402,0.590040932886782,-1.0,0.1876727464396783,-0.6998785943581937,0.2758688176796039,1.8052122955493906,3.3506547863430676,-1.0,0.1876727464396783,1.4645635583186214,0.0,0.8641524482223044,23,True
colon_sigmoid,excluded_at_or_below_-1,ENSG00000274421.1,ENSG00000274421,0.3780392899252212,24.19736963109141,-1.0176954407476417,0.336847307082488,401.2594030058138,3.843236668052935,0.0,-0.19044664963042623,1.0,-0.9723335217435252,-0.1022863706055395,-0.78456799228126,0.15484914410395695,1.4106764991918372,2.566038701111184,-0.9723335217435252,-0.1022863706055395,23.747495529077554,0.0,23.747495529077558,297,True
colon_sigmoid,raw,ENSG00000274421.1,ENSG00000274421,7.423127282018987,206528039131.46588,-1.3452581393654393,0.0772164821174855,2830.9928448630635,22.764926409786142,0.0,-6.323374619260686,1.0,-1.0,-0.1022863706055395,-0.847295211712492,0.16303828103729215,1.3940255834397952,2.331638556610784,-1.0,-0.1022863706055395,428.8763869475813,0.0,428.8763869475813,419,True
colon_transverse,excluded_at_or_below_-1,ENSG00000274421.1,ENSG00000274421,1.1538033842535091,32.860960777010845,-0.9427067959427488,0.1610904003662453,260.4350176942735,6.869185853889304,0.0,0.2478854479591015,0.9697448603771657,-0.9709429599275508,-0.1602507872927299,-0.8386294110123503,0.1169985556692106,1.6846817860382184,3.963764094451183,-0.9709429599275508,-0.1602507872927299,32.86091723327232,0.0,31.86670559424526,323,True
colon_transverse,raw,ENSG00000274421.1,ENSG00000274421,7.744453650699745,409599483218.57336,-1.445210708015724,0.09772908685683646,5000.185058068165,18.594338752538913,0.0,-6.442534578389147,1.0,-1.0,-0.1602507872927299,-0.8911843418726287,0.12227835452298604,1.6131141348685962,3.5510556397582427,-1.0,-0.1602507872927299,397.5496182647726,0.0,397.54961826476415,479,True
esophagus_gastroesophageal_junction,excluded_at_or_below_-1,ENSG00000274421.1,ENSG00000274421,0.610225986305947,28.25670671651203,-1.0395665579466384,0.3531900892705736,198.72765318067533,4.34229092832701,0.0,-0.2809332101400849,1.0,-0.9694054251387008,0.0448906707346494,-0.7683155180162611,0.17615862977019073,1.5721305176722937,2.9667729542013905,-0.9694054251387008,0.0448906707346494,27.161089024747472,0.0,27.161089024747472,296,True
esophagus_gastroesophageal_junction,raw,ENSG00000274421.1,ENSG00000274421,6.847782185049894,1420266111481.0176,-1.8561074374205226,0.17970981432871636,2945.2547183659194,14.959768984464699,0.0,-6.737076399366769,1.0,-1.0,0.0448906707346494,-0.8298297601310504,0.18238988740406134,1.5442853415167825,2.8902577514792123,-1.0,0.0448906707346494,197.90085381657968,0.0,197.90085381657826,403,True
esophagus_mucosa,excluded_at_or_below_-1,ENSG00000274421.1,ENSG00000274421,1.5932495467996035,53.091492355655774,-0.977689765020539,0.287441942310267,815.9661574151493,6.400331456621671,0.0,-0.04308650127622103,1.0,-0.968932341146447,0.3231913425214638,-0.7617464481616985,0.190324806638805,1.9440903608983497,5.750364896823184,-0.968932341146447,0.3231913425214638,53.042234392755745,0.0,53.042234392755745,468,True
esophagus_mucosa,raw,ENSG00000274421.1,ENSG00000274421,2.1394199531434763,4504124697572.036,-7.988544356466935,1.4173135395139793,3750.9485391377857,8.293556100791115,0.0,-6.973258869417592,1.0,-1.0,0.3231913425214638,-0.8183995728659201,0.19468200400198743,1.844994559392544,5.254463312340315,-1.0,0.3231913425214638,124.31306276056551,0.0,124.31306276056551,614,True
esophagus_muscularis,excluded_at_or_below_-1,ENSG00000274421.1,ENSG00000274421,2.5578992219541052,29.37914712074966,-0.8834441300192847,0.10743940866441622,777.9765867227611,9.316296820924487,0.0,1.3903773867599898,0.38038652740942913,-0.9890726773818224,-0.1756744918164783,-0.8074298746633666,0.14212414027555384,1.6273117631497669,2.9382707833490267,-0.9890726773818224,-0.1756744918164783,29.378933448049857,0.0,11.175350473296412,355,True
esophagus_muscularis,raw,ENSG00000274421.1,ENSG00000274421,9.076922984291041,855.75933120072,-0.9951132711055144,0.004477124061573849,4810.769230769238,258.8405903582739,0.0,1.543597671893128,0.3096550443205309,-1.0,-0.1756744918164783,-0.8781418992967827,0.14629096096517397,1.66760217321085,3.2150676514177974,-1.0,-0.1756744918164783,839.6109724045491,0.0,259.98977287193463,561,True
fallopian_tube,excluded_at_or_below_-1,ENSG00000274421.1,ENSG00000274421,0.1520263827972536,1.5338604494505377,-0.9654589706121328,0.31380522337039074,18.9433947442668,3.4351804611239514,0.0,-0.03944082566307075,1.0,-0.9567072958747304,-0.203213719540065,-0.7378742000676312,0.18126706856281435,1.1198649895956538,0.9224496813365373,-0.9567072958747304,-0.203213719540065,1.5284669432995597,0.0,1.5284669432995597,28,True
fallopian_tube,raw,ENSG00000274421.1,ENSG00000274421,0.5302672397668409,2.604063288327448,-0.822967571085674,0.03361599115584023,23.147033614975687,26.072838314526113,0.0,7.447695377769478,9.02066456065705e-13,-1.0,-0.203213719540065,-0.7469130207549541,0.18453608636753407,1.0683361771961692,0.8655872457715259,-1.0,-0.203213719540065,2.6040319531965928,0.0,2.3490098755019062e-12,29,True
heart_atrial_appendage,excluded_at_or_below_-1,ENSG00000274421.1,ENSG00000274421,0.9048457881730244,33.55560924717793,-0.9705562865265388,0.2609873334772523,287.18178437391873,5.601354818190472,0.0,0.06239466844638,0.9980625240775748,-0.9820709676003736,0.0631508541449206,-0.7951053261065416,0.17396281324053156,2.0067147490353716,5.344010807685532,-0.9820709676003736,0.0631508541449206,33.555362742804675,0.0,33.490350035422246,348,True
heart_atrial_appendage,raw,ENSG00000274421.1,ENSG00000274421,3.455279263106779,3382804237663.9023,-4.939425351830972,0.8013161753385215,2648.590565094473,8.828863481143745,0.0,-6.952547486218129,1.0,-1.0,0.0631508541449206,-0.8453289663450682,0.17496829264738517,1.9781672400647854,5.38096289100033,-1.0,0.0631508541449206,107.85281697868172,0.0,107.85281697868172,461,True
heart_left_ventricle,excluded_at_or_below_-1,ENSG00000274421.1,ENSG00000274421,1.3703120616908795,43.36584668362888,-0.949843339653188,0.05339745515113859,358.8155726972417,17.419507631939187,0.0,0.9004364420775631,0.6667755170682285,-0.9838417510752974,-0.2921227504300473,-0.9073435386593743,0.07999578040604495,3.067006275388266,15.32687277248743,-0.9838417510752974,-0.2921227504300473,43.36189852111887,0.0,28.912652307479085,249,True
heart_left_ventricle,raw,ENSG00000274421.1,ENSG00000274421,3.9795574892208267,883433252125.246,-1.7391056376441942,0.15858822980791276,4056.50123753569,12.903497479596199,0.0,-6.590988612767033,1.0,-1.0,-0.2921227504300473,-0.9489569493942128,0.07515120995459593,3.021147443149268,15.718442174318817,-1.0,-0.2921227504300473,325.87573563397876,0.0,325.8757356339753,452,True
kidney_cortex,excluded_at_or_below_-1,ENSG00000274421.1,ENSG00000274421,0.39387204097860895,5.654747374026261,-0.9483718534693804,0.08407332310995026,39.930977497329756,7.763060910062294,0.0,0.48806030960693686,0.88773342072406,-0.9773864614454713,-0.4868670669372126,-0.8806160427869754,0.09546112796655228,1.7557530902166736,3.491205106450341,-0.9773864614454713,-0.4868670669372126,5.654647568842034,0.0,5.019819629277128,63,True
kidney_cortex,raw,ENSG00000274421.1,ENSG00000274421,1.57047206978583,85862705737.94818,-1.1751707155168574,0.0391600895837975,182.91863798141756,24.8571534232385,0.0,-6.326052985257642,1.0,-1.0,-0.4868670669372126,-0.9276808720728794,0.09445699497673507,1.9074552710440498,4.329193783087455,-1.0,-0.4868670669372126,175.30761424119282,0.0,175.30761424119282,104,True
kidney_medulla,excluded_at_or_below_-1,ENSG00000274421.1,ENSG00000274421,,,,,,,,,,-0.9575727835222172,-0.6409343118261612,,,,,,,,,,7,False
kidney_medulla,raw,ENSG00000274421.1,ENSG00000274421,0.1795040279195738,5.9350981525513875,-0.9955227626131634,1.6699780886883653e-05,7.743589754660661,30028.166211312575,,379.1528689697525,,-1.0,-0.6409343118261612,-0.9371818714232764,0.10240455090277206,2.4408003179009015,4.767065385439579,-1.0,-0.6409343118261612,0.0,0.0,0.0,11,True
liver,excluded_at_or_below_-1,ENSG00000274421.1,ENSG00000274421,0.37519667554014735,11.266609367420418,-0.92854601621244,0.08490790402909212,155.71439894305348,6.5691091882349095,0.0,0.7694492443254264,0.7437701545287217,-0.974742944548222,-0.5341435671400931,-0.8892490482984954,0.0779341740637278,2.272398825934624,6.663210515890366,-0.974742944548222,-0.5341435671400931,11.266577298123906,0.0,8.379743938035405,135,True
liver,raw,ENSG00000274421.1,ENSG00000274421,3.461538462905691,189.0417425680643,-0.9928942861460228,0.0019663167453113756,845.692307695675,329.94251313455527,0.0,5.110568745650387,2.1371458559899374e-06,-1.0,-0.5341435671400931,-0.9429336699247972,0.07869967288612251,2.141830809833885,6.503966800184191,-1.0,-0.5341435671400931,188.49108853299427,0.0,0.00040283294874932096,262,True
lung,excluded_at_or_below_-1,ENSG00000274421.1,ENSG00000274421,0.5608178388430497,61.79672212945274,-1.1103940808344033,0.5265223766458119,205.81990905199117,4.871470723598566,0.0,-0.3871318453299123,1.0,-0.966261974693132,0.703291214932074,-0.6911051188363199,0.2420639546777441,1.7805164825148594,4.734992423028365,-0.966261974693132,0.703291214932074,57.33476824577937,0.0,57.33476824577937,505,True
lung,raw,ENSG00000274421.1,ENSG00000274421,-0.0029992298049383924,3722887542054.0317,-14.550343184262006,2.7434626555755126,673.6230750944412,7.8630181456928865,0.0,-6.98499725048133,1.0,-1.0,0.703291214932074,-0.7417352400866583,0.24914363603318432,1.6700885454035646,4.256441996413177,-1.0,0.703291214932074,94.5331286037575,0.0,94.53312860375752,604,True
minor_salivary_gland,excluded_at_or_below_-1,ENSG00000274421.1,ENSG00000274421,0.7839025650318634,7.5768986890051595,-0.7216943538826887,0.28934820717868376,92.46619904781848,3.5124405014924425,0.0,1.1971496690488646,0.48734548119765125,-0.9666312712479732,-0.0030487483185468,-0.6427243735971275,0.2032204505561939,0.6947042478645847,0.01041015410852264,-0.9666312712479732,-0.0030487483185468,7.561015607844907,0.0,3.684826789748127,174,True
minor_salivary_gland,raw,ENSG00000274421.1,ENSG00000274421,0.8612188860306356,7.816816391479173,-0.7277126833106582,0.2905337123881041,107.24406614194332,3.5274032627907195,0.0,1.3253966741382952,0.41431139043600124,-1.0,-0.0030487483185468,-0.6565416630160231,0.21086613000672141,0.6053242367636038,-0.049131609977673296,-1.0,-0.0030487483185468,7.801245549233117,0.0,3.232144890635439,181,True
muscle_skeletal,excluded_at_or_below_-1,ENSG00000274421.1,ENSG00000274421,2.0967918347045074,32.712117144189776,-0.9284215682437539,0.0687712488982108,690.6398324576087,8.876108943267033,0.0,1.1424784330446545,0.5206822751030331,-0.9839787137627868,-0.4967886709034497,-0.8894655317377543,0.07538396488241202,1.7241026767002035,4.066494567104145,-0.9839787137627868,-0.4967886709034497,32.71168452678697,0.0,17.032394321860128,370,True
muscle_skeletal,raw,ENSG00000274421.1,ENSG00000274421,9.269730646266273,415.65880750209806,-0.9937423887364694,0.0057065583691333,6735.201076695964,123.15631281940753,0.0,1.5507768683855112,0.3017701372037987,-1.0,-0.4967886709034497,-0.9500027466295465,0.07481325535181405,1.9862605258614972,4.971081099462944,-1.0,-0.4967886709034497,413.84850967657763,0.0,124.88712154668845,818,True
nerve_tibial,excluded_at_or_below_-1,ENSG00000274421.1,ENSG00000274421,0.6014514738556327,63.5878574271963,-0.731377732912059,0.4076056582806532,668.7396940243469,7.866605343576613,0.0,0.8124280786203534,0.7189099602076966,-0.9655363427588312,1.5359409626618166,-0.5956709955339184,0.2829512030023097,2.1743339131869663,9.44315026700727,-0.9655363427588312,1.5359409626618166,63.58782352432291,0.0,45.71391967956502,606,True
nerve_tibial,raw,ENSG00000274421.1,ENSG00000274421,0.04760064941514969,69.15411330800131,-0.8658921793900906,0.5426607506216679,927.3687801028613,6.259352643720323,0.0,0.34949477829299863,0.9407602596359153,-1.0,1.5359409626618166,-0.6342934676023202,0.2941902453512491,1.8972002194050521,7.862747200536061,-1.0,1.5359409626618166,69.15367351924931,0.0,65.0570278547463,670,True
ovary,excluded_at_or_below_-1,ENSG00000274421.1,ENSG00000274421,0.7542574913140873,10.00386296396991,-0.5361864157525574,0.47892040355229964,229.5100030470236,4.5369382169169485,0.0,1.2111656023110964,0.4802273421586565,-0.9463450611371688,1.0002380250452203,-0.38109800057502524,0.3807799769881882,1.1172618027499355,1.4276102072426822,-0.9463450611371688,1.0002380250452203,10.003502776114084,0.0,4.803955550450008,185,True
ovary,raw,ENSG00000274421.1,ENSG00000274421,0.7144769696327476,10.22239566950097,-0.5457634048075454,0.5050643730356106,230.1963575513421,4.328905989557541,0.0,1.271892431426863,0.44532035949163695,-1.0,1.0002380250452203,-0.4067519694631071,0.3927472884683659,1.008951941085114,1.2451015210257559,-1.0,1.0002380250452203,10.22152368603764,0.0,4.551852602418564,193,True
pancreas,excluded_at_or_below_-1,ENSG00000274421.1,ENSG00000274421,2.1150968142276008,16.615307488671334,-0.9333161955601843,0.05423327930662809,315.6755402899315,9.277707160771216,0.0,1.3879428865258943,0.38167251929690943,-0.9865420280859992,-0.5775280054576303,-0.8833040853124936,0.0864332562497671,1.5668586132051352,2.275825009688419,-0.9865420280859992,-0.5775280054576303,16.61530066390493,0.0,6.341603663268206,228,True
pancreas,raw,ENSG00000274421.1,ENSG00000274421,5.846159743664061,206.1760492257098,-0.9964126570707595,0.002455979704946598,1653.0769231136615,241.20409227652686,0.0,2.0656803528127834,0.11849275212847864,-1.0,-0.5775280054576303,-0.9265009156111839,0.08877707793424174,1.6417155196647693,2.8060517327305634,-1.0,-0.5775280054576303,206.04945967147464,0.0,24.41536755105905,362,True
pituitary,excluded_at_or_below_-1,ENSG00000274421.1,ENSG00000274421,0.7724333689625389,16.391637932691754,-0.8534384571107304,0.261024952432094,292.23761192129314,4.4027598335865,0.0,0.6270224654570243,0.821528850099224,-0.9691695698467256,-0.0408100064236887,-0.7419983094274226,0.16872267936497637,1.2179480210414662,1.6950654534188834,-0.9691695698467256,-0.0408100064236887,16.39056349804622,0.0,13.465320783028226,271,True
pituitary,raw,ENSG00000274421.1,ENSG00000274421,-0.7341829416065158,34.08204461192927,-1.3337567539117319,0.6165431109340496,900.1852264189057,2.965733933761144,0.0,-0.7655641909622771,1.0,-1.0,-0.0408100064236887,-0.7766183445841263,0.1799818541668599,1.0560579559650094,1.2962740587323855,-1.0,-0.0408100064236887,25.005471336599022,0.0,25.005471336599012,313,True
prostate,excluded_at_or_below_-1,ENSG00000274421.1,ENSG00000274421,0.3092988058973766,18.18721791151832,-0.8429439773190337,0.40070566152836135,255.08087314559066,4.532989688844261,0.0,0.4151518271047973,0.9174323976311296,-0.9605737978360912,0.4414409842575,-0.6682150441435482,0.21900764673850392,1.2378460379213791,2.258617659944801,-0.9605737978360912,0.4414409842575,18.186549299925666,0.0,16.684929528867546,256,True
prostate,raw,ENSG00000274421.1,ENSG00000274421,-0.00323067821465377,20.376366967121918,-0.9398217208899486,0.49544495411179995,321.4415333479308,3.9427194375641488,0.0,0.17177476079109233,0.9853488431868357,-1.0,0.4414409842575,-0.6988051464565543,0.2297231741935523,1.096478146830112,1.822653256512556,-1.0,0.4414409842575,20.36778540580516,0.0,20.069373787887834,282,True
skin_not_sun_exposed_suprapubic,excluded_at_or_below_-1,ENSG00000274421.1,ENSG00000274421,1.0507999051857468,62.841716977950696,-0.8764420324012134,0.3883487996355168,1028.9959918210602,6.727700485193878,0.0,0.314621964908466,0.9517151150630011,-0.9628385043782912,0.9710119004744848,-0.6703507270819834,0.2535485649389934,2.0593945241033857,6.828850639017647,-0.9628385043782912,0.9710119004744848,62.84146858402923,0.0,59.807175504177344,600,True
skin_not_sun_exposed_suprapubic,raw,ENSG00000274421.1,ENSG00000274421,1.0312056548953477,65.62121233193314,-0.8979235967809812,0.4037385795211273,692.8762794827318,6.546498307281222,0.0,0.3575527362329934,0.9380782147163195,-1.0,0.9710119004744848,-0.6961757853290169,0.25903894865833826,1.9180438575618497,6.224473588225363,-1.0,0.9710119004744848,65.6212102827592,0.0,61.55782778957493,651,True
skin_sun_exposed_lower_leg,excluded_at_or_below_-1,ENSG00000274421.1,ENSG00000274421,0.483777216223835,74.7080539857283,-0.9751184127666308,0.42080850941542136,913.589034830881,5.797261184856903,0.0,-0.04271484762646013,1.0,-0.9624083300479817,0.7498946282608452,-0.7114772986619319,0.2202637017235007,2.2171379982882735,8.647364468684765,-0.9624083300479817,0.7498946282608452,74.639926705632,0.0,74.639926705632,648,True
skin_sun_exposed_lower_leg,raw,ENSG00000274421.1,ENSG00000274421,-0.22923052910217578,163.5655877812007,-1.4439484623518448,0.6661377214330884,1606.275993180039,4.65753935355636,0.0,-0.9425047047357832,1.0,-1.0,0.7498946282608452,-0.7520388455343925,0.22750279055577896,1.982291379056061,7.378867699561255,-1.0,0.7498946282608452,104.90195294909132,0.0,104.90195294909132,754,True
small_intestine_terminal_ileum,excluded_at_or_below_-1,ENSG00000274421.1,ENSG00000274421,1.1326265036685146,11.87104236240701,-0.907208567342185,0.10632957335766775,158.19811723365336,9.430546171497214,0.0,0.8820742708702435,0.6777211516592379,-0.9735285231019256,-0.1981601056215617,-0.8151781083934245,0.13740405446742215,1.496215671109297,2.5604629836750536,-0.9735285231019256,-0.1981601056215617,11.870945574795856,0.0,8.045190906234781,139,True
small_intestine_terminal_ileum,raw,ENSG00000274421.1,ENSG00000274421,3.5126099306350955,35995354514.37731,-1.231074079532506,0.05372282751014427,800.8375040032704,27.190693758509212,0.0,-6.0828536458927704,1.0,-1.0,-0.1981601056215617,-0.8758925462158745,0.14219484947287228,1.5391575224617569,2.689170838479334,-1.0,-0.1981601056215617,332.3210391680738,0.0,332.3210391680561,207,True
spleen,excluded_at_or_below_-1,ENSG00000274421.1,ENSG00000274421,1.4185479659948963,16.759396812240865,-0.8957781293998963,0.10290118320809753,181.55886112065008,9.90204531176349,0.0,0.9422478961447288,0.6415198219815317,-0.9643380880711552,-0.1752842762290515,-0.8055055481963251,0.15122475995667492,1.8466432384205491,3.7005292126851854,-0.9643380880711552,-0.1752842762290515,16.759390897576342,0.0,10.751481465132077,185,True
spleen,raw,ENSG00000274421.1,ENSG00000274421,4.743589694915813,478.0781532367334,-0.9918364103733223,0.0016449670547413213,1511.4358974358977,702.007434837725,0.0,7.0184136116400655,2.0195456030683608e-11,-1.0,-0.1752842762290515,-0.8701029834524194,0.1538420240292646,1.8298927117391244,4.003819092547925,-1.0,-0.1752842762290515,476.4071788398187,0.0,9.621260232961504e-09,277,True
stomach,excluded_at_or_below_-1,ENSG00000274421.1,ENSG00000274421,1.8435204414569082,19.32792885798966,-0.9122285269148408,0.08711704400913961,247.3002077156817,8.722508204589257,0.0,0.9822396091077266,0.6173130670389564,-0.9727355207175088,-0.3749128404111826,-0.8374020924330149,0.12486710900838105,1.6239677022483796,2.440747716836934,-0.9727355207175088,-0.3749128404111826,19.3275743271778,0.0,11.931164186333522,241,True
stomach,raw,ENSG00000274421.1,ENSG00000274421,6.1794871794871575,335.22427094457925,-0.9949102389567848,0.0031647863444810966,2129.743589743597,277.05147653592735,0.0,2.2744060145183784,0.07540922328235937,-1.0,-0.3749128404111826,-0.9037196665266747,0.12497051460619579,1.7990842265507485,3.424766476067899,-1.0,-0.3749128404111826,334.6764019491866,0.0,25.23768752192286,407,True
testis,excluded_at_or_below_-1,ENSG00000274421.1,ENSG00000274421,1.6384515660890309,27.218496849235063,-0.8573937883342452,0.17998758035070894,387.28342927224696,6.701182121655395,0.0,0.8398272872771864,0.7028243710684314,-0.9642789755303514,-0.0045314006038794,-0.7650369165740306,0.15776206655833858,1.4868959395969323,2.6563844614541976,-0.9642789755303514,-0.0045314006038794,27.21831474957514,0.0,19.12969494541276,355,True
testis,raw,ENSG00000274421.1,ENSG00000274421,0.3987842029687078,33.73882827655004,-1.0173956648800206,0.35094223259528207,1676.1283048138203,4.081601603743893,0.0,-0.07010038380930181,1.0,-1.0,-0.0045314006038794,-0.79852199368063,0.1676190883588919,1.2764592680093179,2.1355740773624694,-1.0,-0.0045314006038794,33.64789364438699,0.0,33.64789364438699,414,True
thyroid,excluded_at_or_below_-1,ENSG00000274421.1,ENSG00000274421,0.8517375679217287,42.92027495737882,-0.916722680680206,0.4561521472117771,975.3394226593755,4.179511558316822,0.0,0.1563539202957337,0.9878533055863101,-0.967154368202845,0.4313715692600242,-0.6689671090022876,0.23105070719410412,1.2265102038348439,1.9284022183600777,-0.967154368202845,0.4313715692600242,42.913185516896434,0.0,42.39193216610471,592,True
thyroid,raw,ENSG00000274421.1,ENSG00000274421,-3.13490859325893,284018614.2581089,-13.391853364301294,3.183587285042332,1994.6244779910019,6.14055479760983,0.0,-5.50471073090133,1.0,-1.0,0.4313715692600242,-0.7134920007739098,0.24283527266407984,1.1292258434464069,1.5857696514222548,-1.0,0.4313715692600242,72.8683094229018,0.0,72.8683094229018,684,True
uterus,excluded_at_or_below_-1,ENSG00000274421.1,ENSG00000274421,0.21009231168918394,8.032103426887126,-0.9067590243367981,0.45360236413041777,83.18628106051496,3.680979172937154,0.0,0.16877838812292928,0.9858430969585468,-0.9608939003580792,0.2738977728991949,-0.6619006950271564,0.23023179316558673,1.1554499077098952,1.4514056191707612,-0.9608939003580792,0.2738977728991949,8.022917907007598,0.0,7.909338236088552,127,True
uterus,raw,ENSG00000274421.1,ENSG00000274421,0.011211978653967582,6972868128832.893,-17.9287317966131,3.2696435020408225,306.7218431922286,7.873153630354535,0.0,-7.3221567077889915,1.0,-1.0,0.2738977728991949,-0.7193554788787507,0.2452961442926831,1.0600065925956026,1.1432389839301509,-1.0,0.2738977728991949,15.654194755581063,0.0,15.654194755581063,153,True
vagina,excluded_at_or_below_-1,ENSG00000274421.1,ENSG00000274421,0.5404182814626719,7.435547649640951,-0.7633029467517806,0.48654635293749837,158.84906879458313,3.3686542819620655,0.0,0.5691981526436132,0.849934745717634,-0.959130007554956,0.3956496321257869,-0.5596619417124602,0.28624240986930594,0.8690888321375057,0.39350785897179463,-0.959130007554956,0.3956496321257869,7.409983089489833,0.0,6.29800209293751,157,True
vagina,raw,ENSG00000274421.1,ENSG00000274421,-0.13016338244500741,8.905743059506273,-0.9440423038122869,0.7174537673839703,200.3970298570677,2.6407422907733165,0.0,0.11030136918281004,0.9937438342355268,-1.0,0.3956496321257869,-0.5933348520520957,0.29900948635762353,0.797510359076953,0.2770173413840511,-1.0,0.3956496321257869,8.633228564268245,0.0,8.579217655287598,170,True
whole_blood,excluded_at_or_below_-1,ENSG00000274421.1,ENSG00000274421,1.8360437070010223,46.28155695438698,-0.8830072260518932,0.11115216011666997,440.96475918104977,14.236086502022074,0.0,1.0522587553418423,0.5748722942823532,-0.9657110246646432,0.2358985802622901,-0.8050162385501135,0.14943358940430193,2.3618369338339034,8.761216097835966,-0.9657110246646432,0.2358985802622901,46.280775527229046,0.0,26.605535608504745,333,True
whole_blood,raw,ENSG00000274421.1,ENSG00000274421,7.945768444931319,83463949253.37419,-1.3871270195198102,0.0923276101469764,7769.78830378464,24.86043786508365,0.0,-5.929756878732756,1.0,-1.0,0.2358985802622901,-0.9191412296851653,0.13595410143439937,2.6798134612155833,10.848998899941796,-1.0,0.2358985802622901,1932.6981478463522,0.0,1932.6981478463522,803,True
adipose_subcutaneous,excluded_at_or_below_-1,ENSG00000274422.1,ENSG00000274422,0.06506079531453565,38.9805246645989,0.6831530888973654,0.875432491631057,559.6838912623207,2.8970098143618745,0.0,2.557909710695177,0.023250601026776382,-0.9002550546673,2.4764724202511985,0.6934722923584695,0.604822902706466,0.10068936890390215,-0.2074075314380046,-0.9002550546673,2.4764724202511985,38.39381918478158,0.0,0.8926793717595493,714,True
adipose_subcutaneous,raw,ENSG00000274422.1,ENSG00000274422,0.06506079531453565,38.9805246645989,0.6831530888973654,0.875432491631057,559.6838912623207,2.8970098143618745,0.0,2.557909710695177,0.023250601026776382,-0.9002550546673,2.4764724202511985,0.6934722923584695,0.604822902706466,0.10068936890390215,-0.2074075314380046,-0.9002550546673,2.4764724202511985,38.39381918478158,0.0,0.8926793717595493,714,True
adipose_visceral_omentum,excluded_at_or_below_-1,ENSG00000274422.1,ENSG00000274422,-2.9728363706831393,26.314144366895235,0.22920349690483702,1.371718575248879,432.94449927231005,2.0162377142279304,0.0,1.2487754888923943,0.37691416933278793,-0.9820481697492304,2.184856305157392,0.34575915947154234,0.7005044225115065,0.2921766650111405,-0.7148564406329903,-0.9820481697492304,2.184856305157392,22.867157453341317,0.0,8.618955656528215,586,True
adipose_visceral_omentum,raw,ENSG00000274422.1,ENSG00000274422,-2.944518385494142,26.396927184977272,0.231020736874919,1.367806356161551,480.02261377239006,2.0201256902082005,0.0,1.2727870533783454,0.36193280035355013,-1.0,2.184856305157392,0.34346655442985313,0.7021070838401379,0.2874619626017303,-0.7127539951897428,-1.0,2.184856305157392,22.96603727640209,0.0,8.312162184472228,587,True
adrenal_gland,excluded_at_or_below_-1,ENSG00000274422.1,ENSG00000274422,1.6526737387465404,16.40224205322816,0.9251688623732514,0.5740776931492192,265.44111893044555,3.436544562747887,0.0018292706905128134,3.745637803354425,0.0,-0.5953137342679287,2.320179932466728,0.9243635811317429,0.5268396726007551,-0.0972986262086229,0.12687285907682622,-0.5953137342679287,2.320179932466728,16.38732766410749,0.02997685819178164,0.0,295,True
adrenal_gland,raw,ENSG00000274422.1,ENSG00000274422,1.6526737387465404,16.40224205322816,0.9251688623732514,0.5740776931492192,265.44111893044555,3.436544562747887,0.0018292706905128134,3.745637803354425,0.0,-0.5953137342679287,2.320179932466728,0.9243635811317429,0.5268396726007551,-0.0972986262086229,0.12687285907682622,-0.5953137342679287,2.320179932466728,16.38732766410749,0.02997685819178164,0.0,295,True
artery_aorta,excluded_at_or_below_-1,ENSG00000274422.1,ENSG00000274422,1.7887490433316522,20.73136838443106,0.8082418686462952,1.006496819886812,477.1802376334126,2.8020198069984312,0.0,2.3384131466688687,0.04613465897888504,-0.8560084668930592,2.802441401191687,0.8605990567182156,0.7525076392264368,0.21351810497197132,-0.37308527880113207,-0.8560084668930592,2.802441401191687,20.322173630122606,0.0,0.9375565501353966,471,True
artery_aorta,raw,ENSG00000274422.1,ENSG00000274422,1.2551500619130767,22.16089331679114,0.8125060867095419,1.0306444737741878,394.6476047752881,2.7305182161219292,0.0,2.4870561623658665,0.02185983697935215,-1.0,2.802441401191687,0.8566571095641516,0.7565711224145826,0.19368544738353344,-0.3528365965734368,-1.0,2.802441401191687,21.627864292712985,0.0,0.47278158765025724,472,True
artery_coronary,excluded_at_or_below_-1,ENSG00000274422.1,ENSG00000274422,1.1814686035861186,13.552090627517016,0.6751964271312422,0.854672149654281,171.17695597945146,3.8229168197915686,0.0,2.2592762667070816,0.07729505485222729,-0.6901846969821912,2.9855550768093475,0.7798546143763001,0.6954627752435958,0.38902569516643776,-0.07286069065661627,-0.6901846969821912,2.9855550768093475,13.542830141651741,0.0,1.0467937986533684,268,True
artery_coronary,raw,ENSG00000274422.1,ENSG00000274422,1.1814686035861186,13.552090627517016,0.6751964271312422,0.854672149654281,171.17695597945146,3.8229168197915686,0.0,2.2592762667070816,0.07729505485222729,-0.6901846969821912,2.9855550768093475,0.7798546143763001,0.6954627752435958,0.38902569516643776,-0.07286069065661627,-0.6901846969821912,2.9855550768093475,13.542830141651741,0.0,1.0467937986533684,268,True
artery_tibial,excluded_at_or_below_-1,ENSG00000274422.1,ENSG00000274422,-6.122980399869257,37.377906673372244,0.6941657711380259,1.3967682117737201,738.4693800407526,2.0559884721229875,0.0,1.6912825089261756,0.13472385426618247,-0.9762535406616154,2.7247921334080485,0.7027157150907254,0.7351022872812227,0.07775927099607717,-0.604571642491909,-0.9762535406616154,2.7247921334080485,32.86222819078094,0.0,4.427326041636804,690,True
artery_tibial,raw,ENSG00000274422.1,ENSG00000274422,-5.762663721984898,37.30123901690576,0.6919624530012576,1.3809932551998743,662.8842542990687,2.0817301555971492,0.0,1.7326632400634816,0.1223663009487126,-1.0,2.7247921334080485,0.7002515823626637,0.7374197838219909,0.06909422131389556,-0.5958623811084438,-1.0,2.7247921334080485,33.02861647972601,0.0,4.041589624077761,691,True
bladder,excluded_at_or_below_-1,ENSG00000274422.1,ENSG00000274422,0.05465436861668854,4.636938764754127,1.0349515267203637,0.8493169748640852,62.86269926960874,3.271828718439595,0.0,2.9288195686641028,0.009024876496679072,-0.7239738874910753,2.999873758660783,1.0395935263398806,0.635622979588721,0.1216640772284308,0.45439613028906756,-0.7239738874910753,2.999873758660783,4.614974207338778,0.0,0.04164957225659187,77,True
bladder,raw,ENSG00000274422.1,ENSG00000274422,0.05465436861668854,4.636938764754127,1.0349515267203637,0.8493169748640852,62.86269926960874,3.271828718439595,0.0,2.9288195686641028,0.009024876496679072,-0.7239738874910753,2.999873758660783,1.0395935263398806,0.635622979588721,0.1216640772284308,0.45439613028906756,-0.7239738874910753,2.999873758660783,4.614974207338778,0.0,0.04164957225659187,77,True
brain_amygdala,excluded_at_or_below_-1,ENSG00000274422.1,ENSG00000274422,1.0982966987758926,7.97554498851043,0.35226843615507925,0.6175968797361376,202.374489644178,3.23041265920066,0.0,2.570702439965228,0.031478089909960594,-0.7703751644256283,1.7630120689870383,0.3919386389928221,0.5240386353183724,0.30181008111492713,-0.1532346666490012,-0.7703751644256283,1.7630120689870383,7.932250305421717,0.0,0.2496920883023772,181,True
brain_amygdala,raw,ENSG00000274422.1,ENSG00000274422,1.0982966987758926,7.97554498851043,0.35226843615507925,0.6175968797361376,202.374489644178,3.23041265920066,0.0,2.570702439965228,0.031478089909960594,-0.7703751644256283,1.7630120689870383,0.3919386389928221,0.5240386353183724,0.30181008111492713,-0.1532346666490012,-0.7703751644256283,1.7630120689870383,7.932250305421717,0.0,0.2496920883023772,181,True
brain_anterior_cingulate_cortex_ba24,excluded_at_or_below_-1,ENSG00000274422.1,ENSG00000274422,-0.257265690740063,13.535195216072681,0.5422111355804333,0.8958176321671742,354.5556764046157,3.3486009123490446,0.0,2.136679847637808,0.09869773115753926,-0.8112446173104811,2.663344619366085,0.5827319579528268,0.5874730721678493,0.36363681163932104,0.0370724256608872,-0.8112446173104811,2.663344619366085,13.48541020450862,0.0,1.330979390913728,233,True
brain_anterior_cingulate_cortex_ba24,raw,ENSG00000274422.1,ENSG00000274422,-0.257265690740063,13.535195216072681,0.5422111355804333,0.8958176321671742,354.5556764046157,3.3486009123490446,0.0,2.136679847637808,0.09869773115753926,-0.8112446173104811,2.663344619366085,0.5827319579528268,0.5874730721678493,0.36363681163932104,0.0370724256608872,-0.8112446173104811,2.663344619366085,13.48541020450862,0.0,1.330979390913728,233,True
brain_caudate_basal_ganglia,excluded_at_or_below_-1,ENSG00000274422.1,ENSG00000274422,-1.5836919273852603,16.376761232171923,0.9287713318714473,1.2326928307164842,306.3167355547374,2.491940483872529,0.0,1.8552703984272503,0.14034712351682696,-0.6883666874699627,3.100859940530567,0.8798258352810275,0.7015518227759308,-0.16594076501711458,-0.5313288254690232,-0.6883666874699627,3.100859940530567,15.642538506076873,0.0,2.1953852838290926,300,True
brain_caudate_basal_ganglia,raw,ENSG00000274422.1,ENSG00000274422,-1.5836919273852603,16.376761232171923,0.9287713318714473,1.2326928307164842,306.3167355547374,2.491940483872529,0.0,1.8552703984272503,0.14034712351682696,-0.6883666874699627,3.100859940530567,0.8798258352810275,0.7015518227759308,-0.16594076501711458,-0.5313288254690232,-0.6883666874699627,3.100859940530567,15.642538506076873,0.0,2.1953852838290926,300,True
brain_cerebellar_hemisphere,excluded_at_or_below_-1,ENSG00000274422.1,ENSG00000274422,1.9263490318526093,21.80026920369412,3.0472600828244816,0.5283090890907116,188.02347489626533,4.345131586077596,7.947343097000051e-05,6.586780633250516,0.0,0.586630253653835,4.6704749715064215,2.8630274346312303,0.6840495548291846,-0.9640228582667612,1.2101543677960214,0.586630253653835,4.6704749715064215,21.800242425784703,0.001732540061554877,0.0,277,True
brain_cerebellar_hemisphere,raw,ENSG00000274422.1,ENSG00000274422,1.9263490318526093,21.80026920369412,3.0472600828244816,0.5283090890907116,188.02347489626533,4.345131586077596,7.947343097000051e-05,6.586780633250516,0.0,0.586630253653835,4.6704749715064215,2.8630274346312303,0.6840495548291846,-0.9640228582667612,1.2101543677960214,0.586630253653835,4.6704749715064215,21.800242425784703,0.001732540061554877,0.0,277,True
brain_cerebellum,excluded_at_or_below_-1,ENSG00000274422.1,ENSG00000274422,1.0803647562878582,17.778231947542867,3.0308025112979466,0.5940340314999264,285.938261702588,3.298340064226515,0.0043255772673631825,4.698972175361861,0.0,1.0570204323365386,4.4162553861257,2.956475888067968,0.542444415270053,-0.48401375599820656,0.5921627993686478,1.0570204323365386,4.4162553861257,17.777943328071473,0.07689986752037692,0.0,266,True
brain_cerebellum,raw,ENSG00000274422.1,ENSG00000274422,1.0803647562878582,17.778231947542867,3.0308025112979466,0.5940340314999264,285.938261702588,3.298340064226515,0.0043255772673631825,4.698972175361861,0.0,1.0570204323365386,4.4162553861257,2.956475888067968,0.542444415270053,-0.48401375599820656,0.5921627993686478,1.0570204323365386,4.4162553861257,17.777943328071473,0.07689986752037692,0.0,266,True
brain_cortex,excluded_at_or_below_-1,ENSG00000274422.1,ENSG00000274422,0.9388522176835554,14.661383074951628,0.964544477701849,0.729804808643149,256.0118994328099,2.9771034826837095,0.008086130006781047,3.3352880794021194,0.0,-0.7566306993154941,2.500878518965723,0.9307321557205455,0.586581505126422,-0.18936402395129923,-0.07051744210184818,-0.7566306993154941,2.500878518965723,14.604872445019229,0.11809689732287965,0.0,270,True
brain_cortex,raw,ENSG00000274422.1,ENSG00000274422,0.9388522176835554,14.661383074951628,0.964544477701849,0.729804808643149,256.0118994328099,2.9771034826837095,0.008086130006781047,3.3352880794021194,0.0,-0.7566306993154941,2.500878518965723,0.9307321557205455,0.586581505126422,-0.18936402395129923,-0.07051744210184818,-0.7566306993154941,2.500878518965723,14.604872445019229,0.11809689732287965,0.0,270,True
brain_frontal_cortex_ba9,excluded_at_or_below_-1,ENSG00000274422.1,ENSG00000274422,0.09493331281256212,13.494918385239389,0.8943270601137394,0.8397470931831912,298.51949223901215,2.4743239008089546,0.010212764982889411,2.5678214309710854,0.0,-0.6304218461639639,2.3635579871679173,0.8694850339333979,0.5755018048939855,-0.07893197470422417,-0.3307473954990985,-0.6304218461639639,2.3635579871679173,12.995613057868583,0.13272114196858065,0.0,269,True
brain_frontal_cortex_ba9,raw,ENSG00000274422.1,ENSG00000274422,0.09493331281256212,13.494918385239389,0.8943270601137394,0.8397470931831912,298.51949223901215,2.4743239008089546,0.010212764982889411,2.5678214309710854,0.0,-0.6304218461639639,2.3635579871679173,0.8694850339333979,0.5755018048939855,-0.07893197470422417,-0.3307473954990985,-0.6304218461639639,2.3635579871679173,12.995613057868583,0.13272114196858065,0.0,269,True
brain_hippocampus,excluded_at_or_below_-1,ENSG00000274422.1,ENSG00000274422,0.1705494246409473,13.430622402734588,0.6301970659978996,0.9218721098863691,341.2146692090876,3.211122177619081,0.0,2.1192960159950913,0.10066648588811294,-0.7512915165757024,2.723405656090354,0.6832901966203025,0.6369156495210229,0.3119992424979471,-0.12288952990470925,-0.7512915165757024,2.723405656090354,13.353159294225325,0.0,1.3442156216538579,255,True
brain_hippocampus,raw,ENSG00000274422.1,ENSG00000274422,0.1705494246409473,13.430622402734588,0.6301970659978996,0.9218721098863691,341.2146692090876,3.211122177619081,0.0,2.1192960159950913,0.10066648588811294,-0.7512915165757024,2.723405656090354,0.6832901966203025,0.6369156495210229,0.3119992424979471,-0.12288952990470925,-0.7512915165757024,2.723405656090354,13.353159294225325,0.0,1.3442156216538579,255,True
brain_hypothalamus,excluded_at_or_below_-1,ENSG00000274422.1,ENSG00000274422,-0.17321884060148826,11.659916809330204,0.6750992926042637,0.9066716456234493,200.56469619354368,2.251570981371667,0.0,2.0307735863027485,0.05204398164308639,-0.6268574120762368,2.118612225327565,0.6833266437977301,0.575035736071945,0.025053934051188474,-0.49323687078444234,-0.6268574120762368,2.118612225327565,10.735532910744075,0.0,0.5587198777355146,257,True
brain_hypothalamus,raw,ENSG00000274422.1,ENSG00000274422,-0.17321884060148826,11.659916809330204,0.6750992926042637,0.9066716456234493,200.56469619354368,2.251570981371667,0.0,2.0307735863027485,0.05204398164308639,-0.6268574120762368,2.118612225327565,0.6833266437977301,0.575035736071945,0.025053934051188474,-0.49323687078444234,-0.6268574120762368,2.118612225327565,10.735532910744075,0.0,0.5587198777355146,257,True
brain_nucleus_accumbens_basal_ganglia,excluded_at_or_below_-1,ENSG00000274422.1,ENSG00000274422,0.5691870952074912,17.435985366723035,1.1004999904446657,0.835933349777726,258.7715536456333,3.7231325182242108,0.0,2.931794874140814,0.012634852695079595,-0.6324667800685532,3.301221805333092,1.058642854765228,0.6519780261450349,-0.1643740888175622,0.25177862968062614,-0.6324667800685532,3.301221805333092,17.418933704456204,0.0,0.22008566146116126,285,True
brain_nucleus_accumbens_basal_ganglia,raw,ENSG00000274422.1,ENSG00000274422,0.5691870952074912,17.435985366723035,1.1004999904446657,0.835933349777726,258.7715536456333,3.7231325182242108,0.0,2.931794874140814,0.012634852695079595,-0.6324667800685532,3.301221805333092,1.058642854765228,0.6519780261450349,-0.1643740888175622,0.25177862968062614,-0.6324667800685532,3.301221805333092,17.418933704456204,0.0,0.22008566146116126,285,True
brain_putamen_basal_ganglia,excluded_at_or_below_-1,ENSG00000274422.1,ENSG00000274422,1.2910403482221715,10.108147408172078,0.8528117255834117,0.9327003135807856,176.3606097187711,2.3408247183571147,0.0312689422720099,2.5960987424429876,0.0,-0.8593639850639264,2.3966294394976444,0.7639243774997051,0.702419772837489,-0.18192166547620878,-0.5722404244298818,-0.8593639850639264,2.3966294394976444,9.760484659316155,0.3052000313589951,0.0,254,True
brain_putamen_basal_ganglia,raw,ENSG00000274422.1,ENSG00000274422,1.2910403482221715,10.108147408172078,0.8528117255834117,0.9327003135807856,176.3606097187711,2.3408247183571147,0.0312689422720099,2.5960987424429876,0.0,-0.8593639850639264,2.3966294394976444,0.7639243774997051,0.702419772837489,-0.18192166547620878,-0.5722404244298818,-0.8593639850639264,2.3966294394976444,9.760484659316155,0.3052000313589951,0.0,254,True
brain_spinal_cord_cervical_c-1,excluded_at_or_below_-1,ENSG00000274422.1,ENSG00000274422,0.7815773086471148,8.244709743612374,0.6731115035797494,0.7594897388580478,142.8940330526636,2.040180632156955,0.09604894890127327,2.6262692878763927,0.0,-0.7373010597625997,1.7687708132953408,0.61637717265505,0.5435318195662737,-0.24034285809861822,-0.5291800772282955,-0.7373010597625997,1.7687708132953408,7.9826179743533325,0.7667220659170488,0.0,204,True
brain_spinal_cord_cervical_c-1,raw,ENSG00000274422.1,ENSG00000274422,0.7815773086471148,8.244709743612374,0.6731115035797494,0.7594897388580478,142.8940330526636,2.040180632156955,0.09604894890127327,2.6262692878763927,0.0,-0.7373010597625997,1.7687708132953408,0.61637717265505,0.5435318195662737,-0.24034285809861822,-0.5291800772282955,-0.7373010597625997,1.7687708132953408,7.9826179743533325,0.7667220659170488,0.0,204,True
brain_substantia_nigra,excluded_at_or_below_-1,ENSG00000274422.1,ENSG00000274422,-0.0654972217541235,10.851670669456992,0.15118118615314996,0.808308872422142,316.09634337570316,3.836735557970247,0.0,1.826710436177412,0.18802571883822933,-0.8928946820139122,2.344108389765059,0.2107524593729431,0.526332839185811,0.45194536591873397,0.44037676176849416,-0.8928946820139122,2.344108389765059,10.844748561256855,0.0,2.0390916438501736,183,True
brain_substantia_nigra,raw,ENSG00000274422.1,ENSG00000274422,-0.0654972217541235,10.851670669456992,0.15118118615314996,0.808308872422142,316.09634337570316,3.836735557970247,0.0,1.826710436177412,0.18802571883822933,-0.8928946820139122,2.344108389765059,0.2107524593729431,0.526332839185811,0.45194536591873397,0.44037676176849416,-0.8928946820139122,2.344108389765059,10.844748561256855,0.0,2.0390916438501736,183,True
breast_mammary_tissue,excluded_at_or_below_-1,ENSG00000274422.1,ENSG00000274422,-0.4295900758238032,23.499323816214073,0.7706807320823345,1.5284634265651218,690.4675025254238,2.561998598805941,0.0,1.6154877682894584,0.24276135532712337,-0.9753172102300898,3.5396551369204055,0.9041730785859226,0.9303482287966371,0.3610989932862159,-0.4875018612589872,-0.9753172102300898,3.5396551369204055,22.61670628339316,0.0,5.490462270391991,514,True
breast_mammary_tissue,raw,ENSG00000274422.1,ENSG00000274422,-0.4295900758238032,23.499323816214073,0.7706807320823345,1.5284634265651218,690.4675025254238,2.561998598805941,0.0,1.6154877682894584,0.24276135532712337,-0.9753172102300898,3.5396551369204055,0.9041730785859226,0.9303482287966371,0.3610989932862159,-0.4875018612589872,-0.9753172102300898,3.5396551369204055,22.61670628339316,0.0,5.490462270391991,514,True
cells_cultured_fibroblasts,excluded_at_or_below_-1,ENSG00000274422.1,ENSG00000274422,0.7263787749461658,39.04144439859528,0.41175699455136283,0.5814747968431029,781.7835420853551,3.5694334859573256,0.0,2.691123091697265,0.025085811824396936,-0.6947380177002749,1.879382299748684,0.4236174388946327,0.4235529272661275,0.10138978685343589,-0.041899700109519156,-0.6947380177002749,1.879382299748684,38.97413171857254,0.0,0.9776977343113707,652,True
cells_cultured_fibroblasts,raw,ENSG00000274422.1,ENSG00000274422,0.7263787749461658,39.04144439859528,0.41175699455136283,0.5814747968431029,781.7835420853551,3.5694334859573256,0.0,2.691123091697265,0.025085811824396936,-0.6947380177002749,1.879382299748684,0.4236174388946327,0.4235529272661275,0.10138978685343589,-0.041899700109519156,-0.6947380177002749,1.879382299748684,38.97413171857254,0.0,0.9776977343113707,652,True
cells_ebv-transformed_lymphocytes,excluded_at_or_below_-1,ENSG00000274422.1,ENSG00000274422,1.5965063543128744,18.290323836017564,1.2492477006739298,0.5178802945420667,268.30077463070893,2.8523873810561446,0.016892321753934486,4.10175364695018,0.0,-0.2528008182619596,2.293782455785916,1.241534066700965,0.45628932286812063,-0.2806831160954867,0.22742620478946973,-0.2528008182619596,2.293782455785916,18.286144199790556,0.30889543146170495,0.0,327,True
cells_ebv-transformed_lymphocytes,raw,ENSG00000274422.1,ENSG00000274422,1.5965063543128744,18.290323836017564,1.2492477006739298,0.5178802945420667,268.30077463070893,2.8523873810561446,0.016892321753934486,4.10175364695018,0.0,-0.2528008182619596,2.293782455785916,1.241534066700965,0.45628932286812063,-0.2806831160954867,0.22742620478946973,-0.2528008182619596,2.293782455785916,18.286144199790556,0.30889543146170495,0.0,327,True
cervix_ectocervix,excluded_at_or_below_-1,ENSG00000274422.1,ENSG00000274422,-107.20171423716629,107.89266080972764,0.9835808106338233,33.27464461584269,29.20285675095052,0.07940158451142812,0.0,0.02138582564897071,0.9273512520883503,0.4803995604895545,2.851799004015529,1.5610741148813603,0.6722833410792445,0.0034685275878544417,-0.9047632036941402,0.4803995604895545,2.851799004015529,0.33957514275199685,0.0,0.3149054338091446,24,True
cervix_ectocervix,raw,ENSG00000274422.1,ENSG00000274422,-107.20171423716629,107.89266080972764,0.9835808106338233,33.27464461584269,29.20285675095052,0.07940158451142812,0.0,0.02138582564897071,0.9273512520883503,0.4803995604895545,2.851799004015529,1.5610741148813603,0.6722833410792445,0.0034685275878544417,-0.9047632036941402,0.4803995604895545,2.851799004015529,0.33957514275199685,0.0,0.3149054338091446,24,True
cervix_endocervix,excluded_at_or_below_-1,ENSG00000274422.1,ENSG00000274422,0.370440748991402,1.2635652871483993,1.4756011245080143,0.21213978353281956,22.13232732556569,12.32881259293597,0.0,3.1425398016511377,0.007170774434533459,1.004202934727633,3.32499056912157,1.8011191993993032,0.5541692410007322,0.9068072316327861,0.5761880439629143,1.004202934727633,3.32499056912157,1.2635190633986189,0.0,0.009060410197364477,23,True
cervix_endocervix,raw,ENSG00000274422.1,ENSG00000274422,0.370440748991402,1.2635652871483993,1.4756011245080143,0.21213978353281956,22.13232732556569,12.32881259293597,0.0,3.1425398016511377,0.007170774434533459,1.004202934727633,3.32499056912157,1.8011191993993032,0.5541692410007322,0.9068072316327861,0.5761880439629143,1.004202934727633,3.32499056912157,1.2635190633986189,0.0,0.009060410197364477,23,True
colon_sigmoid,excluded_at_or_below_-1,ENSG00000274422.1,ENSG00000274422,1.51414263487672,22.573137382806205,1.0073627759985226,0.7630192107366076,222.4512098114575,3.2973226864726826,0.0,3.0057568037596165,0.006591221859012303,-0.6143514014715115,2.786387260500356,1.0087865783545005,0.617803711894432,0.04635425862094478,0.00524355055277459,-0.6143514014715115,2.786387260500356,22.474648821546577,0.0,0.1481353965862029,419,True
colon_sigmoid,raw,ENSG00000274422.1,ENSG00000274422,1.51414263487672,22.573137382806205,1.0073627759985226,0.7630192107366076,222.4512098114575,3.2973226864726826,0.0,3.0057568037596165,0.006591221859012303,-0.6143514014715115,2.786387260500356,1.0087865783545005,0.617803711894432,0.04635425862094478,0.00524355055277459,-0.6143514014715115,2.786387260500356,22.474648821546577,0.0,0.1481353965862029,419,True
colon_transverse,excluded_at_or_below_-1,ENSG00000274422.1,ENSG00000274422,-0.07913343956891082,26.524132505748838,0.8283128066992643,0.7799018506423295,437.46028257924434,2.692649321003878,0.006996885060267681,2.8009947338778436,0.0,-0.7163626473566902,2.313238594752001,0.8175131857430615,0.5360588073534561,-0.04717244864846646,-0.20916544007015858,-0.7163626473566902,2.313238594752001,25.999144153854786,0.18191302330985237,0.0,478,True
colon_transverse,raw,ENSG00000274422.1,ENSG00000274422,-0.05478167049716659,28.936386724001682,0.8256631184824352,0.7801999195900847,355.6131387190949,2.696423520139994,0.022280181101736886,3.3092512286321836,0.0,-1.0,2.313238594752001,0.8137187949586294,0.5418987273224503,-0.10355373354263679,-0.07105223681478057,-1.0,2.313238594752001,28.815200481770436,0.6420078852167013,0.0,479,True
esophagus_gastroesophageal_junction,excluded_at_or_below_-1,ENSG00000274422.1,ENSG00000274422,0.15426083883132943,19.676550245545478,0.7838780028107671,0.9861923157710681,302.0926237194647,2.3716312734378726,0.019899098905585343,2.5276951405918626,0.0,-0.9787932022939116,2.4377191198355965,0.8048814227635781,0.6679169262965354,0.08501430611320952,-0.37609906065423626,-0.9787932022939116,2.4377191198355965,18.870164010394873,0.3754992600074646,0.0,403,True
esophagus_gastroesophageal_junction,raw,ENSG00000274422.1,ENSG00000274422,0.15426083883132943,19.676550245545478,0.7838780028107671,0.9861923157710681,302.0926237194647,2.3716312734378726,0.019899098905585343,2.5276951405918626,0.0,-0.9787932022939116,2.4377191198355965,0.8048814227635781,0.6679169262965354,0.08501430611320952,-0.37609906065423626,-0.9787932022939116,2.4377191198355965,18.870164010394873,0.3754992600074646,0.0,403,True
esophagus_mucosa,excluded_at_or_below_-1,ENSG00000274422.1,ENSG00000274422,2.0120816899181344,32.82321723916483,1.2941393860429276,1.1243635310708695,435.95136132579717,3.4992272803858055,0.0,2.6427298126872465,0.028308396106619296,-0.8069499422712523,4.07618280980422,1.382817808957818,0.8831865900632367,0.2876954021374923,-0.17229492589442952,-0.8069499422712523,4.07618280980422,32.751100823076165,0.0,0.9271311350274654,614,True
esophagus_mucosa,raw,ENSG00000274422.1,ENSG00000274422,2.0120816899181344,32.82321723916483,1.2941393860429276,1.1243635310708695,435.95136132579717,3.4992272803858055,0.0,2.6427298126872465,0.028308396106619296,-0.8069499422712523,4.07618280980422,1.382817808957818,0.8831865900632367,0.2876954021374923,-0.17229492589442952,-0.8069499422712523,4.07618280980422,32.751100823076165,0.0,0.9271311350274654,614,True
esophagus_muscularis,excluded_at_or_below_-1,ENSG00000274422.1,ENSG00000274422,0.6240367097879681,28.915484271782645,0.6421860020340643,0.8857195978022044,349.01419770750226,2.8689437881451143,0.0,2.4946735916093887,0.028674304055676295,-0.9202239118549675,2.4390007164178034,0.6927508519350604,0.6250160721195372,0.21866246329614467,-0.3229778402250325,-0.9202239118549675,2.4390007164178034,28.443425171534646,0.0,0.8155954217534611,561,True
esophagus_muscularis,raw,ENSG00000274422.1,ENSG00000274422,0.6240367097879681,28.915484271782645,0.6421860020340643,0.8857195978022044,349.01419770750226,2.8689437881451143,0.0,2.4946735916093887,0.028674304055676295,-0.9202239118549675,2.4390007164178034,0.6927508519350604,0.6250160721195372,0.21866246329614467,-0.3229778402250325,-0.9202239118549675,2.4390007164178034,28.443425171534646,0.0,0.8155954217534611,561,True
fallopian_tube,excluded_at_or_below_-1,ENSG00000274422.1,ENSG00000274422,0.18063276276899723,1.0645418076304554,1.519151807820478,0.8240760168044279,24.97470503983969,1.8966471728215673,0.15103088130032444,2.8531714731820643,0.0,-0.1434189986243834,2.6243465881897485,1.446366740051348,0.6486438583411832,-0.30172596095518156,-0.19796288434600928,-0.1434189986243834,2.6243465881897485,1.0463663907737704,0.1580336381616022,0.0,29,True
fallopian_tube,raw,ENSG00000274422.1,ENSG00000274422,0.18063276276899723,1.0645418076304554,1.519151807820478,0.8240760168044279,24.97470503983969,1.8966471728215673,0.15103088130032444,2.8531714731820643,0.0,-0.1434189986243834,2.6243465881897485,1.446366740051348,0.6486438583411832,-0.30172596095518156,-0.19796288434600928,-0.1434189986243834,2.6243465881897485,1.0463663907737704,0.1580336381616022,0.0,29,True
heart_atrial_appendage,excluded_at_or_below_-1,ENSG00000274422.1,ENSG00000274422,-1.3568131726252357,25.264123308372653,0.3182217264141851,0.8431205161421061,456.37291049419775,2.6341249494363446,0.0,2.191727685621085,0.06132253042539543,-0.9884342318577564,1.888624419501681,0.32927926220151604,0.5189985647968358,0.10912775894229015,-0.4067603481561739,-0.9884342318577564,1.888624419501681,24.477432323065514,0.0,1.5010180883667426,461,True
heart_atrial_appendage,raw,ENSG00000274422.1,ENSG00000274422,-1.3568131726252357,25.264123308372653,0.3182217264141851,0.8431205161421061,456.37291049419775,2.6341249494363446,0.0,2.191727685621085,0.06132253042539543,-0.9884342318577564,1.888624419501681,0.32927926220151604,0.5189985647968358,0.10912775894229015,-0.4067603481561739,-0.9884342318577564,1.888624419501681,24.477432323065514,0.0,1.5010180883667426,461,True
heart_left_ventricle,excluded_at_or_below_-1,ENSG00000274422.1,ENSG00000274422,0.04890356169015448,26.41121363428902,-0.10229777234112426,0.676401136817962,248.17381367608635,3.878465432795049,0.0,1.7899564465932325,0.20106637757907295,-0.9584121581335086,1.7527250457469687,-0.056761780439995246,0.4530650295776764,0.49494162874312086,0.4426429945049306,-0.9584121581335086,1.7527250457469687,26.396886372163834,0.0,5.307526322217378,452,True
heart_left_ventricle,raw,ENSG00000274422.1,ENSG00000274422,0.04890356169015448,26.41121363428902,-0.10229777234112426,0.676401136817962,248.17381367608635,3.878465432795049,0.0,1.7899564465932325,0.20106637757907295,-0.9584121581335086,1.7527250457469687,-0.056761780439995246,0.4530650295776764,0.49494162874312086,0.4426429945049306,-0.9584121581335086,1.7527250457469687,26.396886372163834,0.0,5.307526322217378,452,True
kidney_cortex,excluded_at_or_below_-1,ENSG00000274422.1,ENSG00000274422,0.2978449866359524,6.024624869684764,0.02865209994608535,0.9079777834044588,110.01684275797001,4.585481221225451,0.0,1.135854494898045,0.5246063841585307,-0.7006087938731709,2.972701843115388,0.30194236644321304,0.703020237348344,1.4041717685837063,2.7124197536253414,-0.7006087938731709,2.972701843115388,6.024459375035081,0.0,3.1604698492471157,104,True
kidney_cortex,raw,ENSG00000274422.1,ENSG00000274422,0.2978449866359524,6.024624869684764,0.02865209994608535,0.9079777834044588,110.01684275797001,4.585481221225451,0.0,1.135854494898045,0.5246063841585307,-0.7006087938731709,2.972701843115388,0.30194236644321304,0.703020237348344,1.4041717685837063,2.7124197536253414,-0.7006087938731709,2.972701843115388,6.024459375035081,0.0,3.1604698492471157,104,True
kidney_medulla,excluded_at_or_below_-1,ENSG00000274422.1,ENSG00000274422,0.2307692417478297,1.769187157679726,1.2548725795273477,0.0212565631368864,8.923076975091526,91.26835003742495,0.0,144.27443004724833,0.0,-0.9136673163788144,2.6266961121163748,0.9173506910672454,0.9703033532817841,-0.1800150356130336,-0.30340915692760584,-0.9136673163788144,2.6266961121163748,1.7677892405970355,0.0,0.0,11,True
kidney_medulla,raw,ENSG00000274422.1,ENSG00000274422,0.2307692417478297,1.769187157679726,1.2548725795273477,0.0212565631368864,8.923076975091526,91.26835003742495,0.0,144.27443004724833,0.0,-0.9136673163788144,2.6266961121163748,0.9173506910672454,0.9703033532817841,-0.1800150356130336,-0.30340915692760584,-0.9136673163788144,2.6266961121163748,1.7677892405970355,0.0,0.0,11,True
liver,excluded_at_or_below_-1,ENSG00000274422.1,ENSG00000274422,0.4139035753180596,12.348662791427198,0.46873711863173373,0.7625618422354826,339.4212263231515,2.4036495122282098,0.020041788745424328,2.5749085970777412,0.0,-0.9196861687823144,1.7648153411156464,0.43549024404166753,0.5329970863217566,-0.06322757634907766,-0.4061878425465144,-0.9196861687823144,1.7648153411156464,11.900003867901571,0.23849736359021567,0.0,262,True
liver,raw,ENSG00000274422.1,ENSG00000274422,0.4139035753180596,12.348662791427198,0.46873711863173373,0.7625618422354826,339.4212263231515,2.4036495122282098,0.020041788745424328,2.5749085970777412,0.0,-0.9196861687823144,1.7648153411156464,0.43549024404166753,0.5329970863217566,-0.06322757634907766,-0.4061878425465144,-0.9196861687823144,1.7648153411156464,11.900003867901571,0.23849736359021567,0.0,262,True
lung,excluded_at_or_below_-1,ENSG00000274422.1,ENSG00000274422,-0.47741116403360445,30.267714322545245,0.6981493040718308,0.9734480486903562,421.41972969388127,2.6397456592329647,0.0,2.1301538519017726,0.0750615644826316,-0.7681031529223376,2.5151699644501715,0.7560032875612683,0.6350178635913805,0.281283832869907,-0.34457006740384877,-0.7681031529223376,2.5151699644501715,29.338849143699164,0.0,2.2022199168459755,604,True
lung,raw,ENSG00000274422.1,ENSG00000274422,-0.47741116403360445,30.267714322545245,0.6981493040718308,0.9734480486903562,421.41972969388127,2.6397456592329647,0.0,2.1301538519017726,0.0750615644826316,-0.7681031529223376,2.5151699644501715,0.7560032875612683,0.6350178635913805,0.281283832869907,-0.34457006740384877,-0.7681031529223376,2.5151699644501715,29.338849143699164,0.0,2.2022199168459755,604,True
minor_salivary_gland,excluded_at_or_below_-1,ENSG00000274422.1,ENSG00000274422,0.1758469839527466,11.970551913464817,1.45508920855371,0.7526490403500378,157.70723989417587,2.3759093103747393,0.05941436724743034,4.463359033529987,0.0,-0.9203249316465392,2.719555842158586,1.4168367426431556,0.5677250441975004,-0.5121566416734407,1.1151273344681272,-0.9203249316465392,2.719555842158586,11.969980674487081,0.7111888277386194,0.0,181,True
minor_salivary_gland,raw,ENSG00000274422.1,ENSG00000274422,0.1758469839527466,11.970551913464817,1.45508920855371,0.7526490403500378,157.70723989417587,2.3759093103747393,0.05941436724743034,4.463359033529987,0.0,-0.9203249316465392,2.719555842158586,1.4168367426431556,0.5677250441975004,-0.5121566416734407,1.1151273344681272,-0.9203249316465392,2.719555842158586,11.969980674487081,0.7111888277386194,0.0,181,True
muscle_skeletal,excluded_at_or_below_-1,ENSG00000274422.1,ENSG00000274422,1.8990487660518347,53.371241668343494,-0.15615345718432616,0.5879097401747567,792.4075281910829,5.041130620835781,0.0,2.0119999969947973,0.13211390849414587,-0.99257196350944,1.939519977391808,-0.0628449234271474,0.4653033592240382,0.8173971402679863,1.0305753648731404,-0.99257196350944,1.939519977391808,53.371019993521884,0.0,7.051054051663379,818,True
muscle_skeletal,raw,ENSG00000274422.1,ENSG00000274422,1.8990487660518347,53.371241668343494,-0.15615345718432616,0.5879097401747567,792.4075281910829,5.041130620835781,0.0,2.0119999969947973,0.13211390849414587,-0.99257196350944,1.939519977391808,-0.0628449234271474,0.4653033592240382,0.8173971402679863,1.0305753648731404,-0.99257196350944,1.939519977391808,53.371019993521884,0.0,7.051054051663379,818,True
nerve_tibial,excluded_at_or_below_-1,ENSG00000274422.1,ENSG00000274422,1.2732301661247303,41.50947066148573,1.9702677834307003,0.8822501040288576,680.325940067457,3.0335439312776513,0.008906140870307565,3.6805601076493963,0.0,-0.3258313519850861,3.8627290920712616,1.8770946707447826,0.6804492908741342,-0.4159608463730875,0.18730088775699372,-0.3258313519850861,3.8627290920712616,41.46164419106671,0.3692632438802095,0.0,670,True
nerve_tibial,raw,ENSG00000274422.1,ENSG00000274422,1.2732301661247303,41.50947066148573,1.9702677834307003,0.8822501040288576,680.325940067457,3.0335439312776513,0.008906140870307565,3.6805601076493963,0.0,-0.3258313519850861,3.8627290920712616,1.8770946707447826,0.6804492908741342,-0.4159608463730875,0.18730088775699372,-0.3258313519850861,3.8627290920712616,41.46164419106671,0.3692632438802095,0.0,670,True
ovary,excluded_at_or_below_-1,ENSG00000274422.1,ENSG00000274422,0.4727781529171712,10.10514890481546,1.7140742793839605,0.8171937337803148,181.72225842567565,2.5182769498443993,0.037296148805490315,3.2644406125603043,0.0,-0.1722606306036092,3.1692435678774125,1.6414307934527117,0.6182803540609908,-0.34574698353016436,-0.03981482722793217,-0.1722606306036092,3.1692435678774125,10.056104927219927,0.3750539857692188,0.0,193,True
ovary,raw,ENSG00000274422.1,ENSG00000274422,0.4727781529171712,10.10514890481546,1.7140742793839605,0.8171937337803148,181.72225842567565,2.5182769498443993,0.037296148805490315,3.2644406125603043,0.0,-0.1722606306036092,3.1692435678774125,1.6414307934527117,0.6182803540609908,-0.34574698353016436,-0.03981482722793217,-0.1722606306036092,3.1692435678774125,10.056104927219927,0.3750539857692188,0.0,193,True
pancreas,excluded_at_or_below_-1,ENSG00000274422.1,ENSG00000274422,0.3362401363929764,28.2312616141883,0.22483961870303007,0.5413617801506172,254.5237365937382,5.153484519655153,0.0,2.9551261132909827,0.012695473017632686,-0.9063843886359172,2.197596511839893,0.26270227461469065,0.433297894570023,0.7783758596463044,2.0107512952120405,-0.9063843886359172,2.197596511839893,28.230978469551857,0.0,0.3584056254215649,362,True
pancreas,raw,ENSG00000274422.1,ENSG00000274422,0.3362401363929764,28.2312616141883,0.22483961870303007,0.5413617801506172,254.5237365937382,5.153484519655153,0.0,2.9551261132909827,0.012695473017632686,-0.9063843886359172,2.197596511839893,0.26270227461469065,0.433297894570023,0.7783758596463044,2.0107512952120405,-0.9063843886359172,2.197596511839893,28.230978469551857,0.0,0.3584056254215649,362,True
pituitary,excluded_at_or_below_-1,ENSG00000274422.1,ENSG00000274422,1.2262796096159074,21.140859789780336,2.3764805133628943,0.6631419982286896,253.4626481311144,2.3391134493389583,0.06484692710791996,5.614759825348519,0.0,-0.2563488903573119,3.473319355917435,2.2278808905710874,0.6054303950867826,-0.8782119995274488,0.9559469785398109,-0.2563488903573119,3.473319355917435,21.140810943444162,1.3709166262518402,0.0,313,True
pituitary,raw,ENSG00000274422.1,ENSG00000274422,1.2262796096159074,21.140859789780336,2.3764805133628943,0.6631419982286896,253.4626481311144,2.3391134493389583,0.06484692710791996,5.614759825348519,0.0,-0.2563488903573119,3.473319355917435,2.2278808905710874,0.6054303950867826,-0.8782119995274488,0.9559469785398109,-0.2563488903573119,3.473319355917435,21.140810943444162,1.3709166262518402,0.0,313,True
prostate,excluded_at_or_below_-1,ENSG00000274422.1,ENSG00000274422,1.3062608334727293,15.08378816891551,1.3219528279240436,0.7620096816839381,205.29987108713655,2.83387628841354,0.017110595225608406,3.7332499961810597,0.0,-0.6896051976282457,2.8489083217195144,1.3002963145912174,0.6490847546827611,-0.1311938042351557,0.039908237444290506,-0.6896051976282457,2.8489083217195144,15.069382805575454,0.2578461094859448,0.0,282,True
prostate,raw,ENSG00000274422.1,ENSG00000274422,1.3062608334727293,15.08378816891551,1.3219528279240436,0.7620096816839381,205.29987108713655,2.83387628841354,0.017110595225608406,3.7332499961810597,0.0,-0.6896051976282457,2.8489083217195144,1.3002963145912174,0.6490847546827611,-0.1311938042351557,0.039908237444290506,-0.6896051976282457,2.8489083217195144,15.069382805575454,0.2578461094859448,0.0,282,True
skin_not_sun_exposed_suprapubic,excluded_at_or_below_-1,ENSG00000274422.1,ENSG00000274422,0.29792449336494853,31.502024389259443,0.7210766055170028,0.9167868928358848,965.4050084335986,2.4995525447864253,0.0,2.368174455699523,0.017336278618150642,-0.8141309180842308,2.3414521074811265,0.7289346797121189,0.6225922258305224,0.03242433180634275,-0.37495205988564884,-0.8141309180842308,2.3414521074811265,30.11619246121159,0.0,0.522102703425412,651,True
skin_not_sun_exposed_suprapubic,raw,ENSG00000274422.1,ENSG00000274422,0.29792449336494853,31.502024389259443,0.7210766055170028,0.9167868928358848,965.4050084335986,2.4995525447864253,0.0,2.368174455699523,0.017336278618150642,-0.8141309180842308,2.3414521074811265,0.7289346797121189,0.6225922258305224,0.03242433180634275,-0.37495205988564884,-0.8141309180842308,2.3414521074811265,30.11619246121159,0.0,0.522102703425412,651,True
skin_sun_exposed_lower_leg,excluded_at_or_below_-1,ENSG00000274422.1,ENSG00000274422,-0.20013443402386055,45.85239315535743,0.9107146825491306,0.8823036195490369,751.5607045195864,3.18150819104358,0.0,2.833635899122571,0.011783013731609237,-0.8571422216688163,2.89560315149602,0.9266807996010108,0.6066746800479096,0.032387492925406824,-0.18669645826789738,-0.8571422216688163,2.89560315149602,45.5616499084093,0.0,0.5368535465055595,754,True
skin_sun_exposed_lower_leg,raw,ENSG00000274422.1,ENSG00000274422,-0.20013443402386055,45.85239315535743,0.9107146825491306,0.8823036195490369,751.5607045195864,3.18150819104358,0.0,2.833635899122571,0.011783013731609237,-0.8571422216688163,2.89560315149602,0.9266807996010108,0.6066746800479096,0.032387492925406824,-0.18669645826789738,-0.8571422216688163,2.89560315149602,45.5616499084093,0.0,0.5368535465055595,754,True
small_intestine_terminal_ileum,excluded_at_or_below_-1,ENSG00000274422.1,ENSG00000274422,1.0560887799625343,9.79954299550157,0.9630425309932124,1.0287883640953182,196.58104797925193,3.8789324665997573,0.0,1.9223702164592569,0.15713699743754872,-0.4354111133474755,3.784823266890715,1.2000366555529403,0.8466829770256669,0.6572799436994803,0.09741873177926097,-0.4354111133474755,3.784823266890715,9.794136283502674,0.0,1.5390211680837627,207,True
small_intestine_terminal_ileum,raw,ENSG00000274422.1,ENSG00000274422,1.0560887799625343,9.79954299550157,0.9630425309932124,1.0287883640953182,196.58104797925193,3.8789324665997573,0.0,1.9223702164592569,0.15713699743754872,-0.4354111133474755,3.784823266890715,1.2000366555529403,0.8466829770256669,0.6572799436994803,0.09741873177926097,-0.4354111133474755,3.784823266890715,9.794136283502674,0.0,1.5390211680837627,207,True
spleen,excluded_at_or_below_-1,ENSG00000274422.1,ENSG00000274422,-0.04053824205445504,14.604708993365445,1.3147038229262629,0.9677182531819232,186.85243834173488,2.7818630441909336,0.0,2.4189821775026306,0.033452240145286256,-0.340557637982765,3.2182774537705576,1.3621088662185952,0.6644883904569846,0.28624935495868253,-0.10581447025910284,-0.340557637982765,3.2182774537705576,14.299803125633318,0.0,0.4783604481890007,277,True
spleen,raw,ENSG00000274422.1,ENSG00000274422,-0.04053824205445504,14.604708993365445,1.3147038229262629,0.9677182531819232,186.85243834173488,2.7818630441909336,0.0,2.4189821775026306,0.033452240145286256,-0.340557637982765,3.2182774537705576,1.3621088662185952,0.6644883904569846,0.28624935495868253,-0.10581447025910284,-0.340557637982765,3.2182774537705576,14.299803125633318,0.0,0.4783604481890007,277,True
stomach,excluded_at_or_below_-1,ENSG00000274422.1,ENSG00000274422,0.5282311806201764,25.142510390862796,0.6378631955095049,0.7985024856517532,486.74078427705797,3.940420451929879,0.0,2.55829734054729,0.03750474351077333,-0.8066193351454736,2.862729092071262,0.6876959487312008,0.5917762992630001,0.2977371934212134,0.2055318578687917,-0.8066193351454736,2.862729092071262,25.131768039255682,0.0,0.9425605142845354,407,True
stomach,raw,ENSG00000274422.1,ENSG00000274422,0.5282311806201764,25.142510390862796,0.6378631955095049,0.7985024856517532,486.74078427705797,3.940420451929879,0.0,2.55829734054729,0.03750474351077333,-0.8066193351454736,2.862729092071262,0.6876959487312008,0.5917762992630001,0.2977371934212134,0.2055318578687917,-0.8066193351454736,2.862729092071262,25.131768039255682,0.0,0.9425605142845354,407,True
testis,excluded_at_or_below_-1,ENSG00000274422.1,ENSG00000274422,0.9896481140019067,24.01565728904862,1.2748553910432634,0.6279951804129272,492.9285415895476,3.6097798004998336,0.0,2.80439281875261,0.018144556918705167,0.0295376957398711,2.8778129480771972,1.313162430505918,0.49130466359636943,0.2664148108358031,0.17745332239021971,0.0295376957398711,2.8778129480771972,23.980082267868397,0.0,0.4351079676245706,414,True
testis,raw,ENSG00000274422.1,ENSG00000274422,0.9896481140019067,24.01565728904862,1.2748553910432634,0.6279951804129272,492.9285415895476,3.6097798004998336,0.0,2.80439281875261,0.018144556918705167,0.0295376957398711,2.8778129480771972,1.313162430505918,0.49130466359636943,0.2664148108358031,0.17745332239021971,0.0295376957398711,2.8778129480771972,23.980082267868397,0.0,0.4351079676245706,414,True
thyroid,excluded_at_or_below_-1,ENSG00000274422.1,ENSG00000274422,0.03679035408016964,48.08958598401166,2.1460911370824,0.9155628411761866,945.5172324518205,3.0693993020702575,0.008649689887121973,3.9873746153688345,0.0,-0.4353379545428547,4.133222374172219,2.1240436033231602,0.6496721520997591,-0.20267407824815284,0.14270684120862764,-0.4353379545428547,4.133222374172219,48.07191257109642,0.41580713602082436,0.0,684,True
thyroid,raw,ENSG00000274422.1,ENSG00000274422,0.03679035408016964,48.08958598401166,2.1460911370824,0.9155628411761866,945.5172324518205,3.0693993020702575,0.008649689887121973,3.9873746153688345,0.0,-0.4353379545428547,4.133222374172219,2.1240436033231602,0.6496721520997591,-0.20267407824815284,0.14270684120862764,-0.4353379545428547,4.133222374172219,48.07191257109642,0.41580713602082436,0.0,684,True
uterus,excluded_at_or_below_-1,ENSG00000274422.1,ENSG00000274422,-0.031075470453567417,6.908471222831331,1.7562687057525126,1.2059385298600651,128.05145329582916,1.6956345619530886,0.2084395294382465,2.5708488381670085,0.0,-0.4359643139826402,3.202182608169296,1.6865753656267537,0.7572857004866177,-0.2179308270498683,-0.4054754777894085,-0.4359643139826402,3.202182608169296,6.654841762760271,1.3871320855157419,0.0,153,True
uterus,raw,ENSG00000274422.1,ENSG00000274422,-0.031075470453567417,6.908471222831331,1.7562687057525126,1.2059385298600651,128.05145329582916,1.6956345619530886,0.2084395294382465,2.5708488381670085,0.0,-0.4359643139826402,3.202182608169296,1.6865753656267537,0.7572857004866177,-0.2179308270498683,-0.4054754777894085,-0.4359643139826402,3.202182608169296,6.654841762760271,1.3871320855157419,0.0,153,True
vagina,excluded_at_or_below_-1,ENSG00000274422.1,ENSG00000274422,0.15489660461536978,9.769049066218066,1.5210068310619864,1.0430165813390537,78.98462060000801,3.1713914551551046,0.0,2.78806252133818,0.01405984962990143,-0.5352564639144684,3.859984452018433,1.538853976014643,0.7548687431355858,0.02850271377754268,-0.04818937560129921,-0.5352564639144684,3.859984452018433,9.70507159130293,0.0,0.1364518472211474,170,True
vagina,raw,ENSG00000274422.1,ENSG00000274422,0.15489660461536978,9.769049066218066,1.5210068310619864,1.0430165813390537,78.98462060000801,3.1713914551551046,0.0,2.78806252133818,0.01405984962990143,-0.5352564639144684,3.859984452018433,1.538853976014643,0.7548687431355858,0.02850271377754268,-0.04818937560129921,-0.5352564639144684,3.859984452018433,9.70507159130293,0.0,0.1364518472211474,170,True
whole_blood,excluded_at_or_below_-1,ENSG00000274422.1,ENSG00000274422,1.2115489130386212,719086524853.2626,-5.4512824758346055,0.9572561602214952,458.9101665346101,9.644250740052502,0.0,-6.59748025761042,1.0,-0.9855647182282524,1.0767403612143842,-0.8385245978481523,0.21075529973178192,4.316089909890254,27.10653344482148,-0.9855647182282524,1.0767403612143842,254.13729517698349,0.0,254.13729517698349,538,True
whole_blood,raw,ENSG00000274422.1,ENSG00000274422,2.6321939655060738,1317047374601.8115,-3.7829754254609282,0.5997972612165593,1108.130131385395,11.45833170504167,0.0,-6.56175318716047,1.0,-1.0,1.0767403612143842,-0.8918134914599076,0.188450048750863,4.7046402243774885,33.53169554314935,-1.0,1.0767403612143842,588.8144243790285,0.0,588.8144243790326,803,True
adipose_subcutaneous,excluded_at_or_below_-1,ENSG00000274425.1,ENSG00000274425,0.35931899830112296,42.69371039368205,-0.29998508246388084,0.3370458804386529,553.9781670690268,3.4746788514483185,0.0,2.6152286304392574,0.030405207063553416,-0.9232657946186048,0.5281261900392473,-0.29296271989708217,0.23971259263202987,0.13012590158289783,-0.047876548369985894,-0.9232657946186048,0.5281261900392473,42.59157712141354,0.0,1.2950057215398831,714,True
adipose_subcutaneous,raw,ENSG00000274425.1,ENSG00000274425,0.35931899830112296,42.69371039368205,-0.29998508246388084,0.3370458804386529,553.9781670690268,3.4746788514483185,0.0,2.6152286304392574,0.030405207063553416,-0.9232657946186048,0.5281261900392473,-0.29296271989708217,0.23971259263202987,0.13012590158289783,-0.047876548369985894,-0.9232657946186048,0.5281261900392473,42.59157712141354,0.0,1.2950057215398831,714,True
adipose_visceral_omentum,excluded_at_or_below_-1,ENSG00000274425.1,ENSG00000274425,-0.09366197181389763,35.14494865442637,-0.3806179649467772,0.37778725280989756,436.39986354624824,3.7524679600718214,0.0,2.134635453038797,0.1016682608741002,-0.9508557882928562,0.6218010470119668,-0.3688003697644277,0.2546451575603809,0.2416740889080412,-0.08327004162633944,-0.9508557882928562,0.6218010470119668,35.11410863618336,0.0,3.569990357184985,585,True
adipose_visceral_omentum,raw,ENSG00000274425.1,ENSG00000274425,-0.19393459485542383,36.22811242452142,-0.38092099385766076,0.37955116652260484,245.81153858617466,3.736157953301406,0.0,2.3066980262193724,0.06905217248105414,-1.0,0.6218010470119668,-0.37095096475671246,0.25686179833446543,0.20911870317877976,-0.061035875856821686,-1.0,0.6218010470119668,36.19416731184867,0.0,2.4992858840259062,587,True
adrenal_gland,excluded_at_or_below_-1,ENSG00000274425.1,ENSG00000274425,0.612455729464433,20.50793543984944,-0.12851876269600512,0.3634824933569941,224.76215367415284,4.8763085292719905,0.0,2.699125631552814,0.026176831061330647,-0.8222505586167687,1.1247946192118363,-0.11103028134527855,0.296686118472109,0.5128124118509085,1.209243396756123,-0.8222505586167687,1.1247946192118363,20.507500420964806,0.0,0.5368213740097628,295,True
adrenal_gland,raw,ENSG00000274425.1,ENSG00000274425,0.612455729464433,20.50793543984944,-0.12851876269600512,0.3634824933569941,224.76215367415284,4.8763085292719905,0.0,2.699125631552814,0.026176831061330647,-0.8222505586167687,1.1247946192118363,-0.11103028134527855,0.296686118472109,0.5128124118509085,1.209243396756123,-0.8222505586167687,1.1247946192118363,20.507500420964806,0.0,0.5368213740097628,295,True
artery_aorta,excluded_at_or_below_-1,ENSG00000274425.1,ENSG00000274425,-1.8809080316519136,25.900679266958544,0.040910914494416126,0.4734746406952725,366.71598173392954,2.2266634430564136,0.0321602988055101,2.4208581853876243,0.0,-0.7695854560659325,0.786391442825185,0.03627015274648075,0.2868389688966795,-0.08589022170418106,-0.2679671790404443,-0.7695854560659325,0.786391442825185,24.51804283257607,0.7885075836219417,0.0,472,True
artery_aorta,raw,ENSG00000274425.1,ENSG00000274425,-1.8809080316519136,25.900679266958544,0.040910914494416126,0.4734746406952725,366.71598173392954,2.2266634430564136,0.0321602988055101,2.4208581853876243,0.0,-0.7695854560659325,0.786391442825185,0.03627015274648075,0.2868389688966795,-0.08589022170418106,-0.2679671790404443,-0.7695854560659325,0.786391442825185,24.51804283257607,0.7885075836219417,0.0,472,True
artery_coronary,excluded_at_or_below_-1,ENSG00000274425.1,ENSG00000274425,1.2428765749541715,15.915661484668572,-0.14814440600380085,0.30367650042284705,237.33562131217172,4.100649654917396,0.0,3.204904198273694,0.0056610333606643675,-0.8363389736538905,0.7323951177268766,-0.1657979623691155,0.27452965534710194,0.09559751888494179,0.42605139710749285,-0.8363389736538905,0.7323951177268766,15.912051470059904,0.0,0.0900786542086176,268,True
artery_coronary,raw,ENSG00000274425.1,ENSG00000274425,1.2428765749541715,15.915661484668572,-0.14814440600380085,0.30367650042284705,237.33562131217172,4.100649654917396,0.0,3.204904198273694,0.0056610333606643675,-0.8363389736538905,0.7323951177268766,-0.1657979623691155,0.27452965534710194,0.09559751888494179,0.42605139710749285,-0.8363389736538905,0.7323951177268766,15.912051470059904,0.0,0.0900786542086176,268,True
artery_tibial,excluded_at_or_below_-1,ENSG00000274425.1,ENSG00000274425,0.284331538666345,45.15802611833563,-0.26628963152224167,0.37925943779908877,370.1201272527076,4.200161418140211,0.0,2.431748958573217,0.05185054867012821,-0.9184285781671953,0.8600967223437599,-0.24292952191803374,0.2705584920286848,0.3756453210035604,0.18021694804128074,-0.9184285781671953,0.8600967223437599,45.150995343017186,0.0,2.341103881537845,689,True
artery_tibial,raw,ENSG00000274425.1,ENSG00000274425,0.08743404357232476,47.06890374565577,-0.2660271242153449,0.38454293932424793,738.6136410143204,4.141487084678404,0.0,2.6992938608434622,0.025987786297939484,-1.0,0.8600967223437599,-0.24512075340307563,0.27321462376013267,0.3261007685669475,0.23067951893429006,-1.0,0.8600967223437599,47.05963263168496,0.0,1.2229756760917683,691,True
bladder,excluded_at_or_below_-1,ENSG00000274425.1,ENSG00000274425,0.4469208597068326,4.242822718497469,-0.11425358102603689,0.23263359887144874,86.64211619814489,3.1549362343774465,0.0066058495427665275,4.0344500829531365,0.0,-0.7779076904447645,0.4047233188854449,-0.11430736177099743,0.21979100815813665,-0.06133100385889083,0.40737895992176965,-0.7779076904447645,0.4047233188854449,4.241577430668789,0.028019222330992244,0.0,77,True
bladder,raw,ENSG00000274425.1,ENSG00000274425,0.4469208597068326,4.242822718497469,-0.11425358102603689,0.23263359887144874,86.64211619814489,3.1549362343774465,0.0066058495427665275,4.0344500829531365,0.0,-0.7779076904447645,0.4047233188854449,-0.11430736177099743,0.21979100815813665,-0.06133100385889083,0.40737895992176965,-0.7779076904447645,0.4047233188854449,4.241577430668789,0.028019222330992244,0.0,77,True
brain_amygdala,excluded_at_or_below_-1,ENSG00000274425.1,ENSG00000274425,0.8287141947189963,8.186708301299129,-0.07201492078915146,0.5142474557587418,141.34084753942548,3.257877433115531,0.0,2.2173181937038247,0.08102952693799972,-0.8782935975445805,1.1126400887004926,0.0015815912933099558,0.40248445596473575,0.40032224364491903,-0.20065642332597333,-0.8782935975445805,1.1126400887004926,8.146063576642579,0.0,0.6600716780222182,181,True
brain_amygdala,raw,ENSG00000274425.1,ENSG00000274425,0.8287141947189963,8.186708301299129,-0.07201492078915146,0.5142474557587418,141.34084753942548,3.257877433115531,0.0,2.2173181937038247,0.08102952693799972,-0.8782935975445805,1.1126400887004926,0.0015815912933099558,0.40248445596473575,0.40032224364491903,-0.20065642332597333,-0.8782935975445805,1.1126400887004926,8.146063576642579,0.0,0.6600716780222182,181,True
brain_anterior_cingulate_cortex_ba24,excluded_at_or_below_-1,ENSG00000274425.1,ENSG00000274425,-0.1344697190881784,10.302823195359993,0.3015335059325131,0.7027228944460636,267.75686990883236,2.225725690563519,0.0,1.9376217086193355,0.07534812502390685,-0.6612709612638559,1.407496877469697,0.29238244448107137,0.43937277629279636,0.009020083535694544,-0.5272934066749833,-0.6612709612638559,1.407496877469697,9.437363833005065,0.0,0.7110876699853623,233,True
brain_anterior_cingulate_cortex_ba24,raw,ENSG00000274425.1,ENSG00000274425,-0.1344697190881784,10.302823195359993,0.3015335059325131,0.7027228944460636,267.75686990883236,2.225725690563519,0.0,1.9376217086193355,0.07534812502390685,-0.6612709612638559,1.407496877469697,0.29238244448107137,0.43937277629279636,0.009020083535694544,-0.5272934066749833,-0.6612709612638559,1.407496877469697,9.437363833005065,0.0,0.7110876699853623,233,True
brain_caudate_basal_ganglia,excluded_at_or_below_-1,ENSG00000274425.1,ENSG00000274425,-13.319232227532355,25.314066979435353,0.008816615550375656,1.1758220857480979,310.62382026982715,1.2144326192028978,0.0,1.0284568308988227,0.21265127836051181,-0.8462750680423902,1.018534478045995,0.0066695755093568836,0.39939460286792267,-0.07040875101384558,-0.7892372204443698,-0.8462750680423902,1.018534478045995,13.205192774530598,0.0,2.8081011245009257,300,True
brain_caudate_basal_ganglia,raw,ENSG00000274425.1,ENSG00000274425,-13.319232227532355,25.314066979435353,0.008816615550375656,1.1758220857480979,310.62382026982715,1.2144326192028978,0.0,1.0284568308988227,0.21265127836051181,-0.8462750680423902,1.018534478045995,0.0066695755093568836,0.39939460286792267,-0.07040875101384558,-0.7892372204443698,-0.8462750680423902,1.018534478045995,13.205192774530598,0.0,2.8081011245009257,300,True
brain_cerebellar_hemisphere,excluded_at_or_below_-1,ENSG00000274425.1,ENSG00000274425,0.9232398887935284,16.2639739237078,0.3366618337603889,0.3577306351517775,225.51933840067187,3.7174303431068614,0.0,3.067281452578686,0.008067953060647564,-0.4392185363719708,1.2769998089814694,0.3037487865234447,0.2942494926154956,-0.10755716313631995,0.18332613908958084,-0.4392185363719708,1.2769998089814694,16.2476990107244,0.0,0.1310856729620543,277,True
brain_cerebellar_hemisphere,raw,ENSG00000274425.1,ENSG00000274425,0.9232398887935284,16.2639739237078,0.3366618337603889,0.3577306351517775,225.51933840067187,3.7174303431068614,0.0,3.067281452578686,0.008067953060647564,-0.4392185363719708,1.2769998089814694,0.3037487865234447,0.2942494926154956,-0.10755716313631995,0.18332613908958084,-0.4392185363719708,1.2769998089814694,16.2476990107244,0.0,0.1310856729620543,277,True
brain_cerebellum,excluded_at_or_below_-1,ENSG00000274425.1,ENSG00000274425,-1.3538368490108124,13.208240452568013,0.3926072477281189,0.5374172412220186,353.45052954992184,2.0013606400681194,0.0,1.9311771667231177,0.023087936605514916,-0.3412620439153233,1.153147057621406,0.3885469717077094,0.30767765352605453,-0.06442523003031693,-0.5621439827233252,-0.3412620439153233,1.153147057621406,11.425552100420427,0.0,0.26379242257751456,266,True
brain_cerebellum,raw,ENSG00000274425.1,ENSG00000274425,-1.3538368490108124,13.208240452568013,0.3926072477281189,0.5374172412220186,353.45052954992184,2.0013606400681194,0.0,1.9311771667231177,0.023087936605514916,-0.3412620439153233,1.153147057621406,0.3885469717077094,0.30767765352605453,-0.06442523003031693,-0.5621439827233252,-0.3412620439153233,1.153147057621406,11.425552100420427,0.0,0.26379242257751456,266,True
brain_cortex,excluded_at_or_below_-1,ENSG00000274425.1,ENSG00000274425,1.4662320590936795,13.548576206637808,0.7914940315003968,0.47785605622649757,193.4871363214936,2.4015603919236557,0.05557324825216605,3.9735816115672677,0.0,-0.5511603514850263,1.6029698992248518,0.6812011467077922,0.42176026622069535,-0.6529778353446681,0.13827020497973086,-0.5511603514850263,1.6029698992248518,13.543430980349928,0.7526524520570632,0.0,270,True
brain_cortex,raw,ENSG00000274425.1,ENSG00000274425,1.4662320590936795,13.548576206637808,0.7914940315003968,0.47785605622649757,193.4871363214936,2.4015603919236557,0.05557324825216605,3.9735816115672677,0.0,-0.5511603514850263,1.6029698992248518,0.6812011467077922,0.42176026622069535,-0.6529778353446681,0.13827020497973086,-0.5511603514850263,1.6029698992248518,13.543430980349928,0.7526524520570632,0.0,270,True
brain_frontal_cortex_ba9,excluded_at_or_below_-1,ENSG00000274425.1,ENSG00000274425,1.6804668890829328,10.952467565640347,0.7134450122150937,0.5768868562730649,195.9491687757656,1.8726002783835896,0.17065574835436384,3.4020609665577086,0.0,-0.674325765879743,1.477317256404319,0.6074360133557907,0.46102151541415065,-0.4381846716097105,-0.34471475546132613,-0.674325765879743,1.477317256404319,10.9188245092025,1.863360167767922,0.0,269,True
brain_frontal_cortex_ba9,raw,ENSG00000274425.1,ENSG00000274425,1.6804668890829328,10.952467565640347,0.7134450122150937,0.5768868562730649,195.9491687757656,1.8726002783835896,0.17065574835436384,3.4020609665577086,0.0,-0.674325765879743,1.477317256404319,0.6074360133557907,0.46102151541415065,-0.4381846716097105,-0.34471475546132613,-0.674325765879743,1.477317256404319,10.9188245092025,1.863360167767922,0.0,269,True
brain_hippocampus,excluded_at_or_below_-1,ENSG00000274425.1,ENSG00000274425,-0.9932665100663891,14.072151888601997,0.1368129973303011,0.7147115276907994,196.1141649169903,2.5389922147174113,0.0,2.145615727972477,0.06274866095783599,-0.9475326316306882,1.4199621997256535,0.15055173969586325,0.43386797269545907,0.15313748925621504,-0.35233142361190195,-0.9475326316306882,1.4199621997256535,13.511664581835158,0.0,0.8478388598215749,255,True
brain_hippocampus,raw,ENSG00000274425.1,ENSG00000274425,-0.9932665100663891,14.072151888601997,0.1368129973303011,0.7147115276907994,196.1141649169903,2.5389922147174113,0.0,2.145615727972477,0.06274866095783599,-0.9475326316306882,1.4199621997256535,0.15055173969586325,0.43386797269545907,0.15313748925621504,-0.35233142361190195,-0.9475326316306882,1.4199621997256535,13.511664581835158,0.0,0.8478388598215749,255,True
brain_hypothalamus,excluded_at_or_below_-1,ENSG00000274425.1,ENSG00000274425,-6.704503338733528,17.87604526086287,0.16792307512981106,1.0445455004420814,198.44292815520927,1.4573837760981785,0.004977073086707173,1.463894147471,0.0,-0.9133167641335354,1.2443543202001583,0.15774249866729748,0.4334794731642206,-0.12077258889195859,-0.6897074603526048,-0.9133167641335354,1.2443543202001583,11.753551447991184,0.05849828458502504,0.0,257,True
brain_hypothalamus,raw,ENSG00000274425.1,ENSG00000274425,-6.704503338733528,17.87604526086287,0.16792307512981106,1.0445455004420814,198.44292815520927,1.4573837760981785,0.004977073086707173,1.463894147471,0.0,-0.9133167641335354,1.2443543202001583,0.15774249866729748,0.4334794731642206,-0.12077258889195859,-0.6897074603526048,-0.9133167641335354,1.2443543202001583,11.753551447991184,0.05849828458502504,0.0,257,True
brain_nucleus_accumbens_basal_ganglia,excluded_at_or_below_-1,ENSG00000274425.1,ENSG00000274425,0.45783574549384415,13.566679396509803,0.11088549025826626,0.4775854337490457,350.6191831916224,2.477963887206195,0.009278025426216615,2.5627500284467866,0.0,-0.7545651859976884,0.9477035560530768,0.07913523455042094,0.33865895145305125,-0.23905913565663195,-0.33209621499270137,-0.7545651859976884,0.9477035560530768,13.058044706551863,0.12115287080406145,0.0,285,True
brain_nucleus_accumbens_basal_ganglia,raw,ENSG00000274425.1,ENSG00000274425,0.45783574549384415,13.566679396509803,0.11088549025826626,0.4775854337490457,350.6191831916224,2.477963887206195,0.009278025426216615,2.5627500284467866,0.0,-0.7545651859976884,0.9477035560530768,0.07913523455042094,0.33865895145305125,-0.23905913565663195,-0.33209621499270137,-0.7545651859976884,0.9477035560530768,13.058044706551863,0.12115287080406145,0.0,285,True
brain_putamen_basal_ganglia,excluded_at_or_below_-1,ENSG00000274425.1,ENSG00000274425,-0.7839505003906199,11.664301995972687,-0.10729857776582823,0.6561901740236128,298.94689958182653,2.0878641732669703,0.0,1.7825241301546897,0.10272005615823342,-0.9343835741823124,0.8614631366210399,-0.08602736431305301,0.38555518413260953,0.18323690388366964,-0.5521215511845852,-0.9343835741823124,0.8614631366210399,10.345204635070123,0.0,1.0626600010828198,254,True
brain_putamen_basal_ganglia,raw,ENSG00000274425.1,ENSG00000274425,-0.7839505003906199,11.664301995972687,-0.10729857776582823,0.6561901740236128,298.94689958182653,2.0878641732669703,0.0,1.7825241301546897,0.10272005615823342,-0.9343835741823124,0.8614631366210399,-0.08602736431305301,0.38555518413260953,0.18323690388366964,-0.5521215511845852,-0.9343835741823124,0.8614631366210399,10.345204635070123,0.0,1.0626600010828198,254,True
brain_spinal_cord_cervical_c-1,excluded_at_or_below_-1,ENSG00000274425.1,ENSG00000274425,-0.5926748876495563,10.782569014947304,-0.030065353983373875,0.5332428838211852,243.81336116819455,2.26572057722458,0.01994161182364661,2.38634029548089,0.0,-0.929858012459676,0.8242464746380915,-0.04292696909615792,0.3303690114028815,-0.08311693571690694,-0.36653519375966415,-0.929858012459676,0.8242464746380915,10.157155671961526,0.2025500556426072,0.0,204,True
brain_spinal_cord_cervical_c-1,raw,ENSG00000274425.1,ENSG00000274425,-0.5926748876495563,10.782569014947304,-0.030065353983373875,0.5332428838211852,243.81336116819455,2.26572057722458,0.01994161182364661,2.38634029548089,0.0,-0.929858012459676,0.8242464746380915,-0.04292696909615792,0.3303690114028815,-0.08311693571690694,-0.36653519375966415,-0.929858012459676,0.8242464746380915,10.157155671961526,0.2025500556426072,0.0,204,True
brain_substantia_nigra,excluded_at_or_below_-1,ENSG00000274425.1,ENSG00000274425,0.44568196469585036,10.07711897574528,-0.15579415979809863,0.4331764895205495,212.60962108884456,3.6956751155716727,0.0,2.3661591297122953,0.05983223845702267,-0.8805535120813901,0.9761986421132772,-0.1281045107353918,0.33949251537154407,0.4660643782677519,0.48078565900701165,-0.8805535120813901,0.9761986421132772,10.066197975291727,0.0,0.6022831576132535,183,True
brain_substantia_nigra,raw,ENSG00000274425.1,ENSG00000274425,0.44568196469585036,10.07711897574528,-0.15579415979809863,0.4331764895205495,212.60962108884456,3.6956751155716727,0.0,2.3661591297122953,0.05983223845702267,-0.8805535120813901,0.9761986421132772,-0.1281045107353918,0.33949251537154407,0.4660643782677519,0.48078565900701165,-0.8805535120813901,0.9761986421132772,10.066197975291727,0.0,0.6022831576132535,183,True
breast_mammary_tissue,excluded_at_or_below_-1,ENSG00000274425.1,ENSG00000274425,1.7187240083875392,28.66774628964207,-0.286382233259448,0.34297423975303054,571.1005137732277,3.764045425561147,0.0,2.6665249116909884,0.027761414337570744,-0.9330662834640654,0.6264718452019529,-0.25017510503514917,0.2759311555819316,0.3210659279989219,-0.004766189894434891,-0.9330662834640654,0.6264718452019529,28.643468210873824,0.0,0.7951831890671044,514,True
breast_mammary_tissue,raw,ENSG00000274425.1,ENSG00000274425,1.7187240083875392,28.66774628964207,-0.286382233259448,0.34297423975303054,571.1005137732277,3.764045425561147,0.0,2.6665249116909884,0.027761414337570744,-0.9330662834640654,0.6264718452019529,-0.25017510503514917,0.2759311555819316,0.3210659279989219,-0.004766189894434891,-0.9330662834640654,0.6264718452019529,28.643468210873824,0.0,0.7951831890671044,514,True
cells_cultured_fibroblasts,excluded_at_or_below_-1,ENSG00000274425.1,ENSG00000274425,1.2857749422797122,40.09326841768472,0.35504839825616097,0.3243981203496374,685.6768196518894,3.136622181517256,0.0054812782758362115,3.550040014570391,0.0,-0.4592743734475475,1.07453968797605,0.35312709309190626,0.2518152418164677,-0.13933280141879364,0.19543532302619315,-0.4592743734475475,1.07453968797605,40.019746629864194,0.21935936780674403,0.0,652,True
cells_cultured_fibroblasts,raw,ENSG00000274425.1,ENSG00000274425,1.2857749422797122,40.09326841768472,0.35504839825616097,0.3243981203496374,685.6768196518894,3.136622181517256,0.0054812782758362115,3.550040014570391,0.0,-0.4592743734475475,1.07453968797605,0.35312709309190626,0.2518152418164677,-0.13933280141879364,0.19543532302619315,-0.4592743734475475,1.07453968797605,40.019746629864194,0.21935936780674403,0.0,652,True
cells_ebv-transformed_lymphocytes,excluded_at_or_below_-1,ENSG00000274425.1,ENSG00000274425,-0.1808693294974619,20.50747910224034,0.7827125038731548,0.3118899609482023,439.4416471684703,2.5465940646630507,0.03742552387102067,3.5710222052911784,0.0,-0.0048389705197893,1.3443371018199417,0.7724885138970181,0.21421911442676742,-0.2824621178361177,0.2522119927517079,-0.0048389705197893,1.3443371018199417,20.472451706116182,0.766192230025569,0.0,327,True
cells_ebv-transformed_lymphocytes,raw,ENSG00000274425.1,ENSG00000274425,-0.1808693294974619,20.50747910224034,0.7827125038731548,0.3118899609482023,439.4416471684703,2.5465940646630507,0.03742552387102067,3.5710222052911784,0.0,-0.0048389705197893,1.3443371018199417,0.7724885138970181,0.21421911442676742,-0.2824621178361177,0.2522119927517079,-0.0048389705197893,1.3443371018199417,20.472451706116182,0.766192230025569,0.0,327,True
cervix_ectocervix,excluded_at_or_below_-1,ENSG00000274425.1,ENSG00000274425,0.34175183815734017,3.1243035371408547,-0.15628010766021552,0.047147594519095386,17.446642086925998,19.43381830797756,0.0,10.891538489528681,0.0,-0.519386398008423,0.4916119858117129,-0.14250775010745967,0.2053068217729338,1.0915029292632406,2.2771711383872875,-0.519386398008423,0.4916119858117129,3.1242310682511176,0.0,0.0,24,True
cervix_ectocervix,raw,ENSG00000274425.1,ENSG00000274425,0.34175183815734017,3.1243035371408547,-0.15628010766021552,0.047147594519095386,17.446642086925998,19.43381830797756,0.0,10.891538489528681,0.0,-0.519386398008423,0.4916119858117129,-0.14250775010745967,0.2053068217729338,1.0915029292632406,2.2771711383872875,-0.519386398008423,0.4916119858117129,3.1242310682511176,0.0,0.0,24,True
cervix_endocervix,excluded_at_or_below_-1,ENSG00000274425.1,ENSG00000274425,0.3146940854322114,0.8076064631370359,-0.07836827954183208,0.29282674101208295,26.533844102682963,4.660472872352945,0.0,3.1092263792143697,0.007938468283354826,-0.7221639918148455,0.8866281814568204,0.04563132082701326,0.3899552218716322,0.30399240319549486,-0.3391773571330119,-0.7221639918148455,0.8866281814568204,0.8075849880554085,0.0,0.006410987813791347,23,True
cervix_endocervix,raw,ENSG00000274425.1,ENSG00000274425,0.3146940854322114,0.8076064631370359,-0.07836827954183208,0.29282674101208295,26.533844102682963,4.660472872352945,0.0,3.1092263792143697,0.007938468283354826,-0.7221639918148455,0.8866281814568204,0.04563132082701326,0.3899552218716322,0.30399240319549486,-0.3391773571330119,-0.7221639918148455,0.8866281814568204,0.8075849880554085,0.0,0.006410987813791347,23,True
colon_sigmoid,excluded_at_or_below_-1,ENSG00000274425.1,ENSG00000274425,1.0108985084992865,25.624643139050786,-0.26008989650946185,0.32620801976670977,362.97018772801425,3.9536170158798205,0.0,2.8355538082593656,0.017553386602425967,-0.9141498046764388,0.6518668347652437,-0.24171980818854347,0.25628673524226014,0.1968156656087518,0.07832186234107974,-0.9141498046764388,0.6518668347652437,25.61425399732511,0.0,0.44961690294778234,418,True
colon_sigmoid,raw,ENSG00000274425.1,ENSG00000274425,1.0060864005948051,27.11235754136331,-0.25742207313378346,0.3257015954079851,238.33945507769914,3.9481805548278803,0.0,3.2243126533587545,0.005117040253471893,-1.0,0.6518668347652437,-0.24352954611649444,0.25864655996593366,0.15168048012484825,0.14150136413653502,-1.0,0.6518668347652437,27.101037002377485,0.0,0.13867709725199684,419,True
colon_transverse,excluded_at_or_below_-1,ENSG00000274425.1,ENSG00000274425,0.6612907762765957,24.327319804033415,-0.05464028277957949,0.38106807339828863,354.4633860337349,2.832336411706942,0.0,2.5260986081349426,0.023458679727883694,-0.7353122515880114,0.7085492441359065,-0.06857934068844483,0.2711853758720017,-0.06181462643719566,-0.32604208695492565,-0.7353122515880114,0.7085492441359065,23.8865092814981,0.0,0.5603459710517851,478,True
colon_transverse,raw,ENSG00000274425.1,ENSG00000274425,-0.0616255678973563,29.349938443375024,-0.056010534766756305,0.39673525974176244,460.9179852080804,2.725371093239643,0.02097981581713061,3.3649711531542232,0.0,-1.0,0.7085492441359065,-0.07052385145945016,0.27422401985207046,-0.1204246952889759,-0.17266508837168226,-1.0,0.7085492441359065,29.247878228930038,0.6136150982848164,0.0,479,True
esophagus_gastroesophageal_junction,excluded_at_or_below_-1,ENSG00000274425.1,ENSG00000274425,-1.0052415103697179,23.257270134044543,-0.248383171242102,0.42823947675688534,203.64778168259605,2.963521217267421,0.0,2.2350540861880086,0.07076278376539435,-0.925182219036823,0.6490037646538767,-0.24459298170973642,0.2688851725306911,0.0955047638917366,-0.25630244733865704,-0.925182219036823,0.6490037646538767,22.969025091581713,0.0,1.625352155857514,402,True
esophagus_gastroesophageal_junction,raw,ENSG00000274425.1,ENSG00000274425,-1.0229380564104404,24.266041069137138,-0.2503833320534489,0.4290097620874099,187.19646878015254,2.964793676950666,0.0,2.4710814346806043,0.03530823527109136,-1.0,0.6490037646538767,-0.24646744081219366,0.2711740524507564,0.05979724730192951,-0.20284583359871533,-1.0,0.6490037646538767,23.96653680636234,0.0,0.8462161201923118,403,True
esophagus_mucosa,excluded_at_or_below_-1,ENSG00000274425.1,ENSG00000274425,0.4171260865362587,40.41567638538238,-0.1238478010386623,0.4022752939821416,814.5005265373246,4.014872467265822,0.0,2.761094306445524,0.02179873238946337,-0.9092454618940478,1.0181890490110592,-0.10172084377129148,0.29637412304692684,0.30422045462347774,0.38866907645771187,-0.9092454618940478,1.0181890490110592,40.40288525074024,0.0,0.8807316833430832,613,True
esophagus_mucosa,raw,ENSG00000274425.1,ENSG00000274425,0.4451375528852031,42.34433572564595,-0.12315730008143978,0.4011986457022537,674.075064472352,4.023212699101498,0.0,3.0908450254664066,0.008120958495537506,-1.0,1.0181890490110592,-0.10318383913974215,0.29834293634846754,0.2679101308235722,0.4341093128364646,-1.0,1.0181890490110592,42.331210806023016,0.0,0.34377000602156166,614,True
esophagus_muscularis,excluded_at_or_below_-1,ENSG00000274425.1,ENSG00000274425,0.1618478736074749,33.56935995624493,-0.17558246137057307,0.34489670107139303,352.19935578139393,2.934141933099241,0.00585946488076779,3.120120220806939,0.0,-0.9365136246219686,0.5399925409671507,-0.18505063200178262,0.242146115676583,-0.09647173072737415,-0.19939285104708926,-0.9365136246219686,0.5399925409671507,33.31099050391149,0.19518457900125874,0.0,561,True
esophagus_muscularis,raw,ENSG00000274425.1,ENSG00000274425,0.1618478736074749,33.56935995624493,-0.17558246137057307,0.34489670107139303,352.19935578139393,2.934141933099241,0.00585946488076779,3.120120220806939,0.0,-0.9365136246219686,0.5399925409671507,-0.18505063200178262,0.242146115676583,-0.09647173072737415,-0.19939285104708926,-0.9365136246219686,0.5399925409671507,33.31099050391149,0.19518457900125874,0.0,561,True
fallopian_tube,excluded_at_or_below_-1,ENSG00000274425.1,ENSG00000274425,0.2513390216260755,1.278738870385304,-0.02787871510818415,0.22071850024704856,31.78146888257166,3.89150595384405,0.0,2.861158764941192,0.016180836620801404,-0.4744241933645391,0.5794746441635312,-0.03347385977362167,0.23346645059902257,0.3085455023483076,0.35424820968867277,-0.4744241933645391,0.5794746441635312,1.2780774794860805,0.0,0.020680362884289927,29,True
fallopian_tube,raw,ENSG00000274425.1,ENSG00000274425,0.2513390216260755,1.278738870385304,-0.02787871510818415,0.22071850024704856,31.78146888257166,3.89150595384405,0.0,2.861158764941192,0.016180836620801404,-0.4744241933645391,0.5794746441635312,-0.03347385977362167,0.23346645059902257,0.3085455023483076,0.35424820968867277,-0.4744241933645391,0.5794746441635312,1.2780774794860805,0.0,0.020680362884289927,29,True
heart_atrial_appendage,excluded_at_or_below_-1,ENSG00000274425.1,ENSG00000274425,0.21640825897829827,24.381935411592753,-0.5927253963811768,0.26869286228293,506.56828778903383,3.3408290352816135,0.0,1.945422609887049,0.147506394246057,-0.9623450799340176,0.0420138960220439,-0.5784416040326846,0.1836722205577615,0.3600043141388143,0.09282803285352914,-0.9623450799340176,0.0420138960220439,24.28982041798698,0.0,3.582903826741513,459,True
heart_atrial_appendage,raw,ENSG00000274425.1,ENSG00000274425,0.017598116420966384,25.43110726782369,-0.5915558575189063,0.27055606998632253,530.8091969524476,3.31170887503018,0.0,2.134963173429495,0.09863908534503507,-1.0,0.0420138960220439,-0.5802704907830851,0.18535942139651138,0.3271712501598227,0.09766757223949174,-1.0,0.0420138960220439,25.325424161767362,0.0,2.498076675291784,461,True
heart_left_ventricle,excluded_at_or_below_-1,ENSG00000274425.1,ENSG00000274425,1.0673640227045154,25.19657597429716,-0.6895709689463786,0.2780593978917588,310.9589725924525,4.38199827262703,0.0,1.4615653686434802,0.3436215580263172,-0.976940569406508,0.1720073906931598,-0.63571015835624,0.2022356262162541,0.8316670967016075,0.9670809913666392,-0.976940569406508,0.1720073906931598,25.194831849143217,0.0,8.657487374213671,444,True
heart_left_ventricle,raw,ENSG00000274425.1,ENSG00000274425,0.9111132266029701,25.5643404883083,-0.6866098878613407,0.2860071611258759,306.7371920351608,4.245586702933062,0.0,1.5496134612694477,0.30091342233353235,-1.0,0.1720073906931598,-0.6421577661729437,0.20612157852872456,0.7675067737625083,0.8746208195694329,-1.0,0.1720073906931598,25.561190133929372,0.0,7.6917052021188095,452,True
kidney_cortex,excluded_at_or_below_-1,ENSG00000274425.1,ENSG00000274425,0.4019473632296016,5.000582342371692,-0.3164685981179086,0.34089000990135837,60.35941522162286,3.620748253067593,0.0,1.9280128088456383,0.1546852613169065,-0.7812076750041925,0.5562969732766847,-0.2784150222041632,0.2696489785159306,0.571214910230224,0.5129737157966514,-0.7812076750041925,0.5562969732766847,4.993462162629358,0.0,0.7724149995024073,104,True
kidney_cortex,raw,ENSG00000274425.1,ENSG00000274425,0.4019473632296016,5.000582342371692,-0.3164685981179086,0.34089000990135837,60.35941522162286,3.620748253067593,0.0,1.9280128088456383,0.1546852613169065,-0.7812076750041925,0.5562969732766847,-0.2784150222041632,0.2696489785159306,0.571214910230224,0.5129737157966514,-0.7812076750041925,0.5562969732766847,4.993462162629358,0.0,0.7724149995024073,104,True
kidney_medulla,excluded_at_or_below_-1,ENSG00000274425.1,ENSG00000274425,0.21675024814356827,0.9696193198126531,-0.039732664387118866,0.0360427711464045,10.513239843030693,19.32620925002257,0.0,22.398809104517483,0.0,-0.610590681864638,0.4528168031467821,-0.12690372333957753,0.34072123233196083,0.47622321592108824,-0.5870715398716873,-0.610590681864638,0.4528168031467821,0.9691535167764901,0.0,0.0,11,True
kidney_medulla,raw,ENSG00000274425.1,ENSG00000274425,0.21675024814356827,0.9696193198126531,-0.039732664387118866,0.0360427711464045,10.513239843030693,19.32620925002257,0.0,22.398809104517483,0.0,-0.610590681864638,0.4528168031467821,-0.12690372333957753,0.34072123233196083,0.47622321592108824,-0.5870715398716873,-0.610590681864638,0.4528168031467821,0.9691535167764901,0.0,0.0,11,True
liver,excluded_at_or_below_-1,ENSG00000274425.1,ENSG00000274425,0.4353713353877801,14.8195668969122,-0.031008027976949654,0.38538520834669676,200.52100678849015,3.2604028644126033,0.0,2.795784454478675,0.015234860559207492,-0.7928830397493711,0.8574794470599554,-0.028242530135879258,0.28892956335458486,0.12169868294674614,0.06876608892410863,-0.7928830397493711,0.8574794470599554,14.746530857005112,0.0,0.22466134133852345,262,True
liver,raw,ENSG00000274425.1,ENSG00000274425,0.4353713353877801,14.8195668969122,-0.031008027976949654,0.38538520834669676,200.52100678849015,3.2604028644126033,0.0,2.795784454478675,0.015234860559207492,-0.7928830397493711,0.8574794470599554,-0.028242530135879258,0.28892956335458486,0.12169868294674614,0.06876608892410863,-0.7928830397493711,0.8574794470599554,14.746530857005112,0.0,0.22466134133852345,262,True
lung,excluded_at_or_below_-1,ENSG00000274425.1,ENSG00000274425,0.8939290391627903,36.72218335203258,-0.07973748915703256,0.44751847572842307,710.5978527961545,3.8324661490212377,0.0,2.643074538774059,0.02978504224880087,-0.9161208475827248,1.1330209335615082,-0.09524880299070852,0.33308272208087797,0.03769967192850458,0.0016781926259090696,-0.9161208475827248,1.1330209335615082,36.69792739241859,0.0,1.0930493178266145,602,True
lung,raw,ENSG00000274425.1,ENSG00000274425,0.7272730355986168,38.00366822369017,-0.07893114738517144,0.4561361465832724,723.4695967770706,3.7575602869004125,0.0,2.855700152256,0.01610444394465038,-1.0,1.1330209335615082,-0.09824466788146775,0.336574127426047,-0.0013356295558579988,0.042434851497496595,-1.0,1.1330209335615082,37.97074650903145,0.0,0.611497758691226,604,True
minor_salivary_gland,excluded_at_or_below_-1,ENSG00000274425.1,ENSG00000274425,-0.20713826674595348,8.895119458029312,-0.21319043098171195,0.35277119887736896,204.0102889045043,2.7925831520330933,0.0,1.695209536714452,0.22190980464974555,-0.6360552065192961,0.4834107986475353,-0.18736988248227573,0.2178316377295662,0.34193374117320496,-0.3135642650579986,-0.6360552065192961,0.4834107986475353,8.714914473097224,0.0,1.9339249682642452,181,True
minor_salivary_gland,raw,ENSG00000274425.1,ENSG00000274425,-0.20713826674595348,8.895119458029312,-0.21319043098171195,0.35277119887736896,204.0102889045043,2.7925831520330933,0.0,1.695209536714452,0.22190980464974555,-0.6360552065192961,0.4834107986475353,-0.18736988248227573,0.2178316377295662,0.34193374117320496,-0.3135642650579986,-0.6360552065192961,0.4834107986475353,8.714914473097224,0.0,1.9339249682642452,181,True
muscle_skeletal,excluded_at_or_below_-1,ENSG00000274425.1,ENSG00000274425,1.387424138059774,58.06015681201053,-0.5689741149465951,0.2968283694673098,615.8543420606803,5.5731657486751445,0.0,1.8423341703107696,0.18321483453173967,-0.9556604417766188,0.6007740376410371,-0.5251650172556426,0.22763705537883056,0.8726699442818582,1.5124517648422913,-0.9556604417766188,0.6007740376410371,58.05999861470095,0.0,10.63745303910547,815,True
muscle_skeletal,raw,ENSG00000274425.1,ENSG00000274425,1.1961624667801645,60.02174075424765,-0.5653687710303827,0.29517354516670213,751.4639966370999,5.587136796949698,0.0,2.082372857271416,0.11439146492069327,-1.0,0.6007740376410371,-0.5269064658476146,0.2290266992590738,0.8438139722842881,1.4809965724042202,-1.0,0.6007740376410371,60.02108027504704,0.0,6.865899298785158,818,True
nerve_tibial,excluded_at_or_below_-1,ENSG00000274425.1,ENSG00000274425,-0.9317848209258329,36.842754146281216,0.007451729083909814,0.4543037362606774,560.7263525778767,2.5893137554433947,0.0,2.5832260381197543,0.0005756430181365608,-0.8223870392237459,0.8392461233302588,-0.009913387601691541,0.2973901774373342,-0.13869847158679668,-0.2945425109753952,-0.8223870392237459,0.8392461233302588,35.5530545993841,0.0,0.020465867653563397,670,True
nerve_tibial,raw,ENSG00000274425.1,ENSG00000274425,-0.9317848209258329,36.842754146281216,0.007451729083909814,0.4543037362606774,560.7263525778767,2.5893137554433947,0.0,2.5832260381197543,0.0005756430181365608,-0.8223870392237459,0.8392461233302588,-0.009913387601691541,0.2973901774373342,-0.13869847158679668,-0.2945425109753952,-0.8223870392237459,0.8392461233302588,35.5530545993841,0.0,0.020465867653563397,670,True
ovary,excluded_at_or_below_-1,ENSG00000274425.1,ENSG00000274425,0.6875080500629135,8.6432180995757,-0.3075292347746308,0.34898780141237773,162.91711878896615,2.7325159443487315,0.0,2.450272016348872,0.026410059289991773,-0.912186880974089,0.3667782086799032,-0.31300443026875724,0.2627327167563364,0.008884714865989572,-0.288988843353184,-0.912186880974089,0.3667782086799032,8.4365188200346,0.0,0.2228089622382452,193,True
ovary,raw,ENSG00000274425.1,ENSG00000274425,0.6875080500629135,8.6432180995757,-0.3075292347746308,0.34898780141237773,162.91711878896615,2.7325159443487315,0.0,2.450272016348872,0.026410059289991773,-0.912186880974089,0.3667782086799032,-0.31300443026875724,0.2627327167563364,0.008884714865989572,-0.288988843353184,-0.912186880974089,0.3667782086799032,8.4365188200346,0.0,0.2228089622382452,193,True
pancreas,excluded_at_or_below_-1,ENSG00000274425.1,ENSG00000274425,0.5095713817037282,34.405624176707505,-0.504728991522503,0.254059712201125,281.2113417995963,7.600124794670126,0.0,2.4212304886124696,0.05333471886821214,-0.939696621218582,0.8606132519689536,-0.47545112608178935,0.20789031837672717,1.1108246052180712,4.358179312688631,-0.939696621218582,0.8606132519689536,34.405253784136164,0.0,1.8349945381663941,362,True
pancreas,raw,ENSG00000274425.1,ENSG00000274425,0.5095713817037282,34.405624176707505,-0.504728991522503,0.254059712201125,281.2113417995963,7.600124794670126,0.0,2.4212304886124696,0.05333471886821214,-0.939696621218582,0.8606132519689536,-0.47545112608178935,0.20789031837672717,1.1108246052180712,4.358179312688631,-0.939696621218582,0.8606132519689536,34.405253784136164,0.0,1.8349945381663941,362,True
pituitary,excluded_at_or_below_-1,ENSG00000274425.1,ENSG00000274425,1.4923989064664744,18.564568064068347,0.8885432534051675,0.5289117785680723,242.32993482569,3.1913929270714663,0.005963087101487259,4.1517644691609,0.0,-0.6642046398442802,2.0821149699247545,0.7951870570492776,0.4666765539811685,-0.4025066958551733,0.011789579435166786,-0.6642046398442802,2.0821149699247545,18.5610611798026,0.11068122451119677,0.0,313,True
pituitary,raw,ENSG00000274425.1,ENSG00000274425,1.4923989064664744,18.564568064068347,0.8885432534051675,0.5289117785680723,242.32993482569,3.1913929270714663,0.005963087101487259,4.1517644691609,0.0,-0.6642046398442802,2.0821149699247545,0.7951870570492776,0.4666765539811685,-0.4025066958551733,0.011789579435166786,-0.6642046398442802,2.0821149699247545,18.5610611798026,0.11068122451119677,0.0,313,True
prostate,excluded_at_or_below_-1,ENSG00000274425.1,ENSG00000274425,-0.5902158530903998,15.13600970588372,0.03900585393170702,0.4583584009048733,316.0749362242004,2.4241419852683856,0.005953135267855115,2.470427413209234,0.0,-0.7616802579805864,0.8246904729290512,0.052227780168212674,0.29360815018249153,0.1237597660971458,-0.3189951670609803,-0.7616802579805864,0.8246904729290512,14.420207380995569,0.08584544512958936,0.0,282,True
prostate,raw,ENSG00000274425.1,ENSG00000274425,-0.5902158530903998,15.13600970588372,0.03900585393170702,0.4583584009048733,316.0749362242004,2.4241419852683856,0.005953135267855115,2.470427413209234,0.0,-0.7616802579805864,0.8246904729290512,0.052227780168212674,0.29360815018249153,0.1237597660971458,-0.3189951670609803,-0.7616802579805864,0.8246904729290512,14.420207380995569,0.08584544512958936,0.0,282,True
skin_not_sun_exposed_suprapubic,excluded_at_or_below_-1,ENSG00000274425.1,ENSG00000274425,-0.32744134763575355,33.10037766900222,-0.356051532031552,0.36091810531129187,737.190018141478,2.652237261344396,0.0,2.267155362465948,0.048286090547979374,-0.9346469009618876,0.3208196794099145,-0.3479030750876557,0.2395430827528927,0.09258226761782032,-0.3622893941046721,-0.9346469009618876,0.3208196794099145,32.11785615290886,0.0,1.5508457104063336,651,True
skin_not_sun_exposed_suprapubic,raw,ENSG00000274425.1,ENSG00000274425,-0.32744134763575355,33.10037766900222,-0.356051532031552,0.36091810531129187,737.190018141478,2.652237261344396,0.0,2.267155362465948,0.048286090547979374,-0.9346469009618876,0.3208196794099145,-0.3479030750876557,0.2395430827528927,0.09258226761782032,-0.3622893941046721,-0.9346469009618876,0.3208196794099145,32.11785615290886,0.0,1.5508457104063336,651,True
skin_sun_exposed_lower_leg,excluded_at_or_below_-1,ENSG00000274425.1,ENSG00000274425,2.503891381583976,43.440939809874564,-0.2367393008097248,0.3174955894852732,629.781526134213,3.6185913365239704,0.0,3.0340350792942714,0.008602978662639066,-0.9178901408590144,0.5756463388585245,-0.22088361625171898,0.25928083556079057,0.19533437994675193,0.14070824019866723,-0.9178901408590144,0.5756463388585245,43.37854381798128,0.0,0.37318468688244666,754,True
skin_sun_exposed_lower_leg,raw,ENSG00000274425.1,ENSG00000274425,2.503891381583976,43.440939809874564,-0.2367393008097248,0.3174955894852732,629.781526134213,3.6185913365239704,0.0,3.0340350792942714,0.008602978662639066,-0.9178901408590144,0.5756463388585245,-0.22088361625171898,0.25928083556079057,0.19533437994675193,0.14070824019866723,-0.9178901408590144,0.5756463388585245,43.37854381798128,0.0,0.37318468688244666,754,True
small_intestine_terminal_ileum,excluded_at_or_below_-1,ENSG00000274425.1,ENSG00000274425,1.4907909741775334,7.276729921474016,-0.003044898527171703,0.44761922068705395,358.8925760443277,2.870410323592371,0.0,1.9415156864141843,0.13785845729914173,-0.6175629328798461,0.9054818376628496,0.08172380010674311,0.3455055741787315,0.3854875730224555,-0.6091465625262189,-0.6175629328798461,0.9054818376628496,7.158455589359855,0.0,0.986853644193568,207,True
small_intestine_terminal_ileum,raw,ENSG00000274425.1,ENSG00000274425,1.4907909741775334,7.276729921474016,-0.003044898527171703,0.44761922068705395,358.8925760443277,2.870410323592371,0.0,1.9415156864141843,0.13785845729914173,-0.6175629328798461,0.9054818376628496,0.08172380010674311,0.3455055741787315,0.3854875730224555,-0.6091465625262189,-0.6175629328798461,0.9054818376628496,7.158455589359855,0.0,0.986853644193568,207,True
spleen,excluded_at_or_below_-1,ENSG00000274425.1,ENSG00000274425,0.6533210674345653,16.552568816769277,0.6286585458539022,0.4170958203556725,294.8858694648476,3.425222853077945,0.0,3.1836582312318957,0.003471914615566452,-0.3103018608469884,1.6388639163979586,0.6205578545769525,0.32770541899792105,-0.046403276589523326,0.21198735312813133,-0.3103018608469884,1.6388639163979586,16.50545782567773,0.0,0.057305540261586185,277,True
spleen,raw,ENSG00000274425.1,ENSG00000274425,0.6533210674345653,16.552568816769277,0.6286585458539022,0.4170958203556725,294.8858694648476,3.425222853077945,0.0,3.1836582312318957,0.003471914615566452,-0.3103018608469884,1.6388639163979586,0.6205578545769525,0.32770541899792105,-0.046403276589523326,0.21198735312813133,-0.3103018608469884,1.6388639163979586,16.50545782567773,0.0,0.057305540261586185,277,True
stomach,excluded_at_or_below_-1,ENSG00000274425.1,ENSG00000274425,0.4700086737580475,25.154436822550338,-0.20364610189678764,0.3629761254671258,209.4617168510383,4.057995773699154,0.0,2.3834712604460266,0.058148662844907384,-0.8153946993485104,0.8378907792993056,-0.19723219673261055,0.26359181754906963,0.19532457054182756,0.12630832106736722,-0.8153946993485104,0.8378907792993056,25.14757031254986,0.0,1.462297587473064,407,True
stomach,raw,ENSG00000274425.1,ENSG00000274425,0.4700086737580475,25.154436822550338,-0.20364610189678764,0.3629761254671258,209.4617168510383,4.057995773699154,0.0,2.3834712604460266,0.058148662844907384,-0.8153946993485104,0.8378907792993056,-0.19723219673261055,0.26359181754906963,0.19532457054182756,0.12630832106736722,-0.8153946993485104,0.8378907792993056,25.14757031254986,0.0,1.462297587473064,407,True
testis,excluded_at_or_below_-1,ENSG00000274425.1,ENSG00000274425,2.9882164492929393,33.15737661682508,3.0592114388730076,0.48973229835797705,299.0704038221134,2.567936728594788,0.03698848428982352,8.665527633304103,0.0,0.0583996256830912,3.9484700272451168,2.8049314287095632,0.6838077517338945,-1.2917272193613976,1.6499980211790586,0.0583996256830912,3.9484700272451168,33.15734774202891,1.2264400360482517,0.0,414,True
testis,raw,ENSG00000274425.1,ENSG00000274425,2.9882164492929393,33.15737661682508,3.0592114388730076,0.48973229835797705,299.0704038221134,2.567936728594788,0.03698848428982352,8.665527633304103,0.0,0.0583996256830912,3.9484700272451168,2.8049314287095632,0.6838077517338945,-1.2917272193613976,1.6499980211790586,0.0583996256830912,3.9484700272451168,33.15734774202891,1.2264400360482517,0.0,414,True
thyroid,excluded_at_or_below_-1,ENSG00000274425.1,ENSG00000274425,-1.4097876958409246,39.50799725236083,-0.03424377682477316,0.46781200095882436,730.878796888648,2.709592195021508,0.0,2.5977758183210207,0.009022070947066585,-0.8935699323256022,0.8620704576451508,-0.02775531772838034,0.30257207403950737,0.06419967839628822,-0.16643735611663546,-0.8935699323256022,0.8620704576451508,38.50236755669115,0.0,0.34737109172650227,684,True
thyroid,raw,ENSG00000274425.1,ENSG00000274425,-1.4097876958409246,39.50799725236083,-0.03424377682477316,0.46781200095882436,730.878796888648,2.709592195021508,0.0,2.5977758183210207,0.009022070947066585,-0.8935699323256022,0.8620704576451508,-0.02775531772838034,0.30257207403950737,0.06419967839628822,-0.16643735611663546,-0.8935699323256022,0.8620704576451508,38.50236755669115,0.0,0.34737109172650227,684,True
uterus,excluded_at_or_below_-1,ENSG00000274425.1,ENSG00000274425,0.22482157454143187,7.838329432626217,-0.031137457323480586,0.4152512398652012,118.4248078012154,3.1239165627868117,0.0,2.2647902362435226,0.06987704820438463,-0.6961409466526367,0.8861286900580374,-0.000447698556372701,0.305276346559844,0.46678535688737244,0.230231339973344,-0.6961409466526367,0.8861286900580374,7.778727670979111,0.0,0.5435545284337879,153,True
uterus,raw,ENSG00000274425.1,ENSG00000274425,0.22482157454143187,7.838329432626217,-0.031137457323480586,0.4152512398652012,118.4248078012154,3.1239165627868117,0.0,2.2647902362435226,0.06987704820438463,-0.6961409466526367,0.8861286900580374,-0.000447698556372701,0.305276346559844,0.46678535688737244,0.230231339973344,-0.6961409466526367,0.8861286900580374,7.778727670979111,0.0,0.5435545284337879,153,True
vagina,excluded_at_or_below_-1,ENSG00000274425.1,ENSG00000274425,-0.2403431314403604,8.658539266479698,-0.17844242347251907,0.3981598081566771,144.57993425952787,2.242808515294023,0.03870337230470806,2.5008010753471317,0.0,-0.8825217102864418,0.4530012509065855,-0.16898326683596418,0.25871614863219206,0.07233243210618773,-0.26935213407434944,-0.8825217102864418,0.4530012509065855,8.278858758027024,0.32041975277001283,0.0,170,True
vagina,raw,ENSG00000274425.1,ENSG00000274425,-0.2403431314403604,8.658539266479698,-0.17844242347251907,0.3981598081566771,144.57993425952787,2.242808515294023,0.03870337230470806,2.5008010753471317,0.0,-0.8825217102864418,0.4530012509065855,-0.16898326683596418,0.25871614863219206,0.07233243210618773,-0.26935213407434944,-0.8825217102864418,0.4530012509065855,8.278858758027024,0.32041975277001283,0.0,170,True
whole_blood,excluded_at_or_below_-1,ENSG00000274425.1,ENSG00000274425,-11.737324338832048,46.79504426301374,0.6629733627192985,1.4917593604551673,1204.7125617215795,1.834220073155748,0.0,1.4690154725118238,0.18914093296228263,-0.8865928697638036,2.5977695180279734,0.6901943469918281,0.7045736808777536,0.15665393625984508,-0.666191177335671,-0.8865928697638036,2.5977695180279734,38.09256518313785,0.0,7.204863317665257,803,True
whole_blood,raw,ENSG00000274425.1,ENSG00000274425,-11.737324338832048,46.79504426301374,0.6629733627192985,1.4917593604551673,1204.7125617215795,1.834220073155748,0.0,1.4690154725118238,0.18914093296228263,-0.8865928697638036,2.5977695180279734,0.6901943469918281,0.7045736808777536,0.15665393625984508,-0.666191177335671,-0.8865928697638036,2.5977695180279734,38.09256518313785,0.0,7.204863317665257,803,True
adipose_subcutaneous,excluded_at_or_below_-1,ENSG00000274427.1,ENSG00000274427,-0.17766915441688072,33.52659694633992,-0.5285526228138449,0.7821891120866986,876.4987170636352,3.4025662839777384,0.0,0.5754804439615921,0.8469281034598386,-0.8468458067161664,1.3533769324470215,-0.2738638421376306,0.39047709959432664,0.797795860741704,0.5403778121058669,-0.8468458067161664,1.3533769324470215,33.42385416126989,0.0,28.30760141512254,599,True
adipose_subcutaneous,raw,ENSG00000274427.1,ENSG00000274427,-12.45595595354447,95.22588661357126,-2.8947706912021,2.778210019880045,9103.123444868179,2.1624671789885133,0.0,-0.9645096626642904,1.0,-1.0,1.3533769324470215,-0.39081854543479083,0.44634808137973514,0.5576491729397748,0.03770632530431728,-1.0,1.3533769324470215,50.61634770192518,0.0,50.61634770192518,714,True
adipose_visceral_omentum,excluded_at_or_below_-1,ENSG00000274427.1,ENSG00000274427,1.4313565331761506,26.3261691569022,-0.3178731664189807,0.6558940835935612,856.2991802447168,3.754624170272085,0.0,1.2520191199896238,0.4562066945606074,-0.898543551144485,1.4234732927865608,-0.16546736976215012,0.4517387013037564,0.8019281432364027,0.4379485293186747,-0.898543551144485,1.4234732927865608,26.30326218582672,0.0,11.999724297957027,529,True
adipose_visceral_omentum,raw,ENSG00000274427.1,ENSG00000274427,-0.027695014300045204,27.715777759686453,-0.45775484794445465,0.9073358079779861,2803.7349526016887,2.932165056362762,0.0,0.8451671822331728,0.6955286870845033,-1.0,1.4234732927865608,-0.24792544907014893,0.4959742553734794,0.5777965078110625,0.1437983122766089,-1.0,1.4234732927865608,27.33926119402707,0.0,19.015240444141963,587,True
adrenal_gland,excluded_at_or_below_-1,ENSG00000274427.1,ENSG00000274427,1.5090330917965173,15.652372685157331,-0.18441223720426847,0.6261857603263171,269.9075133884736,4.99178814521011,0.0,1.5033260095779932,0.3230348308295165,-0.8500552244955866,2.0258527031567333,0.010420856402501752,0.5277780588868757,0.7655569436376138,0.20830470633159281,-0.8500552244955866,2.0258527031567333,15.652193639860382,0.0,5.056203724563133,286,True
adrenal_gland,raw,ENSG00000274427.1,ENSG00000274427,1.523077863584681,16.186254798320515,-0.1814586562806844,0.6395775687937802,239.22454510858717,4.880736619303005,0.0,1.809932565074366,0.19437700301209826,-1.0,2.0258527031567333,-0.02040554260638813,0.5480170893239593,0.6398789242190195,0.15533465777917366,-1.0,2.0258527031567333,16.186144528326913,0.0,3.146214263736858,295,True
artery_aorta,excluded_at_or_below_-1,ENSG00000274427.1,ENSG00000274427,1.1381795856931989,18.77723374960657,0.0564520626720824,0.8926235749728384,466.3237033351551,2.9014169575665427,0.0,1.3663498259144806,0.3840401093258439,-0.8059608703680387,1.8877689486478992,0.20040604121803876,0.5737500843040934,0.45121362323427705,-0.35348914114047414,-0.8059608703680387,1.8877689486478992,18.498187350005278,0.0,7.10404589222597,448,True
artery_aorta,raw,ENSG00000274427.1,ENSG00000274427,1.632094641178332,19.633172440015223,0.0509997227060694,0.8867415621547765,1106.4513932490513,2.9293585201581784,0.0,1.676179537913497,0.23493974191726133,-1.0,1.8877689486478992,0.13936844590186728,0.6181481634054207,0.26635115614507976,-0.36327331440230504,-1.0,1.8877689486478992,19.364254769274126,0.0,4.54943301791336,472,True
artery_coronary,excluded_at_or_below_-1,ENSG00000274427.1,ENSG00000274427,0.38123958783325995,13.16263106428656,0.08928693140569806,0.7858772609139657,276.91633510767576,3.6726399521305577,0.0,1.6465756786792687,0.2569177257930067,-0.8257137577947606,2.1301697957026233,0.17414752279183832,0.5374850951264908,0.48199719611143976,0.12217397086411896,-0.8257137577947606,2.1301697957026233,13.147036302740132,0.0,3.377706667818094,251,True
artery_coronary,raw,ENSG00000274427.1,ENSG00000274427,0.616278645688222,13.491083544804136,0.059235115191122914,0.8250898234212272,447.8710644336131,3.5496061505450975,0.0,1.815541318197011,0.19093086264314305,-1.0,2.1301697957026233,0.09966801574907244,0.5938905212315919,0.22047273361757067,-0.047045852148267286,-1.0,2.1301697957026233,13.46625705783432,0.0,2.57112407662662,268,True
artery_tibial,excluded_at_or_below_-1,ENSG00000274427.1,ENSG00000274427,1.4187181568379095,29.329463131696432,-0.17958720168642392,0.6888771181369469,726.2810951897974,3.394648780405444,0.0,1.4157473249023884,0.36508587310492907,-0.8692114304007245,1.4739790850126893,-0.05871002941426994,0.46262442721860464,0.6113017626348428,0.020531161017299127,-0.8692114304007245,1.4739790850126893,29.237130344185736,0.0,10.674063258789666,620,True
artery_tibial,raw,ENSG00000274427.1,ENSG00000274427,-1.0158858438620135,31.20753510614716,-0.2982537889394082,0.9722418052796382,4390.834513044096,2.5778728629197674,0.0,1.0207532772573793,0.5787572088658143,-1.0,1.4739790850126893,-0.15542723333841876,0.5232609033479148,0.3407645621150218,-0.21987033751358354,-1.0,1.4739790850126893,30.082347626578866,0.0,17.410375548489938,691,True
bladder,excluded_at_or_below_-1,ENSG00000274427.1,ENSG00000274427,0.5617054969132668,2.393444301141982,-0.07506190037018558,0.8368617436561436,51.714746588594416,2.663179105588771,0.0,1.278631721347844,0.4249780653622227,-0.8316930063720651,1.5008759701673997,0.12090703835366147,0.5673842163951586,0.35953110277331307,-0.637379852793535,-0.8316930063720651,1.5008759701673997,2.3244312522482167,0.0,0.9878322966479358,77,True
bladder,raw,ENSG00000274427.1,ENSG00000274427,0.5617054969132668,2.393444301141982,-0.07506190037018558,0.8368617436561436,51.714746588594416,2.663179105588771,0.0,1.278631721347844,0.4249780653622227,-0.8316930063720651,1.5008759701673997,0.12090703835366147,0.5673842163951586,0.35953110277331307,-0.637379852793535,-0.8316930063720651,1.5008759701673997,2.3244312522482167,0.0,0.9878322966479358,77,True
brain_amygdala,excluded_at_or_below_-1,ENSG00000274427.1,ENSG00000274427,-0.13552098091620368,8.472729202793898,-0.3620476273752621,0.7389639737792938,142.2298152938161,3.057042696739969,0.0,0.9397527301265861,0.6396600719070018,-0.8530932730265344,1.23533800043981,-0.2164073712500438,0.4020967840514303,0.6212215111088935,0.32320386870191564,-0.8530932730265344,1.23533800043981,8.393534192998521,0.0,5.369008685447312,170,True
brain_amygdala,raw,ENSG00000274427.1,ENSG00000274427,-0.15183509128389552,8.907833117505927,-0.35545711296544696,0.7455697875393544,243.49591545811137,3.0174559939713355,0.0,1.2225834624867504,0.46801099175264305,-1.0,1.23533800043981,-0.2640290227210357,0.43248599189445563,0.4367735297110499,0.11232514620170342,-1.0,1.23533800043981,8.813921311983155,0.0,4.125012054450993,181,True
brain_anterior_cingulate_cortex_ba24,excluded_at_or_below_-1,ENSG00000274427.1,ENSG00000274427,0.6223140367830634,12.438281425647638,-0.42938448584193567,0.4765398726030219,266.18363902733523,4.447704584013034,0.0,1.3491096420183453,0.4024776091260812,-0.8839866435642223,1.069334400918594,-0.3294984734994878,0.34939198448265885,0.8629946097328048,1.1212974312123016,-0.8839866435642223,1.069334400918594,12.437555223532604,0.0,5.005837489741005,221,True
brain_anterior_cingulate_cortex_ba24,raw,ENSG00000274427.1,ENSG00000274427,0.6626865253483953,12.934995305778923,-0.4311584587237244,0.49067620604015605,348.9089003635441,4.3246795467732415,0.0,1.639499557164767,0.26074304888319355,-1.0,1.069334400918594,-0.3640307409587416,0.3712366754168417,0.6572133127735809,0.8112300716470235,-1.0,1.069334400918594,12.93379778179249,0.0,3.37239786726326,233,True
brain_caudate_basal_ganglia,excluded_at_or_below_-1,ENSG00000274427.1,ENSG00000274427,0.4235998273671635,14.60191290055219,-0.35227164641644426,0.5701104027919364,313.66170596029883,3.594899830949275,0.0,1.3185441121431465,0.41834585484383247,-0.8838149259275406,1.0969364825029575,-0.25986479347990227,0.37641379483248055,0.7008081444724241,0.5535416102022555,-0.8838149259275406,1.0969364825029575,14.579069486152878,0.0,6.099093287012259,287,True
brain_caudate_basal_ganglia,raw,ENSG00000274427.1,ENSG00000274427,0.5555313400604653,15.326224481619606,-0.3570508779586363,0.5668861290692289,394.3424770017474,3.6272692860910207,0.0,1.6039682780732316,0.2752693080812475,-1.0,1.0969364825029575,-0.2919373190957732,0.39788482642290046,0.52995614414463,0.37654045664164837,-1.0,1.0969364825029575,15.3048559756571,0.0,4.212957114702276,300,True
brain_cerebellar_hemisphere,excluded_at_or_below_-1,ENSG00000274427.1,ENSG00000274427,-1.079546230522072,12.192249955076395,-0.25763762736506496,0.6880112150099603,280.35332830011805,2.486938652725572,0.0,1.2667508555778262,0.42204994553033565,-0.873908619561277,0.9522515503668842,-0.20773848813714973,0.36214865131562135,0.2577934823462589,-0.4731350488806907,-0.873908619561277,0.9522515503668842,11.63882135317847,0.0,4.91216391814628,247,True
brain_cerebellar_hemisphere,raw,ENSG00000274427.1,ENSG00000274427,-6.2312157283553145,17.081867490600725,-0.4060599500198051,1.2140488785845724,972.6331960297445,1.5822612908417495,0.0,0.6918651207007667,0.7018901258470412,-1.0,0.9522515503668842,-0.29354298400677253,0.42158373734782156,0.04309629901014905,-0.629625283335141,-1.0,0.9522515503668842,12.19650481764486,0.0,8.560606301350795,277,True
brain_cerebellum,excluded_at_or_below_-1,ENSG00000274427.1,ENSG00000274427,0.4895805691653228,10.506106763281768,-0.28859109170437164,0.5798967048953567,194.70753346799643,2.938792543402094,0.0,1.3564421209980009,0.39041055914679845,-0.8447986810504078,0.9164575357675808,-0.19856624737001097,0.3701392139622927,0.48276029244218943,-0.22624526662106126,-0.8447986810504078,0.9164575357675808,10.366124768683422,0.0,4.0470445671271715,243,True
brain_cerebellum,raw,ENSG00000274427.1,ENSG00000274427,0.5555698474068685,10.960724707873625,-0.3206226271609962,0.6482030433821815,640.3904994142435,2.6989931041172337,0.0,1.4822279908239213,0.31544139530726395,-1.0,0.9164575357675808,-0.26786315079290474,0.41956939437244495,0.19755144929391033,-0.3408524239879762,-1.0,0.9164575357675808,10.673604362166687,0.0,3.366896652959558,266,True
brain_cortex,excluded_at_or_below_-1,ENSG00000274427.1,ENSG00000274427,0.4191324565345276,12.940993860547364,-0.4586356980739857,0.606463138714094,212.3246361679069,3.666388708921566,0.0,0.9616874933622636,0.6293143118814079,-0.8710401829439318,1.1136371631955204,-0.2974986250090893,0.3795938678887883,0.8864148570843623,0.7863646626948051,-0.8710401829439318,1.1136371631955204,12.925313962007177,0.0,8.1340850618517,250,True
brain_cortex,raw,ENSG00000274427.1,ENSG00000274427,0.3574586697121233,13.550083114220993,-0.463090839902792,0.6369050949191774,401.2453770134655,3.501039862835521,0.0,1.1921779587399501,0.4902168958981904,-1.0,1.1136371631955204,-0.3495357638973049,0.4090874104931113,0.662616633000738,0.48650084396463633,-1.0,1.1136371631955204,13.520539631547418,0.0,6.627996969045638,270,True
brain_frontal_cortex_ba9,excluded_at_or_below_-1,ENSG00000274427.1,ENSG00000274427,1.3628120243498079,15.86222009792968,-0.44842394434445376,0.43070733231730784,231.4538407765006,6.093150446502508,0.0,1.479591517096709,0.33467497283705366,-0.8990425299693017,1.4072820423930383,-0.2777352109724961,0.4181199617329772,1.225645234863386,1.6438078224584043,-0.8990425299693017,1.4072820423930383,15.862218413842582,0.0,5.308687516788178,250,True
brain_frontal_cortex_ba9,raw,ENSG00000274427.1,ENSG00000274427,1.25867886356883,15.96394000990459,-0.4644198893356779,0.4965023554804841,590.3864620196837,5.33126626158517,0.0,1.5255207712071759,0.31235853347904646,-1.0,1.4072820423930383,-0.328750196071093,0.44362328192753797,0.9939255176781522,1.2820030002859113,-1.0,1.4072820423930383,15.963854414704459,0.0,4.986446153650086,269,True
brain_hippocampus,excluded_at_or_below_-1,ENSG00000274427.1,ENSG00000274427,0.08614757763609694,13.802569384583672,-0.21956150261704047,0.827694357975357,241.22451732682407,3.735980867161586,0.0,1.1181897028225083,0.534734881774978,-0.8740024815447778,1.966989643211764,-0.06627100024134196,0.49432244680531434,0.7301918341778723,0.7299957245308293,-0.8740024815447778,1.966989643211764,13.78971296745843,0.0,7.373840533364764,251,True
brain_hippocampus,raw,ENSG00000274427.1,ENSG00000274427,0.1764190590209672,14.58314535582967,-0.17943273853796302,0.7594622521668358,224.74685900457638,3.9969065403724606,0.0,1.5279987210530082,0.3109455178563136,-1.0,1.966989643211764,-0.08091772964932091,0.504005083049374,0.6650875630281147,0.6555664096252896,-1.0,1.966989643211764,14.578121833168481,0.0,4.533001642787005,255,True
brain_hypothalamus,excluded_at_or_below_-1,ENSG00000274427.1,ENSG00000274427,0.3224178352711152,12.060054896762942,-0.3042192812282027,0.7064773919113827,177.3226881410841,3.3305240841491743,0.0,1.1830985038178936,0.4946824290175973,-0.8952420005613219,1.3595605263416295,-0.1665567362724873,0.4326055863444316,0.5880741189882135,-0.06222714799450513,-0.8952420005613219,1.3595605263416295,12.012993212121252,0.0,5.942616661944049,249,True
brain_hypothalamus,raw,ENSG00000274427.1,ENSG00000274427,0.3720447682887964,12.623563842130686,-0.2904810638962283,0.6883600234409403,292.1709997557004,3.389957458205383,0.0,1.4576838689479386,0.34352016604179253,-1.0,1.3595605263416295,-0.1925004954546667,0.4498117806356379,0.48114534243149704,-0.10450413434905448,-1.0,1.3595605263416295,12.583215110104215,0.0,4.322588143962593,257,True
brain_nucleus_accumbens_basal_ganglia,excluded_at_or_below_-1,ENSG00000274427.1,ENSG00000274427,0.3788487505396953,17.83169474683274,-0.4738863872347214,0.5395740850121039,262.62994330966956,5.2164662568768465,0.0,1.1536335861419045,0.5140558409932795,-0.9140397015879118,1.5163858619068675,-0.34402897036380375,0.3582341629959334,1.0358852523974522,2.054734049214935,-0.9140397015879118,1.5163858619068675,17.831440727273428,0.0,9.166356259180358,261,True
brain_nucleus_accumbens_basal_ganglia,raw,ENSG00000274427.1,ENSG00000274427,0.031937384707512936,18.086167443740628,-0.5388880235394452,0.6655490861904514,503.87377016209075,4.36721537674485,0.0,0.979808739000468,0.6187494702525996,-1.0,1.5163858619068675,-0.39926863601737816,0.38831408331091666,0.7667867514514993,1.3562210330694002,-1.0,1.5163858619068675,18.084821429624295,0.0,11.189973679192894,285,True
brain_putamen_basal_ganglia,excluded_at_or_below_-1,ENSG00000274427.1,ENSG00000274427,0.26057057300087977,17.300260024597176,-0.3151909788548123,0.5624060865679692,243.4852238109375,5.372946465817572,0.0,1.5028926682716512,0.32324524793465886,-0.9128630749108138,1.8215285913556607,-0.21956906332112772,0.4058791234136866,1.1191991254120972,2.6675696168873406,-0.9128630749108138,1.8215285913556607,17.300244625825005,0.0,5.592221863405054,246,True
brain_putamen_basal_ganglia,raw,ENSG00000274427.1,ENSG00000274427,0.2691073237226711,17.60860050370459,-0.3185456011896051,0.5769819356551763,319.928245390019,5.245436226951334,0.0,1.6702811533295854,0.2478539706855932,-1.0,1.8215285913556607,-0.24414956526376935,0.4221153622256939,0.9384388760268765,2.260335572450712,-1.0,1.8215285913556607,17.6084542130276,0.0,4.3643252943343525,254,True
brain_spinal_cord_cervical_c-1,excluded_at_or_below_-1,ENSG00000274427.1,ENSG00000274427,1.020898104430924,10.499932776977996,0.7260458303769106,0.7413675150762941,110.68753981751772,3.553121814911956,0.0,2.968308349375227,0.010416071185030214,-0.8300185742550454,2.5886846571920272,0.7698272384087087,0.6416994512127098,0.11771734367690774,0.0556998663293089,-0.8300185742550454,2.5886846571920272,10.480808425638184,0.0,0.10916884663811177,202,True
brain_spinal_cord_cervical_c-1,raw,ENSG00000274427.1,ENSG00000274427,1.0625457356745946,11.048958843137711,0.7287469350603692,0.7403436815526132,121.05830204453227,3.5528758026159823,0.0,3.30227355536572,0.002474704733659783,-1.0,2.5886846571920272,0.7524759909733293,0.6620262031409833,-0.0037139177128192044,0.1718057563879558,-1.0,2.5886846571920272,11.028755128330966,0.0,0.027292912522455248,204,True
brain_substantia_nigra,excluded_at_or_below_-1,ENSG00000274427.1,ENSG00000274427,0.701358302507323,7.536618842009662,0.003963431114815973,0.8300660851859021,124.46281010488514,3.183727829262364,0.0,1.4542516065501376,0.3432156151530826,-0.8496027982309045,1.8726377005785304,0.15613184489966983,0.5827997893519806,0.5235184646125398,-0.14832428634431594,-0.8496027982309045,1.8726377005785304,7.4891712888377215,0.0,2.5704005308852427,179,True
brain_substantia_nigra,raw,ENSG00000274427.1,ENSG00000274427,0.7746011995633202,7.981019536642116,0.01854977252324308,0.800979199512922,145.95611090671588,3.273588496783077,0.0,1.7983574394070927,0.19469292419708947,-1.0,1.8726377005785304,0.1308612034810978,0.6007705419126119,0.43694644151286854,-0.1642061106964663,-1.0,1.8726377005785304,7.943390693936922,0.0,1.546521962242527,183,True
breast_mammary_tissue,excluded_at_or_below_-1,ENSG00000274427.1,ENSG00000274427,0.8356537307431229,20.43476646092545,-0.2961449115353653,0.7421804894951893,343.2432962811308,3.076100650666084,0.0,1.0947528331222864,0.5452192136940045,-0.8706721365462302,1.3181953461106168,-0.13475289391432976,0.4531232090326197,0.6234705699416556,-0.03489443058171071,-0.8706721365462302,1.3181953461106168,20.25459068002308,0.0,11.043192004256097,457,True
breast_mammary_tissue,raw,ENSG00000274427.1,ENSG00000274427,-3.452533090257063,24.97343845151247,-0.5350439987443179,1.2513059357702747,2471.172408939006,2.0945127333739753,0.0,0.5254886627527878,0.8548505756094273,-1.0,1.3181953461106168,-0.23070442124289628,0.5064249328771067,0.4180140941405524,-0.2625142039936721,-1.0,1.3181953461106168,22.188230076933934,0.0,18.96762125302138,514,True
cells_cultured_fibroblasts,excluded_at_or_below_-1,ENSG00000274427.1,ENSG00000274427,-0.6091371388273548,30.527481394357146,-0.22014885884076513,0.7562364109789451,435.87310682653333,3.2265481220505094,0.0,1.122438614596374,0.5300503156353525,-0.8203615650618676,1.5052151431674463,-0.107756741603199,0.41769677253950216,0.5066314620539337,0.025540521168158303,-0.8203615650618676,1.5052151431674463,30.3598352311408,0.0,16.092240246903476,587,True
cells_cultured_fibroblasts,raw,ENSG00000274427.1,ENSG00000274427,-1.6047496098422565,32.660971153057076,-0.2831745301611011,0.8901185914982881,3777.2398332091584,2.841379738594175,0.0,1.138886785404916,0.5142384314746937,-1.0,1.5052151431674463,-0.19670737319183712,0.4781354209224767,0.21968570186173006,-0.24700474035866682,-1.0,1.5052151431674463,32.0842201508242,0.0,16.4989390454486,652,True
cells_ebv-transformed_lymphocytes,excluded_at_or_below_-1,ENSG00000274427.1,ENSG00000274427,0.3332247618254276,9.762698672474453,-0.7425054727756673,0.2125782147267053,244.92387485733462,6.320654115167044,0.0,1.007595118016301,0.601929890674898,-0.8939626338821036,0.207586792958621,-0.6653663906615368,0.1723132335543034,1.8292711542937345,5.254454728447747,-0.8939626338821036,0.207586792958621,9.762604332979599,0.0,5.876403358852695,126,True
cells_ebv-transformed_lymphocytes,raw,ENSG00000274427.1,ENSG00000274427,3.2307692620634887,226.10728427443414,-0.9849216121396184,4.4945227515001824e-05,834.9230769230769,37522.59478875553,,474.44549265561034,,-1.0,0.207586792958621,-0.8710586092457298,0.1949064116021966,1.7099647354995893,3.576337511357104,-1.0,0.207586792958621,0.0,0.0,0.0,327,True
cervix_ectocervix,excluded_at_or_below_-1,ENSG00000274427.1,ENSG00000274427,0.162592220076865,0.8989521431153125,-0.2651768658123572,0.9217430846886867,27.0661604072009,2.999612347468748,0.0,0.4337544861518198,0.9092095161120936,-0.5478853680503364,1.6898828306783016,0.2333193170984401,0.5988777330224442,0.9860154426266635,0.4949681274212647,-0.5478853680503364,1.6898828306783016,0.8889525042018608,0.0,0.8082440761920077,24,True
cervix_ectocervix,raw,ENSG00000274427.1,ENSG00000274427,0.162592220076865,0.8989521431153125,-0.2651768658123572,0.9217430846886867,27.0661604072009,2.999612347468748,0.0,0.4337544861518198,0.9092095161120936,-0.5478853680503364,1.6898828306783016,0.2333193170984401,0.5988777330224442,0.9860154426266635,0.4949681274212647,-0.5478853680503364,1.6898828306783016,0.8889525042018608,0.0,0.8082440761920077,24,True
cervix_endocervix,excluded_at_or_below_-1,ENSG00000274427.1,ENSG00000274427,-0.1956024529648476,1.0209957850294318,0.42171202131261554,1.4852283367768684,19.386636938171762,1.772211985669443,0.0,0.8682739235938537,0.6034885343427184,-0.4901623021396787,2.2829156824308448,0.5895530830820678,0.6721165160639144,0.33035011125571323,-0.012501241442541389,-0.4901623021396787,2.2829156824308448,0.808660603453048,0.0,0.48801740235857816,22,True
cervix_endocervix,raw,ENSG00000274427.1,ENSG00000274427,0.35078541898135984,1.3791435095653561,0.8780830215174088,0.30111970840968083,15.03970918406769,6.597819227512882,3.5263970867505005e-10,8.820447171392027,0.0,-1.0,2.2829156824308448,0.5204420794698039,0.7355695452428408,0.06039395448445922,-0.012184769095036074,-1.0,2.2829156824308448,1.37909512617686,4.863237035301893e-10,0.0,23,True
colon_sigmoid,excluded_at_or_below_-1,ENSG00000274427.1,ENSG00000274427,0.5968118444418151,16.97764063181751,-0.010771448763906939,0.8511230375232336,670.4744964443505,2.7455548548247455,0.0,1.3302648096567136,0.39892879987674285,-0.8113711994871207,1.6415992043670564,0.10042080650754036,0.5234357707184868,0.3712081701698705,-0.3900694592464151,-0.8113711994871207,1.6415992043670564,16.58579572676308,0.0,6.6165515842784055,402,True
colon_sigmoid,raw,ENSG00000274427.1,ENSG00000274427,1.1461667917610534,17.99431666405862,0.0028596569450563595,0.8057812541184719,1051.081983146823,2.876125103824518,0.0,1.7601026590772555,0.19967143537020196,-1.0,1.6415992043670564,0.05577366161343967,0.5568591594432999,0.2228616738830218,-0.39101597406156063,-1.0,1.6415992043670564,17.706572786571442,0.0,3.5354968037816765,419,True
colon_transverse,excluded_at_or_below_-1,ENSG00000274427.1,ENSG00000274427,0.6681589657935793,23.557906811999487,-0.5703286640263562,0.8465230794950509,481.92651066127104,3.517928695173294,0.0,0.5178379012467926,0.8742639275388854,-0.8802972193463208,1.535440868748391,-0.23685805737487126,0.458991460609807,0.9184359793868068,0.5614289435564537,-0.8802972193463208,1.535440868748391,23.509505575948367,0.0,20.553512679325944,435,True
colon_transverse,raw,ENSG00000274427.1,ENSG00000274427,0.22817702735625442,25.32402591671546,-0.6696292895360225,0.9693700959034849,1415.8701450163405,3.2169757835612987,0.0,0.48197766913114076,0.8897164835844882,-1.0,1.535440868748391,-0.3069587786180981,0.489862204372467,0.7701953548565054,0.3529250792060985,-1.0,1.535440868748391,25.180710084567593,0.0,22.40369283060194,479,True
esophagus_gastroesophageal_junction,excluded_at_or_below_-1,ENSG00000274427.1,ENSG00000274427,0.11875879524506198,18.228230147768578,-0.10190387809682004,0.8111489252961811,651.843097611825,3.114979361214632,0.0,1.3214713551715966,0.41305100787364585,-0.8598587571028095,1.6847514251723203,0.0001947709018008329,0.49359787894045615,0.43148231571931983,-0.1484298420141017,-0.8598587571028095,1.6847514251723203,18.085664312190584,0.0,7.4703018722147485,378,True
esophagus_gastroesophageal_junction,raw,ENSG00000274427.1,ENSG00000274427,-0.3585370638452637,19.060744089998778,-0.14345978403742218,0.9166205063639442,1011.7509473226246,2.820666861581611,0.0,1.3215183183467845,0.4064996884199278,-1.0,1.6847514251723203,-0.06185205111443991,0.5355754782289383,0.26073241394950025,-0.27259532108961926,-1.0,1.6847514251723203,18.703892728186233,0.0,7.603126566247456,403,True
esophagus_mucosa,excluded_at_or_below_-1,ENSG00000274427.1,ENSG00000274427,2.5164299729675905,25.276498434134435,-0.15975771777708186,0.8670709297038185,511.92569495526016,3.518898991726604,0.0,1.1082685297364885,0.5401739138925251,-0.8392501579624246,1.997720545385884,0.09593881968201924,0.6001679882267599,0.7251978397988995,0.03946643674553174,-0.8392501579624246,1.997720545385884,25.22458905852828,0.0,13.625664998075788,575,True
esophagus_mucosa,raw,ENSG00000274427.1,ENSG00000274427,2.307763648859615,26.410709990447124,-0.18446432577353408,0.9382921851334185,1503.6315532694366,3.289034577177274,0.0,1.229192387365091,0.46741168284002976,-1.0,1.997720545385884,0.026327070549122252,0.6394106711902621,0.5690721680587363,-0.0645024062114321,-1.0,1.997720545385884,26.29247651336179,0.0,12.289410693142393,614,True
esophagus_muscularis,excluded_at_or_below_-1,ENSG00000274427.1,ENSG00000274427,1.5053917192335717,22.550251125053983,-0.16873218796987435,0.7962004990053368,778.4903243971777,3.110300740668965,0.0,1.1972416080592474,0.48427705461150866,-0.842777743131395,1.582363309673199,0.0045056292486376414,0.5083595192968167,0.5939217399817603,-0.12114037207477679,-0.842777743131395,1.582363309673199,22.37126871530587,0.0,10.833892121370916,524,True
esophagus_muscularis,raw,ENSG00000274427.1,ENSG00000274427,1.3374283497353765,23.801628806781075,-0.19042765446283816,0.8552332187049039,1947.4003627740249,2.931486955722109,0.0,1.3387087472053631,0.4000037442887881,-1.0,1.582363309673199,-0.061745187653678923,0.5510224579855159,0.3976582557949944,-0.21713904370203485,-1.0,1.582363309673199,23.477614967270235,0.0,9.391133893878585,561,True
fallopian_tube,excluded_at_or_below_-1,ENSG00000274427.1,ENSG00000274427,0.4760918305381161,1.1240617756052473,-0.17677306160064132,0.27660896703091614,18.53440175150284,8.126969519606519,0.0,3.184802958122425,0.006273237391356334,-0.7996952848644291,1.4127977809656658,0.12755581811358105,0.5677723090941708,0.4890163089022224,-0.6201164497072917,-0.7996952848644291,1.4127977809656658,1.1240368061954038,0.0,0.007051349721885758,29,True
fallopian_tube,raw,ENSG00000274427.1,ENSG00000274427,0.4760918305381161,1.1240617756052473,-0.17677306160064132,0.27660896703091614,18.53440175150284,8.126969519606519,0.0,3.184802958122425,0.006273237391356334,-0.7996952848644291,1.4127977809656658,0.12755581811358105,0.5677723090941708,0.4890163089022224,-0.6201164497072917,-0.7996952848644291,1.4127977809656658,1.1240368061954038,0.0,0.007051349721885758,29,True
heart_atrial_appendage,excluded_at_or_below_-1,ENSG00000274427.1,ENSG00000274427,0.5815272018236218,23.12449939459548,-0.07001543073002188,0.6403765719391382,191.61914066151496,3.3712665499556493,0.0,1.8080176095683942,0.19230738186084403,-0.888712231288318,1.456543339312471,-0.02297094051170715,0.43783724632990006,0.3759047523442377,-0.055549329830779204,-0.888712231288318,1.456543339312471,23.045767782289307,0.0,4.4318712651850465,455,True
heart_atrial_appendage,raw,ENSG00000274427.1,ENSG00000274427,0.4984695106967535,24.466579329717867,-0.0654429300940847,0.6368919502816681,341.6493121261974,3.3795585310639717,0.0,2.075176617459359,0.11317884025547455,-1.0,1.456543339312471,-0.035687153867303145,0.4488764482836911,0.2947441666454257,-0.04752121887023897,-1.0,1.456543339312471,24.385572568714764,0.0,2.7599308222928505,461,True
heart_left_ventricle,excluded_at_or_below_-1,ENSG00000274427.1,ENSG00000274427,-0.1954673276070945,23.802909552334462,-0.05976742812533703,0.798112465810706,442.3580737840276,3.3933782831397368,0.0,1.4724940134878,0.33610306358156306,-0.8907705094592494,1.8552881059487012,0.015580802391503517,0.48806564554290444,0.4579972430796501,0.07841144762003216,-0.8907705094592494,1.8552881059487012,23.727660641267764,0.0,7.974939433153771,448,True
heart_left_ventricle,raw,ENSG00000274427.1,ENSG00000274427,-0.26460876538761485,25.156451587971954,-0.0425812825017979,0.7711738073168815,362.45174189676163,3.480399104966689,0.0,1.755757939791445,0.21224835014202686,-1.0,1.8552881059487012,0.006593361662375168,0.49513848723295945,0.4126575950240083,0.06575395820166241,-1.0,1.8552881059487012,25.097504981976122,0.0,5.326904025105732,452,True
kidney_cortex,excluded_at_or_below_-1,ENSG00000274427.1,ENSG00000274427,0.5648885296282306,5.620725273267213,0.07271896507951976,0.6777493387389246,115.27886143165229,4.828719172142197,0.0,1.8935388287773676,0.16649612206893236,-0.8347427671689291,2.3868399104222533,0.24892392286886664,0.6290508041083053,0.8931864698913751,0.8510895983460838,-0.8347427671689291,2.3868399104222533,5.620650385636643,0.0,0.9358164927137502,104,True
kidney_cortex,raw,ENSG00000274427.1,ENSG00000274427,0.5648885296282306,5.620725273267213,0.07271896507951976,0.6777493387389246,115.27886143165229,4.828719172142197,0.0,1.8935388287773676,0.16649612206893236,-0.8347427671689291,2.3868399104222533,0.24892392286886664,0.6290508041083053,0.8931864698913751,0.8510895983460838,-0.8347427671689291,2.3868399104222533,5.620650385636643,0.0,0.9358164927137502,104,True
kidney_medulla,excluded_at_or_below_-1,ENSG00000274427.1,ENSG00000274427,0.23076923076923073,9.047859950273205,2.177832025942508,0.011686608760442859,6.9230769230769225,2.8151936829606226,0.019724584494731988,366.93191528700265,0.0,-0.8543760151707611,2.201095886531162,1.0019739802068774,0.9265943171645857,-0.49483623528766957,-0.4424403686308702,-0.8543760151707611,2.201095886531162,8.721227542647432,0.17202258956273309,0.0,11,True
kidney_medulla,raw,ENSG00000274427.1,ENSG00000274427,0.23076923076923073,9.047859950273205,2.177832025942508,0.011686608760442859,6.9230769230769225,2.8151936829606226,0.019724584494731988,366.93191528700265,0.0,-0.8543760151707611,2.201095886531162,1.0019739802068774,0.9265943171645857,-0.49483623528766957,-0.4424403686308702,-0.8543760151707611,2.201095886531162,8.721227542647432,0.17202258956273309,0.0,11,True
liver,excluded_at_or_below_-1,ENSG00000274427.1,ENSG00000274427,0.19447375112408774,10.679596656605138,-0.6481094381910498,0.6673933967118773,213.72365821754425,2.8729774486950004,0.0,0.5071947971046076,0.8773264837842929,-0.8874639935710904,0.7077014726757014,-0.4013134448835847,0.33507170866580704,0.7575484667664608,0.14385047989046384,-0.8874639935710904,0.7077014726757014,10.507319447186063,0.0,9.21834962459807,227,True
liver,raw,ENSG00000274427.1,ENSG00000274427,-4.66589987371964,19.53105714326125,-1.4126384670619598,1.6924799612798618,967.1786306146793,1.771727623499179,0.0,-0.3447951702982511,1.0,-1.0,0.7077014726757014,-0.4812906564449378,0.3726407787066835,0.5746284766656807,-0.10992050660055197,-1.0,0.7077014726757014,14.338589752107499,0.0,14.338589752107499,262,True
lung,excluded_at_or_below_-1,ENSG00000274427.1,ENSG00000274427,0.6211241764206423,33.34264599631642,-0.10364018451009073,0.7316609590497035,561.293690566893,4.501605214925674,0.0,1.5454769900598024,0.3029035930299048,-0.903211908910007,2.2253212089083254,0.010743360436410224,0.49626717349335203,0.7113444371899301,0.5817629071404697,-0.903211908910007,2.2253212089083254,33.34130632419562,0.0,10.099201481909542,544,True
lung,raw,ENSG00000274427.1,ENSG00000274427,-0.27631497441315245,33.1476763735478,-0.22004542094922006,0.9669275775441036,2848.5955860636336,3.576556024705367,0.0,1.1407496997139894,0.5209050036326287,-1.0,2.2253212089083254,-0.08966160914336563,0.5597585217691758,0.40439636972252047,0.1478386550731261,-1.0,2.2253212089083254,33.09234938178013,0.0,17.2379703749284,604,True
minor_salivary_gland,excluded_at_or_below_-1,ENSG00000274427.1,ENSG00000274427,-0.38041127311159595,8.474964842342766,-0.051355775006220614,0.7877104821476419,92.49649098692585,2.6233903948060204,0.0,1.4590895801637889,0.3232335544251629,-0.8640619936899032,1.4098606690551256,0.005812063557155352,0.45378170049175753,0.2655532018870633,-0.5076088142277277,-0.8640619936899032,1.4098606690551256,8.20351202237016,0.0,2.6516503497602635,177,True
minor_salivary_gland,raw,ENSG00000274427.1,ENSG00000274427,-0.32531139266244186,8.952209449898474,-0.04518131511809122,0.7700950946395149,87.57109472049636,2.6720597523131344,0.0,1.753442585424243,0.19222067640446194,-1.0,1.4098606690551256,-0.0164158273501851,0.47257416634211397,0.1566327283195228,-0.45363896062391884,-1.0,1.4098606690551256,8.700113279509724,0.0,1.6723416593828009,181,True
muscle_skeletal,excluded_at_or_below_-1,ENSG00000274427.1,ENSG00000274427,0.5464750057414063,38.8672279515283,-0.6184610738897229,0.6242857667479681,560.3404501007014,3.6203127619801245,0.0,0.5935755620108116,0.8382511913430892,-0.8804871106298621,0.9796778413443246,-0.3999882592503556,0.3385773207066775,0.9565166122202032,0.9556838683749866,-0.8804871106298621,0.9796778413443246,38.81169214305291,0.0,32.533947176955316,691,True
muscle_skeletal,raw,ENSG00000274427.1,ENSG00000274427,-7.060344865630838,72.28267018615603,-1.6526736069993917,1.5751384187286723,10082.800959475631,2.3634158591502197,0.0,-0.5859928599586164,1.0,-1.0,0.9796778413443246,-0.4931441163105082,0.37959111149612795,0.710380784215805,0.41799490116424787,-1.0,0.9796778413443246,56.452162416191726,0.0,56.452162416191726,818,True
nerve_tibial,excluded_at_or_below_-1,ENSG00000274427.1,ENSG00000274427,0.0748567170005974,27.22637808797785,-0.10810054789224141,0.8357497916658767,797.5099677651585,2.715173226085862,0.0,1.1892016571357353,0.48003846387793264,-0.8108763263483273,1.496470019391972,0.01917470137692046,0.48294257589272793,0.45641551006143055,-0.2927915539345358,-0.8108763263483273,1.496470019391972,26.54369813440193,0.0,12.741996078077849,618,True
nerve_tibial,raw,ENSG00000274427.1,ENSG00000274427,-0.3725172765325483,29.060622387193284,-0.1413551467073346,0.9218498576831397,2692.735445196963,2.512594153363473,0.0,1.3172505117484417,0.3941780807161418,-1.0,1.496470019391972,-0.05992542470009425,0.5381226024306733,0.22029409906751846,-0.37956895570221016,-1.0,1.496470019391972,27.82346091244286,0.0,10.967398421347319,670,True
ovary,excluded_at_or_below_-1,ENSG00000274427.1,ENSG00000274427,0.34797092697119986,9.741032545518818,0.4567610890500618,0.7691558535224693,81.7186488439597,3.2491443294783595,0.0,2.3358131337777626,0.06055834048917671,-0.8136300261115478,2.223890500370409,0.43161129445308566,0.5647301159557844,0.06882401114762725,0.012497271783700192,-0.8136300261115478,2.223890500370409,9.691254095070093,0.0,0.5868862652563829,187,True
ovary,raw,ENSG00000274427.1,ENSG00000274427,0.9829471207193796,9.918777241435642,0.4657448370838662,0.7058554409954334,108.37663366896568,3.522525006169579,0.0,2.9366866176721262,0.011407836351762995,-1.0,2.223890500370409,0.38710524384832656,0.6091058701484807,-0.13349525012794697,0.043296298511485976,-1.0,2.223890500370409,9.898664886589264,0.0,0.11292234912715293,193,True
pancreas,excluded_at_or_below_-1,ENSG00000274427.1,ENSG00000274427,0.6652651776047718,18.128833394041163,-0.5805425461857527,0.5688472947392592,225.2958002337529,4.115038720452264,0.0,0.7972760725425276,0.7276743320281105,-0.9012355087572071,1.0746732614950818,-0.38988644181442866,0.3633795794974495,1.1333873914544133,1.685260385764341,-0.9012355087572071,1.0746732614950818,18.124990992682964,0.0,13.189090713616094,318,True
pancreas,raw,ENSG00000274427.1,ENSG00000274427,-0.4414317107546948,20.877720883706793,-0.840374810560491,0.8880562421163959,1128.852535985334,3.049679544668376,0.0,0.2542002376603309,0.967900750455373,-1.0,1.0746732614950818,-0.4640438908756583,0.3947225111928163,0.8966823419159954,1.1126757982927336,-1.0,1.0746732614950818,20.678148445783552,0.0,20.01439539870151,362,True
pituitary,excluded_at_or_below_-1,ENSG00000274427.1,ENSG00000274427,1.4770080328312638,14.016727154028494,0.1184427482832287,0.6541145360595619,395.256154471297,3.5125796183188345,0.0,1.9740125916503692,0.1407100015628478,-0.794594974531697,1.743112068773553,0.18189515551083285,0.5135222104264979,0.34968646383959706,-0.12802676492245313,-0.794594974531697,1.743112068773553,13.987249419828538,0.0,1.9681458877240154,309,True
pituitary,raw,ENSG00000274427.1,ENSG00000274427,1.4385251436329383,15.481581676911627,0.12656376572731737,0.6427610039442585,452.37746761989183,3.55675674219567,0.0,2.478684529075513,0.04462064612060831,-1.0,1.743112068773553,0.16679106406660496,0.5272608751041339,0.26037869577642425,-0.09943814741400514,-1.0,1.743112068773553,15.453861870314402,0.0,0.689561301712061,313,True
prostate,excluded_at_or_below_-1,ENSG00000274427.1,ENSG00000274427,-0.9598348532096022,14.48246710338631,0.843348970095409,1.026363561656879,362.28083681952853,2.165327369405261,0.01619207541494685,2.2418328144628568,0.0,-0.7836581335773345,2.414832351492646,0.8233747086233596,0.6231069910168184,-0.10038081220299086,-0.45311000504129595,-0.7836581335773345,2.414832351492646,13.308883700756432,0.2154984485714051,0.0,282,True
prostate,raw,ENSG00000274427.1,ENSG00000274427,-0.9598348532096022,14.48246710338631,0.843348970095409,1.026363561656879,362.28083681952853,2.165327369405261,0.01619207541494685,2.2418328144628568,0.0,-0.7836581335773345,2.414832351492646,0.8233747086233596,0.6231069910168184,-0.10038081220299086,-0.45311000504129595,-0.7836581335773345,2.414832351492646,13.308883700756432,0.2154984485714051,0.0,282,True
skin_not_sun_exposed_suprapubic,excluded_at_or_below_-1,ENSG00000274427.1,ENSG00000274427,0.5813322861813544,29.08984434099448,-0.5171104417902598,0.7808628363153014,1080.1288120790914,3.2911603119279573,0.0,0.6190583856557916,0.8248451628248037,-0.8589256383980431,1.3001149365521516,-0.2497607924242395,0.41149496849076406,0.7676606587749208,0.11134288246977952,-0.8589256383980431,1.3001149365521516,28.960508725242924,0.0,23.887935534962146,569,True
skin_not_sun_exposed_suprapubic,raw,ENSG00000274427.1,ENSG00000274427,14.589743589742207,165.65769091491973,-0.9836013560379352,0.013027311130022194,6615.435897437472,247.91474782162527,0.0,1.780197345731189,0.20634803894052603,-1.0,1.3001149365521516,-0.34426096910812953,0.45828976171413116,0.5595368545771265,-0.12125350242072486,-1.0,1.3001149365521516,164.60740710800277,0.0,33.96641565182118,651,True
skin_sun_exposed_lower_leg,excluded_at_or_below_-1,ENSG00000274427.1,ENSG00000274427,0.12446689828540897,32.681497666643175,-0.5422807117676443,0.8203979421055798,1422.2552809325775,3.086336993337005,0.0,0.5816867254719539,0.8430161546705215,-0.8797223862248904,1.2481309950251998,-0.26792846140018406,0.4120108850388709,0.7450791628395728,0.1132374446972344,-0.8797223862248904,1.2481309950251998,32.40232610084824,0.0,27.31568435191736,647,True
skin_sun_exposed_lower_leg,raw,ENSG00000274427.1,ENSG00000274427,16.58974358974359,233.59473825370358,-0.9827023042550564,0.011089105160941186,8387.435897435898,284.5021903433628,0.0,2.2060063066645563,0.08930420172481274,-1.0,1.2481309950251998,-0.37181659751448154,0.45932432557107916,0.57616923800445,-0.1415649310436864,-1.0,1.2481309950251998,229.5366137921499,0.0,20.498584061324586,754,True
small_intestine_terminal_ileum,excluded_at_or_below_-1,ENSG00000274427.1,ENSG00000274427,0.47639416988150657,9.21035377765897,-0.6408142712818674,0.8636594468867069,114.4411483846014,3.186218190985117,0.0,0.36609394997571976,0.9347774906885084,-0.8643876457402759,1.3050074304057828,-0.2357050415142309,0.4642160559758195,0.9686880891152764,0.6449231222537586,-0.8643876457402759,1.3050074304057828,9.152824555097162,0.0,8.555854370325887,186,True
small_intestine_terminal_ileum,raw,ENSG00000274427.1,ENSG00000274427,0.24703511033464154,9.939658350047422,-0.7139806472329748,0.979092145263004,363.1986504390116,2.916252913967897,0.0,0.41313011215675394,0.9170222391582601,-1.0,1.3050074304057828,-0.3132422112156858,0.49702736223444915,0.8099700563590922,0.4216052288949146,-1.0,1.3050074304057828,9.798181110623432,0.0,8.985149981742067,207,True
spleen,excluded_at_or_below_-1,ENSG00000274427.1,ENSG00000274427,-0.3153308766815277,12.62862140865954,0.11180654872777598,0.8577275945538082,299.0784194188125,2.676939165395399,0.0,1.4702955959862831,0.3204089616397621,-0.7799350795395874,1.7353835332735694,0.18367169413065237,0.5067110012036724,0.3082108871925291,-0.40958970020888774,-0.7799350795395874,1.7353835332735694,12.277605616594492,0.0,3.933854867035553,270,True
spleen,raw,ENSG00000274427.1,ENSG00000274427,0.024664038214633532,13.55676312651877,0.12347452190631311,0.8071503924081104,277.93242562882097,2.824236482603828,0.0,1.968447170198727,0.12791611964602437,-1.0,1.7353835332735694,0.15375941305153842,0.5337421924716417,0.14849961953919416,-0.3192638614665668,-1.0,1.7353835332735694,13.305503765188728,0.0,1.7019884115785089,277,True
stomach,excluded_at_or_below_-1,ENSG00000274427.1,ENSG00000274427,0.09342135570691093,16.555235019608233,-0.38640955528166643,0.7017015943152045,507.6811036056379,2.9297760823462915,0.0,0.9677327236617226,0.6209097814115301,-0.8665771997815129,1.067280751944069,-0.23824989064391686,0.39189668151582385,0.5699827521851526,-0.04925478603788713,-0.8665771997815129,1.067280751944069,16.328727650074956,0.0,10.138666715936449,358,True
stomach,raw,ENSG00000274427.1,ENSG00000274427,-6.3919203832255045,23.632172688218663,-0.7090576268618541,1.4209621034688265,2028.3308785722036,1.767902057724571,0.0,0.2895606075324205,0.9480597755171282,-1.0,1.067280751944069,-0.3299593632690963,0.4434496075297031,0.36343493782608816,-0.32251986351060635,-1.0,1.067280751944069,18.679770517093473,0.0,17.709539043147107,407,True
testis,excluded_at_or_below_-1,ENSG00000274427.1,ENSG00000274427,0.22255091151068002,16.39522054272053,-0.13706400699643215,0.6310250369999701,402.1160697631784,2.513255925264701,0.0,1.5850011022051047,0.25301128419865687,-0.8442947999791013,0.984356021368531,-0.09775291338187492,0.3939636220541308,0.2457271842307643,-0.3957869419464668,-0.8442947999791013,0.984356021368531,15.69836376542121,0.0,3.9718631761068828,385,True
testis,raw,ENSG00000274427.1,ENSG00000274427,2.5074742989166623,15.537140275198574,-0.15190595158767195,0.5775460626165385,1074.9004247981131,2.7823184964389327,0.0,2.0766934155846726,0.09692493078899642,-1.0,0.984356021368531,-0.16095379626092232,0.4443713071947929,0.0008205763597382595,-0.4297600501108172,-1.0,0.984356021368531,15.213270811279012,0.0,1.4745452204574776,414,True
thyroid,excluded_at_or_below_-1,ENSG00000274427.1,ENSG00000274427,1.7121607674674113,39.233721545494156,1.8427610273817425,0.8101578083749067,454.0132458759244,2.6370138737264086,0.029967853981073732,3.7269115031222566,0.0,-0.2922676102379747,3.353422102507813,1.7841739031953254,0.6292230878013999,-0.31185780835700017,0.04959729160669468,-0.2922676102379747,3.353422102507813,39.195824778556705,1.174614753631539,0.0,684,True
thyroid,raw,ENSG00000274427.1,ENSG00000274427,1.7121607674674113,39.233721545494156,1.8427610273817425,0.8101578083749067,454.0132458759244,2.6370138737264086,0.029967853981073732,3.7269115031222566,0.0,-0.2922676102379747,3.353422102507813,1.7841739031953254,0.6292230878013999,-0.31185780835700017,0.04959729160669468,-0.2922676102379747,3.353422102507813,39.195824778556705,1.174614753631539,0.0,684,True
uterus,excluded_at_or_below_-1,ENSG00000274427.1,ENSG00000274427,-2.14278302162812,8.048007702202975,0.398443024280383,1.4838918266051315,160.50173201034096,1.7822602984142462,0.0,1.0336150990734472,0.47989965719952415,-0.686098262961285,2.268515239725597,0.4968745385752802,0.6281150548780375,0.28711414880085034,-0.7683852285913613,-0.686098262961285,2.268515239725597,6.403897126032042,0.0,3.073228035523795,147,True
uterus,raw,ENSG00000274427.1,ENSG00000274427,-1.544805191568333,8.147830446000336,0.408995164150155,1.3404885855835964,184.14642898843894,1.9617910504168439,0.0,1.4864879058942122,0.216965237340323,-1.0,2.268515239725597,0.4381735762782104,0.6811259867148772,0.05594004872757952,-0.549023023763636,-1.0,2.268515239725597,6.958435177802756,0.0,1.5097385398692276,153,True
vagina,excluded_at_or_below_-1,ENSG00000274427.1,ENSG00000274427,0.8031299796728301,6.180670074104718,0.0395353555021463,0.8721085917409995,180.65063854280572,2.8852261200183684,0.0,1.3771344743511864,0.3777304949641119,-0.8097075304514156,1.818778996866505,0.19508334556556328,0.6017471017810228,0.4497701804323355,-0.3124432414873852,-0.8097075304514156,1.818778996866505,6.084388883685921,0.0,2.298259224588823,165,True
vagina,raw,ENSG00000274427.1,ENSG00000274427,0.9370570193613903,6.590802851092887,0.06250513832068222,0.8295260544815294,228.97525197123235,2.994175163731561,0.0,1.8114068492319646,0.18464720233995024,-1.0,1.818778996866505,0.15993383540187026,0.626417532181604,0.34982869073146255,-0.32557171732872536,-1.0,1.818778996866505,6.516286508416748,0.0,1.2032140734247152,170,True
whole_blood,excluded_at_or_below_-1,ENSG00000274427.1,ENSG00000274427,-0.614612866434033,27.375821813551926,-0.860267854479466,1.2095694617748214,249.83985689671945,2.789064519317089,0.0,-0.05373808177636333,1.0,-0.8143059542541738,1.5252044385628023,-0.1861116150567036,0.46107235673679353,0.8398488351405585,0.26173701944498884,-0.8143059542541738,1.5252044385628023,26.77630121731666,0.0,26.77630121731666,453,True
whole_blood,raw,ENSG00000274427.1,ENSG00000274427,11.615384615384594,374.91634421514254,-0.9718136095651475,0.010552157201403279,4301.230769231059,334.6535425650528,0.0,3.777575984369417,0.0008093261541667823,-1.0,1.5252044385628023,-0.5408574864516646,0.5318783050699731,1.0429332004868097,0.3462304832753511,-1.0,1.5252044385628023,369.06446294484124,0.0,0.2986935224347764,803,True
adipose_subcutaneous,excluded_at_or_below_-1,ENSG00000274441.1,ENSG00000274441,1.356401897809677,22.860772266386714,-0.7754630049886766,0.06656975889949128,202.40425930534323,23.600792995798187,0.0,2.757502683712158,0.02233049804020373,-0.9052639726101356,0.3354718222312898,-0.6663458450274355,0.20475239970208126,2.2505992895065954,6.243313254028413,-0.9052639726101356,0.3354718222312898,22.858289364788426,0.0,0.5104369858628177,141,True
adipose_subcutaneous,raw,ENSG00000274441.1,ENSG00000274441,3.6153846443552595,612.457943489881,-0.9850588985701371,0.006488913045718728,1525.230769231583,287.80050552840265,0.0,3.2563093587523544,0.005035413775401407,-1.0,0.3354718222312898,-0.9341103139339892,0.16093319599640155,3.3513922006213055,14.599221737974482,-1.0,0.3354718222312898,606.051237478085,0.0,3.051718749796208,714,True
adipose_visceral_omentum,excluded_at_or_below_-1,ENSG00000274441.1,ENSG00000274441,1.7976313539649293,22.538483767992872,-0.7763863517327223,0.0895744919028553,312.44081082707237,17.53601021316315,0.0,2.1383787155710707,0.10163921042829302,-0.9118285452170938,0.3343222757616662,-0.6588472913095033,0.2112331599941782,1.954072485020945,4.609468825975353,-0.9118285452170938,0.3343222757616662,22.538351315873456,0.0,2.2907802321008575,185,True
adipose_visceral_omentum,raw,ENSG00000274441.1,ENSG00000274441,4.8684221571273385,385.2531600985697,-0.9833413081004273,0.012909313379811256,2024.0801696891003,144.34987021518538,0.0,1.8249574801255026,0.1904394304811373,-1.0,0.3343222757616662,-0.8924816846546134,0.1979218161248541,2.4217746359663455,7.2758428798392405,-1.0,0.3343222757616662,382.6370386020271,0.0,72.86917971235889,587,True
adrenal_gland,excluded_at_or_below_-1,ENSG00000274441.1,ENSG00000274441,0.7601799247051448,1.7281123162000567,-0.8424897977777062,0.03075969932982763,29.169170220471017,11.355442875803124,0.0,2.23304666169958,0.08264509448578926,-0.891059437986851,-0.5955044640841036,-0.7772696736159408,0.08162683816004716,0.7285973245590984,-0.4925123102858646,-0.891059437986851,-0.5955044640841036,1.7280278354796774,0.0,0.14281302373729188,43,True
adrenal_gland,raw,ENSG00000274441.1,ENSG00000274441,1.1025641025648911,271.5597046642449,-0.995498684317764,0.001972449113347091,67.58974359004742,286.7892749665837,0.0,3.227369285861495,0.005544961928476935,-1.0,-0.5955044640841036,-0.9675342236118152,0.08455735039057419,2.6133639463377953,5.979249008956584,-1.0,-0.5955044640841036,268.02795702886425,0.0,1.4862048174925027,295,True
artery_aorta,excluded_at_or_below_-1,ENSG00000274441.1,ENSG00000274441,0.05712732617860547,4407.09360489376,-2.516451082904068,0.6696065153361959,14.886992813942419,5.307851213331273,0.0,-3.651610978367597,1.0,-0.7874742383565607,-0.0032721335254887,-0.6466399719779419,0.16960267180860497,2.532311728644836,6.709148952562703,-0.7874742383565607,-0.0032721335254887,5.602650077835254,0.0,5.602650077835255,37,True
artery_aorta,raw,ENSG00000274441.1,ENSG00000274441,0.9487179487179488,526.0470116967155,-0.9875586402039138,4.04584778163006e-05,99.89743589743588,34405.43001458734,,434.8838786737443,,-1.0,-0.0032721335254887,-0.972300167294881,0.10601174001337171,4.850606242843345,29.481921873061054,-1.0,-0.0032721335254887,0.0,0.0,0.0,472,True
artery_coronary,excluded_at_or_below_-1,ENSG00000274441.1,ENSG00000274441,0.238495796718189,3.3924123276697107,-0.7502706100058912,0.07805665004884525,19.844938532579672,8.66997989507228,0.0,3.2754459459263976,0.00468091812140362,-0.9310568397221886,-0.2717363881557105,-0.707530106106695,0.13136281974939623,1.5246687015332598,2.4500072489654423,-0.9310568397221886,-0.2717363881557105,3.3923714024084837,0.0,0.015879412772065282,38,True
artery_coronary,raw,ENSG00000274441.1,ENSG00000274441,1.402656055067627,225.31135209841975,-0.9909013084055869,0.0067366433547993545,91.3733434113937,150.97322661081157,0.0,1.9100748510758334,0.16258213635495777,-1.0,-0.2717363881557105,-0.9585303881793075,0.11331008840930569,3.0730873945529344,10.18180942621954,-1.0,-0.2717363881557105,223.60077668483456,0.0,36.353491964048125,268,True
artery_tibial,excluded_at_or_below_-1,ENSG00000274441.1,ENSG00000274441,0.8692442081090069,6.580267764775773,-0.7531447881457219,0.012353799593966172,32.84455071112701,42.038247787635484,0.0,11.906706045037142,0.0,-0.8571552885526242,-0.3859215467149971,-0.69277197081403,0.0989220086725455,1.1958897727060183,1.4440901367104937,-0.8571552885526242,-0.3859215467149971,6.579079713079533,0.0,0.0,47,True
artery_tibial,raw,ENSG00000274441.1,ENSG00000274441,1.2051282002318613,645.8357425803796,-0.9921260293920454,0.0028819948773033954,126.35897436051553,297.468468013171,0.0,3.8638084027116766,0.0005805112197564212,-1.0,-0.3859215467149971,-0.9791031586516056,0.08151355681575058,4.115207034065967,17.282433112340605,-1.0,-0.3859215467149971,637.5539786461085,0.0,0.37010723780441146,691,True
bladder,excluded_at_or_below_-1,ENSG00000274441.1,ENSG00000274441,,,,,,,,,,-0.8968367618787805,-0.2113577170398676,,,,,,,,,,7,False
bladder,raw,ENSG00000274441.1,ENSG00000274441,0.17948717948723833,74.37242539218305,-0.9908966911460193,0.003003121555918287,7.743589743760327,367.0962260607626,0.0,4.286880368994761,0.00010233499387147973,-1.0,-0.2113577170398676,-0.9728730898141223,0.10822640435133525,5.3012935339427845,31.535800478942626,-1.0,-0.2113577170398676,74.26742795509323,0.0,0.007600156784635048,77,True
brain_amygdala,excluded_at_or_below_-1,ENSG00000274441.1,ENSG00000274441,0.6144614913450503,10.580677012629323,-0.8396304476228195,0.027619126733794387,38.53014606235114,25.84767960510589,0.0,3.2677236277625763,0.004800920942503046,-0.9034480176189263,-0.3348337480423111,-0.7778825402281399,0.13197725743048025,2.000192470657206,3.186543201398461,-0.9034480176189263,-0.3348337480423111,10.58002804270333,0.0,0.05079387820248393,61,True
brain_amygdala,raw,ENSG00000274441.1,ENSG00000274441,1.5641025669713042,119.46734964592615,-0.9916878734643599,2.6327603818512786e-05,289.58974358974365,35283.57609283767,,446.49418761754,,-1.0,-0.3348337480423111,-0.9251427345520252,0.12996436405468398,2.232675432019975,5.622892943167619,-1.0,-0.3348337480423111,0.0,0.0,0.0,181,True
brain_anterior_cingulate_cortex_ba24,excluded_at_or_below_-1,ENSG00000274441.1,ENSG00000274441,1.0890942502694798,10.590512142680618,-0.839755593878033,0.04436912479647643,102.68871387578798,23.502358732504465,0.0,2.6720805228116604,0.02815625975679059,-0.923588670675798,-0.1023994297466185,-0.7413419355099745,0.14621843642558519,1.6669776727207175,3.588170588436297,-0.923588670675798,-0.1023994297466185,10.590283574950568,0.0,0.2981827752343811,84,True
brain_anterior_cingulate_cortex_ba24,raw,ENSG00000274441.1,ENSG00000274441,2.153846154001878,172.55015098351865,-0.9904822202497037,0.00423835048130232,395.07692307746,296.3272462672068,0.0,3.1758046593667695,0.006555706742529654,-1.0,-0.1023994297466185,-0.9067498823297762,0.15211710457606817,1.926483864360352,4.2511379713720965,-1.0,-0.1023994297466185,169.90503402635932,0.0,1.1138475771563265,233,True
brain_caudate_basal_ganglia,excluded_at_or_below_-1,ENSG00000274441.1,ENSG00000274441,0.5001228711961778,11.746145897483446,-0.8568946627712101,0.17490156151207142,184.46667240173718,7.176569404333182,0.0,0.5475175617288424,0.8608197339482133,-0.9246083936033238,0.0306609571956752,-0.7572312247229571,0.14200986413213748,1.98895721651606,6.5562773142178585,-0.9246083936033238,0.0306609571956752,11.745939454949442,0.0,10.111136476581398,128,True
brain_caudate_basal_ganglia,raw,ENSG00000274441.1,ENSG00000274441,3.2820512827160346,252.5600632082996,-0.9892518696721557,0.003361596304331692,887.8974358974359,429.0742913823862,0.0,4.521706446489391,3.6911696600443296e-05,-1.0,0.0306609571956752,-0.8964186558817953,0.1517605726622004,1.8632925628039376,4.948654421739348,-1.0,0.0306609571956752,248.56803145812577,0.0,0.009175067761751698,300,True
brain_cerebellar_hemisphere,excluded_at_or_below_-1,ENSG00000274441.1,ENSG00000274441,0.1941396619387937,4.025860039260237,-0.7833895725125118,0.12649852376499188,67.63622267795314,5.861043760759653,0.0,1.118200592627033,0.5351617431681257,-0.8834103388266885,-0.2591311414068186,-0.7324991663758107,0.12793196453375075,2.021096774743849,4.7331527340636725,-0.8834103388266885,-0.2591311414068186,4.025859663013588,0.0,2.154486075008595,58,True
brain_cerebellar_hemisphere,raw,ENSG00000274441.1,ENSG00000274441,1.5084870045152692,204.08629537248325,-0.9907454812516232,0.007624782774295656,347.453193747408,135.69683917070526,0.0,1.7164903335098147,0.23060548451135987,-1.0,-0.2591311414068186,-0.9439889951256211,0.12356671625384028,2.580244217096258,7.7135322521244625,-1.0,-0.2591311414068186,202.84056496279462,0.0,46.77614676180321,277,True
brain_cerebellum,excluded_at_or_below_-1,ENSG00000274441.1,ENSG00000274441,0.9767805133351974,5.756842538862972,-0.742853638139509,0.10056921998602171,88.8349264243965,9.249430736404493,0.0,2.116409081956935,0.10650585010685278,-0.8933582127007793,-0.0850972290480733,-0.6505307619816079,0.1713546415436471,1.2362934867612663,1.3387202092584314,-0.8933582127007793,-0.0850972290480733,5.75662184685267,0.0,0.6131139035427244,89,True
brain_cerebellum,raw,ENSG00000274441.1,ENSG00000274441,,,,,,,,,,,,,,,,,,,,,266,False
brain_cortex,excluded_at_or_below_-1,ENSG00000274441.1,ENSG00000274441,0.982783805004879,10.461758738192499,-0.8376852521758942,0.05448194051852061,96.12368313401029,16.948719305036313,0.0,1.4057439568512768,0.3723016415093079,-0.8918409049564576,-0.1847434747737616,-0.7435893863488406,0.1491981416613499,1.7624176913410297,2.9878895585524727,-0.8918409049564576,-0.1847434747737616,10.461683967198114,0.0,3.894902113939467,92,True
brain_cortex,raw,ENSG00000274441.1,ENSG00000274441,2.3589743432484833,248.7081804883433,-0.9921970557194473,0.004048578346121779,544.974358974609,282.05253981412324,0.0,2.7256554485527755,0.02456213002262801,-1.0,-0.1847434747737616,-0.912630457570716,0.14951357139273558,2.097922134198149,4.900323921259755,-1.0,-0.1847434747737616,246.71427441954745,0.0,6.0598280867312795,270,True
brain_frontal_cortex_ba9,excluded_at_or_below_-1,ENSG00000274441.1,ENSG00000274441,0.8168315271707002,6.46869822077125,-0.9000599201529349,0.17835911471322186,70.28333799488155,4.740152974526907,0.0,-0.19465373063780828,1.0,-0.875510398075147,-0.302236853937127,-0.7190199122231722,0.14027199635875234,1.1444241469702703,0.5273518593127475,-0.875510398075147,-0.302236853937127,6.347216596799985,0.0,6.347216596799985,93,True
brain_frontal_cortex_ba9,raw,ENSG00000274441.1,ENSG00000274441,2.3846153846155036,191.70836904138616,-0.9916606061833407,0.0012153094997004133,315.23076923532466,802.258536520195,0.0,9.704263679661114,0.0,-1.0,-0.302236853937127,-0.9028581852667473,0.1570972531696454,1.6428747342106922,2.0778615472483173,-1.0,-0.302236853937127,187.30614990452412,0.0,0.0,269,True
brain_hippocampus,excluded_at_or_below_-1,ENSG00000274441.1,ENSG00000274441,1.1908495157750032,20.449739817390977,-0.840582287839026,0.018188516660713982,124.08212213527379,48.54591990428699,0.0,7.841327871495279,4.4524746000160675e-14,-0.9414313578999068,-0.2162223633682516,-0.7891140913099208,0.11314876354282609,2.7946099195107665,10.322367240728223,-0.9414313578999068,-0.2162223633682516,20.44168507068898,0.0,9.101608355877033e-13,84,True
brain_hippocampus,raw,ENSG00000274441.1,ENSG00000274441,,,,,,,,,,,,,,,,,,,,,255,False
brain_hypothalamus,excluded_at_or_below_-1,ENSG00000274441.1,ENSG00000274441,0.36814032338403324,3.304265709220167,-0.8739650697351415,0.09497153529971657,37.66328927571867,5.563829084772844,0.0,0.323067247355718,0.9491528312353628,-0.8956606561039642,-0.500326035020036,-0.7921812794790157,0.10004915680010486,1.5722965741390196,1.8385799260041598,-0.8956606561039642,-0.500326035020036,3.3042624904331377,0.0,3.136250097939423,50,True
brain_hypothalamus,raw,ENSG00000274441.1,ENSG00000274441,1.282051278010177,256.5142881418289,-0.9951106115591207,0.002887696382428202,107.89743596504806,242.31462242793458,0.0,2.394517473124091,0.05696878282436065,-1.0,-0.500326035020036,-0.9595683423110924,0.09332801102915728,2.616779679118367,7.1664160412669276,-1.0,-0.500326035020036,256.10287870407427,0.0,14.589869277585944,257,True
brain_nucleus_accumbens_basal_ganglia,excluded_at_or_below_-1,ENSG00000274441.1,ENSG00000274441,0.9126401093635788,11.708354390257977,-0.8456646308758524,0.07168345985168542,135.610976218281,14.024728829470416,0.0,1.7412717134861324,0.21958736273647694,-0.93392596868618,-0.1347811315752776,-0.77551770576855,0.1285561261274097,1.9560857922254153,5.329475479595846,-0.93392596868618,-0.1347811315752776,11.70825519336122,0.0,2.5709848801558497,108,True
brain_nucleus_accumbens_basal_ganglia,raw,ENSG00000274441.1,ENSG00000274441,2.7692308011528723,190.9761648395111,-0.9880678605120674,0.0036869749719652266,644.9230769231151,327.2953230849228,0.0,4.576812595765324,2.8569469468221917e-05,-1.0,-0.1347811315752776,-0.9149330253438714,0.13464025809914165,1.9739967844207311,5.003077055998606,-1.0,-0.1347811315752776,188.9937171472631,0.0,0.005399450231724501,285,True
brain_putamen_basal_ganglia,excluded_at_or_below_-1,ENSG00000274441.1,ENSG00000274441,1.00509307335145,5.079645684330596,-0.8373518064463659,0.0672783154242828,76.75762555286171,7.769349670054847,0.0,2.0641083998406575,0.11880613696430146,-0.9355475384695856,-0.4677408992603425,-0.7756769254028669,0.10654599449023072,1.049037453818836,0.3862411757218922,-0.9355475384695856,-0.4677408992603425,5.079597287180918,0.0,0.6034873310243103,91,True
brain_putamen_basal_ganglia,raw,ENSG00000274441.1,ENSG00000274441,2.33333334173561,173.8778695570007,-0.9926054755572924,0.0026370204387908946,226.6666667785733,281.4807922189237,0.0,3.965625977086353,0.0003892295830754576,-1.0,-0.4677408992603425,-0.9196322842978775,0.12511342991911642,1.4997771670362428,1.4884201175919927,-1.0,-0.4677408992603425,171.8461602070771,0.0,0.06688760929051885,254,True
brain_spinal_cord_cervical_c-1,excluded_at_or_below_-1,ENSG00000274441.1,ENSG00000274441,0.5860369765023841,4.497317401529385,-0.7803902375170434,0.07336890004485626,65.9540801422446,11.559437646920642,0.0,1.9058911273958783,0.16264285120133723,-0.8792671959501404,-0.180690695767122,-0.6805574794109723,0.17028121741134417,1.383025923724498,1.120140317717948,-0.8792671959501404,-0.180690695767122,4.497263813260722,0.0,0.7314478091933221,56,True
brain_spinal_cord_cervical_c-1,raw,ENSG00000274441.1,ENSG00000274441,1.4358974349831706,146.69197456633893,-0.9897985232338077,0.0013507626258991907,177.5897435897438,847.1149860723302,0.0,10.680682543596701,0.0,-1.0,-0.180690695767122,-0.9123098963088945,0.16816206384881577,2.1581375846910817,4.529931791482717,-1.0,-0.180690695767122,118.26540275734176,0.0,0.0,204,True
brain_substantia_nigra,excluded_at_or_below_-1,ENSG00000274441.1,ENSG00000274441,0.3461582208510075,5.462198251525918,-0.9618178036763259,0.19175033424767066,23.82744886224403,4.440318355722573,0.0,-0.5985539849907974,1.0,-0.8806610889191375,-0.3597640887853868,-0.7528505198003272,0.12189510112507983,1.3381804287386947,1.1362421839861039,-0.8806610889191375,-0.3597640887853868,4.566081062368717,0.0,4.566081062368713,53,True
brain_substantia_nigra,raw,ENSG00000274441.1,ENSG00000274441,,,,,,,,,,,,,,,,,,,,,183,False
breast_mammary_tissue,excluded_at_or_below_-1,ENSG00000274441.1,ENSG00000274441,0.5128221254835575,9.753952888248039,-0.7936325545825044,0.06831803032324776,100.08939979494613,13.55051310727638,0.0,2.022124848101057,0.12944771581522577,-0.891317649935532,-0.1390324361922907,-0.7413541723242368,0.12407417796998581,2.2182776248720297,6.296196285103889,-0.891317649935532,-0.1390324361922907,9.753794559387579,0.0,1.262606426243699,82,True
breast_mammary_tissue,raw,ENSG00000274441.1,ENSG00000274441,2.102564102564102,459.78198350825267,-0.9901817005440162,0.0036406123365564785,467.58974358974365,330.6330699270868,0.0,3.813966159117732,0.0006970102605029409,-1.0,-0.1390324361922907,-0.9587374360517263,0.10685490531005316,3.1446386350397044,12.142922153274432,-1.0,-0.1390324361922907,457.7366062466983,0.0,0.3190471111617432,514,True
cells_cultured_fibroblasts,excluded_at_or_below_-1,ENSG00000274441.1,ENSG00000274441,0.9402987025971775,5.703398356264291,-0.7931015464794214,0.05207487210661244,104.70994549949688,10.326111492571453,0.0,4.192119781727814,0.00015271552627404072,-0.9474658570031832,-0.4128683556507677,-0.7329770845109873,0.09903267580543938,0.861171534837384,0.5443036072039771,-0.9474658570031832,-0.4128683556507677,5.703395735252876,0.0,0.0008709970812582624,77,True
cells_cultured_fibroblasts,raw,ENSG00000274441.1,ENSG00000274441,2.0263144733412655,549.7879978389885,-0.9926612425312822,0.0038932658780857837,742.657495907737,210.6074924420578,0.0,2.6657748708214797,0.029067389921339268,-1.0,-0.4128683556507677,-0.9684650851339662,0.09264156442864428,3.0495117063042207,8.914091290156529,-1.0,-0.4128683556507677,541.5813407521277,0.0,15.742356005763796,652,True
cells_ebv-transformed_lymphocytes,excluded_at_or_below_-1,ENSG00000274441.1,ENSG00000274441,0.10479046562328047,0.6607994224032435,-0.8171645702561566,0.038989136579437506,12.597685882356956,3.774374146353342,0.0,3.7463378847064686,8.973062203272432e-05,-0.920449168386044,-0.713107026891115,-0.8144901262726557,0.049321477252217714,-0.08037550487015763,0.6944889915734103,-0.920449168386044,-0.713107026891115,0.6602589039693146,0.0,5.92454421558114e-05,13,True
cells_ebv-transformed_lymphocytes,raw,ENSG00000274441.1,ENSG00000274441,0.33333333326794834,341.80374152192223,-0.9968590034264729,0.0015188328957828061,18.66666666989088,264.20674366527516,0.0,2.9246403379748678,0.014159956522530605,-1.0,-0.713107026891115,-0.9926249897294939,0.037514266642499246,5.170086532280581,26.224942947237196,-1.0,-0.713107026891115,335.22884736221494,0.0,4.7468259037471086,327,True
cervix_ectocervix,excluded_at_or_below_-1,ENSG00000274441.1,ENSG00000274441,,,,,,,,,,-0.8694314963504277,-0.3639067370580294,,,,,,,,,,2,False
cervix_ectocervix,raw,ENSG00000274441.1,ENSG00000274441,0.051282051282042,24.318176174774017,-0.9930061285079164,0.0029898614285290706,1.8974358974359362,297.56592830015853,0.0,3.30812251806114,0.004295364551574082,-1.0,-0.3639067370580294,-0.9680557597253524,0.13140914295900505,4.320619448242516,17.286750042555173,-1.0,-0.3639067370580294,23.798096851019412,0.0,0.10222150160879545,24,True
cervix_endocervix,excluded_at_or_below_-1,ENSG00000274441.1,ENSG00000274441,,,,,,,,,,-0.7998283924209905,-0.7998283924209905,,,,,,,,,,1,False
cervix_endocervix,raw,ENSG00000274441.1,ENSG00000274441,0.025641025641646272,53.133872012418145,-0.9984524610421095,0.0010159186513192307,0.9743589744382594,276.49541751492563,0.0,2.1542577052871543,0.09969170866216312,-1.0,-0.7998283924209905,-0.9912968866269997,0.04173866546519989,4.477215043467821,18.045454545454557,-1.0,-0.7998283924209905,52.356403661261155,0.0,5.219499340396915,23,True
colon_sigmoid,excluded_at_or_below_-1,ENSG00000274441.1,ENSG00000274441,0.06487305306807403,1.5451990901395856,-0.7780368583017511,0.12803172877722493,19.079818354553566,4.805520984730495,0.0,0.980033441300573,0.6186419650282247,-0.8667613473659442,-0.3429829345380352,-0.7340292678029364,0.10947183887095857,1.8566736914647441,4.588581687703114,-0.8667613473659442,-0.3429829345380352,1.545168462452667,0.0,0.9559060539113584,25,True
colon_sigmoid,raw,ENSG00000274441.1,ENSG00000274441,0.6410462029242245,484.5596993255341,-0.99191822725321,0.00028674930429225447,44.97435899084831,3200.4719046327746,0.0,39.85834474730262,0.0,-1.0,-0.3429829345380352,-0.984130624570581,0.06831199584864857,4.97858927361251,28.736653042958956,-1.0,-0.3429829345380352,66.71588171710532,0.0,0.0,419,True
colon_transverse,excluded_at_or_below_-1,ENSG00000274441.1,ENSG00000274441,0.06660901711884004,2.4584457333930474,-0.8060234962672602,0.08834549044241255,44.02492344300444,5.8398592235716045,0.0,1.447289344258504,0.3508757129084474,-0.8964352207284791,-0.4412092695140243,-0.7858077432974647,0.0851197174386515,2.082249794206288,6.184111892663573,-0.8964352207284791,-0.4412092695140243,2.4584454321982823,0.0,0.8626087936690882,34,True
colon_transverse,raw,ENSG00000274441.1,ENSG00000274441,0.8717948719148517,539.0876887620311,-0.9941593299191024,0.0025993770691547595,82.35897437878309,300.8372598263181,0.0,3.177667041757143,0.006473661443423359,-1.0,-0.4412092695140243,-0.9847963742632856,0.059429630361704254,4.497938005352984,23.689677964219552,-1.0,-0.4412092695140243,534.3802964162124,0.0,3.4593971210347787,479,True
esophagus_gastroesophageal_junction,excluded_at_or_below_-1,ENSG00000274441.1,ENSG00000274441,0.42105268901253223,12.539287614264696,-0.7636168590571523,0.0023575452502758816,11.263159992835945,99.0412441554687,0.0,53.527792584405454,0.0,-0.8528496287905689,-0.598511516446572,-0.7477206877238924,0.0734992915602513,0.6152780171346127,-0.6098609406896549,-0.8528496287905689,-0.598511516446572,12.529517855504974,0.0,0.0,21,True
esophagus_gastroesophageal_junction,raw,ENSG00000274441.1,ENSG00000274441,0.5384615384615385,385.67379668262856,-0.9949850557040026,3.4936369622440076e-05,21.692309624945157,16049.127668370458,,203.00341204856173,,-1.0,-0.598511516446572,-0.9868539316183665,0.05848286507039045,4.589440374866629,20.799675704655307,-1.0,-0.598511516446572,0.0,0.0,0.0,403,True
esophagus_mucosa,excluded_at_or_below_-1,ENSG00000274441.1,ENSG00000274441,0.33847387334962387,3.5495619970320273,-0.7838284794814435,0.08059638876245917,33.411729123226635,6.4113441273389205,0.0,2.288662178973972,0.0728780122136404,-0.9142599161684152,-0.4184443553822333,-0.749442614839422,0.10379608320599895,1.3944960375843876,1.8640999280702468,-0.9142599161684152,-0.4184443553822333,3.54949455663568,0.0,0.25868010765074523,54,True
esophagus_mucosa,raw,ENSG00000274441.1,ENSG00000274441,1.3846153792054428,578.366923684785,-0.9921698272544706,0.0030080925001433603,119.23076990179982,269.7291866396905,0.0,3.681248662374706,0.001141565056710573,-1.0,-0.4184443553822333,-0.9779640084712197,0.07730070157643663,3.9297035113209224,16.702072054994776,-1.0,-0.4184443553822333,578.1120612791196,0.0,0.6599525280191645,614,True
esophagus_muscularis,excluded_at_or_below_-1,ENSG00000274441.1,ENSG00000274441,0.14282878100302107,3.0121211647556168,-0.7797153259041227,0.0692137094295293,25.4933256185599,8.761954523911399,0.0,2.6867695144314676,0.027069928426386117,-0.9112098111952468,-0.3508922749958035,-0.7617185209495658,0.11377936035126443,2.2355745984820157,5.479432299249849,-0.9112098111952468,-0.3508922749958035,3.0120205842994077,0.0,0.08153518163578666,32,True
esophagus_muscularis,raw,ENSG00000274441.1,ENSG00000274441,0.8205128205120783,720.2584801724963,-0.9936977640736864,0.0032528359864149015,81.74358974371924,279.468206948772,0.0,2.73998060691981,0.023518247960489683,-1.0,-0.3508922749958035,-0.9864081865782285,0.061449432977264136,5.643450801389147,39.170698082909915,-1.0,-0.3508922749958035,717.5495000553657,0.0,16.875507066227495,561,True
fallopian_tube,excluded_at_or_below_-1,ENSG00000274441.1,ENSG00000274441,,,,,,,,,,-0.7718228551052442,-0.3708597712587396,,,,,,,,,,4,False
fallopian_tube,raw,ENSG00000274441.1,ENSG00000274441,0.10256410256410259,26.404809775932748,-0.9916647277066712,0.0019427593656613682,3.5897435897435885,451.9091785195051,0.0,6.067583732525579,1.0141932501459283e-08,-1.0,-0.3708597712587396,-0.9497965967358734,0.1406930803606572,2.9710960606134016,8.452415420866203,-1.0,-0.3708597712587396,26.373172001420354,0.0,2.67474930287781e-07,29,True
heart_atrial_appendage,excluded_at_or_below_-1,ENSG00000274441.1,ENSG00000274441,0.7343184324603568,7.143038135400879,-0.8247598349024625,0.08225135520885497,174.89813389491658,8.034245406528632,0.0,2.04407071666143,0.12380113062594238,-0.9436439914834632,-0.3574841770035181,-0.7851431637721137,0.10543879147540793,1.3560574444992344,2.3152247659860983,-0.9436439914834632,-0.3574841770035181,7.142796981472641,0.0,0.8842863421378813,99,True
heart_atrial_appendage,raw,ENSG00000274441.1,ENSG00000274441,2.600312309476437,338.6214385232594,-0.9919909036835569,0.007096722064163268,886.0149388635829,126.44260408888762,0.0,1.596028776477373,0.2812029007022622,-1.0,-0.3574841770035181,-0.953859377903339,0.10084676887058873,2.432410663291993,6.189300196728004,-1.0,-0.3574841770035181,336.9409386863074,0.0,94.7487693239325,461,True
heart_left_ventricle,excluded_at_or_below_-1,ENSG00000274441.1,ENSG00000274441,0.8568185940092133,22.279071604751007,-0.864121181882145,0.06088399148589656,122.86791800464198,18.5177269637199,0.0,1.435161586969688,0.3570639356888927,-0.9259070168979856,-0.066905569761009,-0.8112891964469575,0.11847605112398303,3.135282100013207,13.461518252191151,-0.9259070168979856,-0.066905569761009,22.278983186315305,0.0,7.95502141965241,138,True
heart_left_ventricle,raw,ENSG00000274441.1,ENSG00000274441,3.538569326755069,326.2748127389821,-0.9885775847508785,0.001082436193608019,1753.692308145422,1204.1735774870306,0.0,14.923498175463818,0.0,-1.0,-0.066905569761009,-0.942384754667434,0.10878295866255136,2.963921283637947,13.770770297878173,-1.0,-0.066905569761009,259.4609380274432,0.0,0.0,452,True
kidney_cortex,excluded_at_or_below_-1,ENSG00000274441.1,ENSG00000274441,,,,,,,,,,-0.7389458492996335,-0.6846783935960211,,,,,,,,,,3,False
kidney_cortex,raw,ENSG00000274441.1,ENSG00000274441,0.10434414380753058,99.06427762861247,-0.9960645158026731,0.003318774769173653,6.347647991811161,132.6894736122936,0.0,1.6770089908061012,0.24647905102464973,-1.0,-0.6846783935960211,-0.9918003916754338,0.047965656903271744,5.6903692254327,30.628437919220765,-1.0,-0.6846783935960211,98.50108916370047,0.0,24.278454981963424,104,True
kidney_medulla,excluded_at_or_below_-1,ENSG00000274441.1,ENSG00000274441,,,,,,,,,,,,,,,,,,,,,0,False
kidney_medulla,raw,ENSG00000274441.1,ENSG00000274441,0.0,11.0,-0.9875,1.0001e-06,0.0,-17675.90193946968,0.0,,,-1.0,-1.0,-1.0,0.0,,,,-1.0,8.983579622590726e-189,0.0,,11,True
liver,excluded_at_or_below_-1,ENSG00000274441.1,ENSG00000274441,,,,,,,,,,-0.8746861396174577,-0.7287189592430486,,,,,,,,,,5,False
liver,raw,ENSG00000274441.1,ENSG00000274441,0.12820512820610463,370.9427510251121,-0.9974047662173732,0.001312746813046551,4.358974376748209,289.45346388494715,0.0,2.7958283931401797,0.02024846363842745,-1.0,-0.7287189592430486,-0.9965530387695173,0.025677487414883522,7.884849111516592,64.8923937754606,-1.0,-0.7287189592430486,367.747255633302,0.0,7.446316933822395,262,True
lung,excluded_at_or_below_-1,ENSG00000274441.1,ENSG00000274441,0.47212639610668566,13.444526198767377,-0.7509311931450564,0.11440876453243569,163.14594558774826,12.76175334123068,0.0,1.6904614726950773,0.23958936828893784,-0.8876881962784361,0.2814846115710745,-0.6891681830139951,0.1634774037160889,2.967654754059727,12.811072090641265,-0.8876881962784361,0.2814846115710745,13.4445099462651,0.0,3.2211616449799965,108,True
lung,raw,ENSG00000274441.1,ENSG00000274441,2.7692307838288497,543.0013822976999,-0.9859609341111906,0.006384304440513379,932.9230769244859,280.75708120978845,0.0,3.1098512873248105,0.008114781432094103,-1.0,0.2814846115710745,-0.9444208009362772,0.13766802647908197,3.359733429590308,16.367893890461165,-1.0,0.2814846115710745,531.441094659502,0.0,4.3125283271946895,604,True
minor_salivary_gland,excluded_at_or_below_-1,ENSG00000274441.1,ENSG00000274441,0.08425448721153364,20.32344587801777,-1.3437870041645523,0.3235411887643227,24.648275180690522,4.03917185091203,0.0,-2.0759755515535465,1.0,-0.8688491194873385,-0.4197126655798258,-0.7622502234136926,0.11029475526439111,1.699233999960578,2.5237091433982863,-0.8688491194873385,-0.4197126655798258,2.350111114189871,0.0,2.3501111141898705,23,True
minor_salivary_gland,raw,ENSG00000274441.1,ENSG00000274441,0.6108305268903298,156.23770905961683,-0.9927509800559662,0.005339453624506899,38.90697167187026,151.77555852756697,0.0,1.919983398996675,0.15953441851708897,-1.0,-0.4197126655798258,-0.9697887024227345,0.08827040992364572,3.377122986438979,12.633029331316342,-1.0,-0.4197126655798258,155.0435565205526,0.0,24.73478363432777,181,True
muscle_skeletal,excluded_at_or_below_-1,ENSG00000274441.1,ENSG00000274441,0.5530528923367232,16.878948841294022,-0.8184901862626859,0.05715008732914864,107.01305801039973,14.82675855682266,0.0,2.2744351041792634,0.07528441747612342,-0.9104028706596652,-0.219322868910181,-0.7767316406296333,0.11442447895019714,2.4953045065480244,6.875432954686687,-0.9104028706596652,-0.219322868910181,16.878182271833666,0.0,1.270664120390831,120,True
muscle_skeletal,raw,ENSG00000274441.1,ENSG00000274441,3.117777134812449,679.7465436900413,-0.9902814375334069,0.008377580287440156,1417.1454455535454,130.14498534968567,0.0,1.640583841092133,0.26166095990181604,-1.0,-0.219322868910181,-0.9672466954468899,0.09030331353355091,3.5571138593514005,16.084269481447276,-1.0,-0.219322868910181,676.3211169940074,0.0,176.96683267452008,818,True
nerve_tibial,excluded_at_or_below_-1,ENSG00000274441.1,ENSG00000274441,1.2113014077749713,26.25664942921898,-0.7278066192562552,0.07608202140139486,197.69380683903586,23.872763013957332,0.0,2.779488975423457,0.021014078974599764,-0.8773378819590796,0.5565029891812006,-0.6358368992622399,0.19300405661816533,2.648319917282955,10.449192584862177,-0.8773378819590796,0.5565029891812006,26.2509564570147,0.0,0.5516396721464865,147,True
nerve_tibial,raw,ENSG00000274441.1,ENSG00000274441,3.7692307708058768,573.436171327443,-0.9829094053833085,0.007507371740341019,1854.923076928026,289.9893547005145,0.0,3.219469014178327,0.005735596590983518,-1.0,0.5565029891812006,-0.9201015286441036,0.17571476870449174,2.9001310176188073,11.877635144546575,-1.0,0.5565029891812006,561.2799353195992,0.0,3.219275283606556,670,True
ovary,excluded_at_or_below_-1,ENSG00000274441.1,ENSG00000274441,0.3645642130253067,4.227082119153468,-0.734292650161246,0.10645202942598075,22.04822270486663,10.678501811284477,0.0,1.157830479954071,0.511578844845936,-0.8214459681619198,0.0695097028106377,-0.6246793379018277,0.19113871141167232,1.6315605773493753,2.501506358245172,-0.8214459681619198,0.0695097028106377,4.226946224633125,0.0,2.1624162668237044,46,True
ovary,raw,ENSG00000274441.1,ENSG00000274441,,,,,,,,,,,,,,,,,,,,,193,False
pancreas,excluded_at_or_below_-1,ENSG00000274441.1,ENSG00000274441,0.16652823952862458,1.3076440362226562,-0.9415004002738184,0.10578394848202106,8.851945454982182,3.7984591533449032,0.0,-0.8979706022177627,1.0,-0.8743317077575513,-0.6573735766601072,-0.8026286762347807,0.06578756702995632,0.9918089707668787,-0.026482474214964746,-0.8743317077575513,-0.6573735766601072,0.8727983286268934,0.0,0.872798328626893,15,True
pancreas,raw,ENSG00000274441.1,ENSG00000274441,0.3846153846153872,388.4665929033939,-0.9961818938308679,0.0013764459058027583,17.230769230769226,348.10472040181696,0.0,3.922869401698726,0.0004637261656316018,-1.0,-0.6573735766601072,-0.991821630230723,0.04146590270035161,5.431320345940679,30.68451544933052,-1.0,-0.6573735766601072,381.44678227580425,0.0,0.17688685373726704,362,True
pituitary,excluded_at_or_below_-1,ENSG00000274441.1,ENSG00000274441,0.6752059197894701,4.897109881914375,-0.7728397088901261,0.06408331031017868,31.080794398153266,22.032744350154733,0.0,1.9721240599464034,0.14304429785548972,-0.8622040322612332,0.2255464123732964,-0.553857602098971,0.29501079280427245,1.0712132127240943,0.04557697346995315,-0.8622040322612332,0.2255464123732964,4.896934899403176,0.0,0.7004786143291705,47,True
pituitary,raw,ENSG00000274441.1,ENSG00000274441,1.1947740164222391,257.39279458985715,-0.984688300115991,0.012040249932987789,154.40975181159664,142.1507322175942,0.0,1.798468782581065,0.19979028282742098,-1.0,0.2255464123732964,-0.9330073715611874,0.19573757554396304,3.547474980374159,13.136166134720828,-1.0,0.2255464123732964,255.65921575709734,0.0,51.07822702354712,313,True
prostate,excluded_at_or_below_-1,ENSG00000274441.1,ENSG00000274441,0.35118476524867215,7.648454843924229,-0.7679393137785073,0.008466384995595965,18.430591070820363,76.56816605444133,0.0,12.205029746180001,0.0,-0.8410064116081059,-0.3095534027172182,-0.7205664232761073,0.13243651543755278,1.9878518337348032,2.960606112741755,-0.8410064116081059,-0.3095534027172182,7.63794615596623,0.0,0.0,23,True
prostate,raw,ENSG00000274441.1,ENSG00000274441,0.5897435871830788,282.5966920012996,-0.9903255135773389,0.003489926177584433,77.43589757551288,275.8674834578075,0.0,3.9203665670062695,0.0004676566034945976,-1.0,-0.3095534027172182,-0.9772093182104626,0.08510626059180898,4.523556934211694,23.748296105227745,-1.0,-0.3095534027172182,277.87185087517037,0.0,0.1299486059870384,282,True
skin_not_sun_exposed_suprapubic,excluded_at_or_below_-1,ENSG00000274441.1,ENSG00000274441,0.3540824048208769,5.425529801143159,-0.7762888187337856,0.09347028946525483,59.54090378521162,7.612605753103882,0.0,1.6016193102903218,0.27731796301314515,-0.8821454054113808,-0.2731452467449294,-0.7380139597428133,0.10948926222195739,1.750934132217763,4.159145185603448,-0.8821454054113808,-0.2731452467449294,5.425520809116914,0.0,1.5045943790697336,70,True
skin_not_sun_exposed_suprapubic,raw,ENSG00000274441.1,ENSG00000274441,1.9550783407449759,578.765005847407,-0.9909205033071019,0.0057506895816559845,257.54300317591924,176.51578791595023,0.0,2.2328361112687003,0.08354104851995459,-1.0,-0.2731452467449294,-0.9718294580368617,0.0887096626235444,3.571690161658741,14.37019615346004,-1.0,-0.2731452467449294,572.7991616702187,0.0,47.85224255728122,651,True
skin_sun_exposed_lower_leg,excluded_at_or_below_-1,ENSG00000274441.1,ENSG00000274441,0.4265814453223859,6.219250579691516,-0.7607242372339513,0.05162269494279119,72.51367243690451,9.19769470775331,0.0,4.376854414714214,6.92060324013302e-05,-0.920491493234988,-0.4249830163121775,-0.7469150653342724,0.08309299208134265,1.37803316952741,3.131756691536423,-0.920491493234988,-0.4249830163121775,6.219220988000503,0.0,0.0004304076092065956,63,True
skin_sun_exposed_lower_leg,raw,ENSG00000274441.1,ENSG00000274441,1.6153846003859917,731.5784267403666,-0.9920965455051963,0.002936610422547262,259.2307702637303,273.1106714844228,0.0,3.806147540147589,0.0007190544199933053,-1.0,-0.4249830163121775,-0.9788536460425188,0.07402474125165853,3.6890022839349634,13.987393138310303,-1.0,-0.4249830163121775,727.3431644386854,0.0,0.5229993172415572,754,True
small_intestine_terminal_ileum,excluded_at_or_below_-1,ENSG00000274441.1,ENSG00000274441,-0.3712346940457949,46.345420702760066,-4.327585943585755,1.7540495383493866,11.787176518075963,3.025686987729748,0.0,-2.805249016292569,1.0,-0.8482346822909475,-0.5748253950930271,-0.7437987654712545,0.07712724491697356,0.5482079263933224,-0.03470008984770656,-0.8482346822909475,-0.5748253950930271,0.4296063330905564,0.0,0.42960633309055646,12,True
small_intestine_terminal_ileum,raw,ENSG00000274441.1,ENSG00000274441,0.3076923076922429,196.91408442530914,-0.9948921462700799,0.0019416378052119138,10.307692307700465,305.9603057902734,0.0,3.720362263281361,0.0009923767165570148,-1.0,-0.5748253950930271,-0.9851477545200727,0.06260686546738572,4.32466006405285,18.339317097795053,-1.0,-0.5748253950930271,195.90455906553387,0.0,0.19441112308400588,207,True
spleen,excluded_at_or_below_-1,ENSG00000274441.1,ENSG00000274441,0.14582679231275267,2.5136590263059673,-0.8584087968154132,0.12904738412316466,23.429154076616655,3.669539190322285,0.0,-0.36950567493395453,1.0,-0.8246913003653887,-0.5235623167308183,-0.745872191043803,0.07282545501531701,1.4371159887245537,1.7160793201289666,-0.8246913003653887,-0.5235623167308183,2.344790433110246,0.0,2.3447904331102465,33,True
spleen,raw,ENSG00000274441.1,ENSG00000274441,1.2721039478678255,224.30423046387662,-0.9940526993388067,0.005247815847723994,414.5489606607811,126.79063049418932,0.0,1.602715014898596,0.27828322514311465,-1.0,-0.5235623167308183,-0.9697248458644243,0.08611987339436922,2.8122251594244356,7.1720423253910965,-1.0,-0.5235623167308183,223.1337753431826,0.0,62.094386640860236,277,True
stomach,excluded_at_or_below_-1,ENSG00000274441.1,ENSG00000274441,0.28205128205128205,237.34055162994218,-0.8471841048374753,0.0017233490507665916,7.897435897435897,265.12688050752223,0.0,0.3283344755630194,0.9537927654626557,-0.8475842105371024,-0.524102662252069,-0.7343339101548281,0.09033733334011863,0.7213034451470802,0.1685493270158651,-0.8475842105371024,-0.524102662252069,235.78093458101964,0.0,224.88614963740002,14,True
stomach,raw,ENSG00000274441.1,ENSG00000274441,0.3589743589743589,472.2607765795239,-0.9949026691818558,0.0019813846341654572,10.974358974358974,336.033571415015,0.0,3.638220591106166,0.0013733309178514132,-1.0,-0.524102662252069,-0.9908616087031145,0.051101193624518294,5.994053533997064,37.51843777667928,-1.0,-0.524102662252069,459.30889342063557,0.0,0.6307831041786773,407,True
testis,excluded_at_or_below_-1,ENSG00000274441.1,ENSG00000274441,0.1885080032021482,2.9260689775512527,-0.7761381794112155,0.057424720224457174,25.29270988978594,7.979756940593545,0.0,3.5414786078992093,0.0018902758992502152,-0.9199413670275564,-0.4521168844917825,-0.7713809625448488,0.08475616157151644,1.6782716446514787,4.774057557173073,-0.9199413670275564,-0.4521168844917825,2.9260605417457572,0.0,0.005531061721809033,33,True
testis,raw,ENSG00000274441.1,ENSG00000274441,0.8461538461329732,420.5454980361008,-0.9940448326432819,0.00281139371109479,85.07692307835259,272.60566568117844,0.0,2.9956239884995624,0.011544475369648938,-1.0,-0.4521168844917825,-0.9817767433912561,0.06633233686254565,4.006317359732775,17.724829668528145,-1.0,-0.4521168844917825,410.0255244809724,0.0,4.733529568297907,414,True
thyroid,excluded_at_or_below_-1,ENSG00000274441.1,ENSG00000274441,0.1373582101121657,1.7891713219024181,-0.8068615177466484,0.1938071857977695,24.16958469189305,2.889245253609442,0.0,0.19823141591889465,0.9802425361838224,-0.8340276218472769,-0.4109124853091542,-0.7011705538517555,0.10125457849816628,1.0292858392245625,0.7756109668310756,-0.8340276218472769,-0.4109124853091542,1.7616263389866178,0.0,1.7268210703364641,39,True
thyroid,raw,ENSG00000274441.1,ENSG00000274441,1.0093469794561347,698.646784530823,-0.9926412530950434,1.69824556146843e-05,64.0034072749732,48443.448444171714,,612.7994626443883,,-1.0,-0.4109124853091542,-0.9829614789476877,0.07333994160156589,4.601639315302631,21.90759779241882,-1.0,-0.4109124853091542,0.0,0.0,0.0,684,True
uterus,excluded_at_or_below_-1,ENSG00000274441.1,ENSG00000274441,0.11294995640665009,0.8400560735253948,-0.7572355381895732,0.07971273029589224,6.764850875112115,8.917629361287991,0.0,0.624499245557342,0.8228392230300466,-0.7924356955459821,-0.2545896839366603,-0.6477407938419156,0.15947382408087996,1.4976172597940125,1.3425731150596203,-0.7924356955459821,-0.2545896839366603,0.8400517038183045,0.0,0.6912274912749206,11,True
uterus,raw,ENSG00000274441.1,ENSG00000274441,0.2820512820510571,155.16841815188718,-0.9917576048125483,0.0035708006150512186,11.89743589744102,291.95493779596086,0.0,3.2643959484603364,0.004937379443501267,-1.0,-0.2545896839366603,-0.9746741747206608,0.10003740192107272,4.545521213268621,22.794286762705912,-1.0,-0.2545896839366603,152.51930941542858,0.0,0.7530457030447401,153,True
vagina,excluded_at_or_below_-1,ENSG00000274441.1,ENSG00000274441,0.263157940210695,4.133900659468218,-0.6699804787788672,0.0014307952934853082,7.368421447887428,3.7144211217664753,0.0010093558674222232,144.86243581824797,0.0,-0.8165414345540066,-0.6662225058669629,-0.735493684063087,0.047568791135186424,0.08126354978019117,-1.0741337986432902,-0.8165414345540066,-0.6662225058669629,4.1338211723348985,0.0041724966551704434,0.0,12,True
vagina,raw,ENSG00000274441.1,ENSG00000274441,0.3076923076922883,190.19111211619722,-0.9965064166454594,0.0015677274018441412,16.307692307692783,297.94209472075806,0.0,3.151487277354858,0.007035739077434993,-1.0,-0.6662225058669629,-0.981328965933865,0.06902492927630086,3.5316628513850814,10.913851092090098,-1.0,-0.6662225058669629,188.45248891770927,0.0,1.3259025405182112,170,True
whole_blood,excluded_at_or_below_-1,ENSG00000274441.1,ENSG00000274441,0.6239274964002473,5.594658039178878,-0.7330094731099641,0.049709266110926034,32.51327624819744,20.405013589363072,0.0,3.9378934382000543,0.0004292401926601045,-0.8714254790401303,-0.0157781598925653,-0.6381827729875863,0.19132412945904378,1.6212602526367874,2.3160834341506877,-0.8714254790401303,-0.0157781598925653,5.594610712800794,0.0,0.0024014317802208973,48,True
whole_blood,raw,ENSG00000274441.1,ENSG00000274441,1.2307692392823895,952.2378012655462,-0.99023610898928,0.005251539520222899,110.92307692898444,262.4166955743204,0.0,2.6293674522908432,0.031541188503063144,-1.0,-0.0157781598925653,-0.978372071112583,0.0975291764418405,5.60287239131993,36.795100404228805,-1.0,-0.0157781598925653,951.9278184993191,0.0,30.024934764596704,803,True
adipose_subcutaneous,excluded_at_or_below_-1,ENSG00000274445.1,ENSG00000274445,,,,,,,,,,,,,,,,,,,,,0,False
adipose_subcutaneous,raw,ENSG00000274445.1,ENSG00000274445,0.0,714.0,-0.9875,1.0001e-06,0.0,-17675.90193946968,0.0,,,-1.0,-1.0,-1.0,0.0,,,,-1.0,5.83115986411798e-187,0.0,,714,True
adipose_visceral_omentum,excluded_at_or_below_-1,ENSG00000274445.1,ENSG00000274445,,,,,,,,,,,,,,,,,,,,,0,False
adipose_visceral_omentum,raw,ENSG00000274445.1,ENSG00000274445,0.0,587.0,-0.9875,1.0001e-06,0.0,-17675.90193946968,0.0,,,-1.0,-1.0,-1.0,0.0,,,,-1.0,4.793964762237051e-187,0.0,,587,True
adrenal_gland,excluded_at_or_below_-1,ENSG00000274445.1,ENSG00000274445,,,,,,,,,,,,,,,,,,,,,0,False
adrenal_gland,raw,ENSG00000274445.1,ENSG00000274445,0.0,295.0,-0.9875,1.0001e-06,0.0,-17675.90193946968,0.0,,,-1.0,-1.0,-1.0,0.0,,,,-1.0,2.409232716967513e-187,0.0,,295,True
artery_aorta,excluded_at_or_below_-1,ENSG00000274445.1,ENSG00000274445,,,,,,,,,,-0.7599971432162205,-0.7599971432162205,,,,,,,,,,1,False
artery_aorta,raw,ENSG00000274445.1,ENSG00000274445,1.5964517182293296,439.8247920010476,-0.9970003832453971,0.0020288119149422202,972.3366356073354,165.20663838134703,0.0,2.0909275349961236,0.11340844231140845,-1.0,-0.7599971432162205,-0.9994915193712207,0.011047026908911694,21.65645684645227,467.0021231422497,-1.0,-0.7599971432162205,435.784089262083,0.0,49.42159474730913,472,True
artery_coronary,excluded_at_or_below_-1,ENSG00000274445.1,ENSG00000274445,,,,,,,,,,,,,,,,,,,,,0,False
artery_coronary,raw,ENSG00000274445.1,ENSG00000274445,0.0,268.0,-0.9875,1.0001e-06,0.0,-17675.90193946968,0.0,,,-1.0,-1.0,-1.0,0.0,,,,-1.0,2.1887266716857407e-187,0.0,,268,True
artery_tibial,excluded_at_or_below_-1,ENSG00000274445.1,ENSG00000274445,,,,,,,,,,,,,,,,,,,,,0,False
artery_tibial,raw,ENSG00000274445.1,ENSG00000274445,0.0,691.0,-0.9875,1.0001e-06,0.0,-17675.90193946968,0.0,,,-1.0,-1.0,-1.0,0.0,,,,-1.0,5.643321381100175e-187,0.0,,691,True
bladder,excluded_at_or_below_-1,ENSG00000274445.1,ENSG00000274445,,,,,,,,,,,,,,,,,,,,,0,False
bladder,raw,ENSG00000274445.1,ENSG00000274445,0.0,77.0,-0.9875,1.0001e-06,0.0,-17675.90193946968,0.0,,,-1.0,-1.0,-1.0,0.0,,,,-1.0,6.288505735813509e-188,0.0,,77,True
brain_amygdala,excluded_at_or_below_-1,ENSG00000274445.1,ENSG00000274445,,,,,,,,,,,,,,,,,,,,,0,False
brain_amygdala,raw,ENSG00000274445.1,ENSG00000274445,0.0,181.0,-0.9875,1.0001e-06,0.0,-17675.90193946968,0.0,,,-1.0,-1.0,-1.0,0.0,,,,-1.0,1.478207192444474e-187,0.0,,181,True
brain_anterior_cingulate_cortex_ba24,excluded_at_or_below_-1,ENSG00000274445.1,ENSG00000274445,,,,,,,,,,,,,,,,,,,,,0,False
brain_anterior_cingulate_cortex_ba24,raw,ENSG00000274445.1,ENSG00000274445,0.0,233.0,-0.9875,1.0001e-06,0.0,-17675.90193946968,0.0,,,-1.0,-1.0,-1.0,0.0,,,,-1.0,1.9028855018760357e-187,0.0,,233,True
brain_caudate_basal_ganglia,excluded_at_or_below_-1,ENSG00000274445.1,ENSG00000274445,,,,,,,,,,,,,,,,,,,,,0,False
brain_caudate_basal_ganglia,raw,ENSG00000274445.1,ENSG00000274445,0.0,300.0,-0.9875,1.0001e-06,0.0,-17675.90193946968,0.0,,,-1.0,-1.0,-1.0,0.0,,,,-1.0,2.450067169797471e-187,0.0,,300,True
brain_cerebellar_hemisphere,excluded_at_or_below_-1,ENSG00000274445.1,ENSG00000274445,,,,,,,,,,,,,,,,,,,,,0,False
brain_cerebellar_hemisphere,raw,ENSG00000274445.1,ENSG00000274445,0.0,277.0,-0.9875,1.0001e-06,0.0,-17675.90193946968,0.0,,,-1.0,-1.0,-1.0,0.0,,,,-1.0,2.2622286867796648e-187,0.0,,277,True
brain_cerebellum,excluded_at_or_below_-1,ENSG00000274445.1,ENSG00000274445,,,,,,,,,,,,,,,,,,,,,0,False
brain_cerebellum,raw,ENSG00000274445.1,ENSG00000274445,0.0,266.0,-0.9875,1.0001e-06,0.0,-17675.90193946968,0.0,,,-1.0,-1.0,-1.0,0.0,,,,-1.0,2.1723928905537574e-187,0.0,,266,True
brain_cortex,excluded_at_or_below_-1,ENSG00000274445.1,ENSG00000274445,,,,,,,,,,,,,,,,,,,,,0,False
brain_cortex,raw,ENSG00000274445.1,ENSG00000274445,0.0,270.0,-0.9875,1.0001e-06,0.0,-17675.90193946968,0.0,,,-1.0,-1.0,-1.0,0.0,,,,-1.0,2.2050604528177237e-187,0.0,,270,True
brain_frontal_cortex_ba9,excluded_at_or_below_-1,ENSG00000274445.1,ENSG00000274445,,,,,,,,,,,,,,,,,,,,,0,False
brain_frontal_cortex_ba9,raw,ENSG00000274445.1,ENSG00000274445,0.0,269.0,-0.9875,1.0001e-06,0.0,-17675.90193946968,0.0,,,-1.0,-1.0,-1.0,0.0,,,,-1.0,2.196893562251732e-187,0.0,,269,True
brain_hippocampus,excluded_at_or_below_-1,ENSG00000274445.1,ENSG00000274445,,,,,,,,,,,,,,,,,,,,,0,False
brain_hippocampus,raw,ENSG00000274445.1,ENSG00000274445,0.0,255.0,-0.9875,1.0001e-06,0.0,-17675.90193946968,0.0,,,-1.0,-1.0,-1.0,0.0,,,,-1.0,2.08255709432785e-187,0.0,,255,True
brain_hypothalamus,excluded_at_or_below_-1,ENSG00000274445.1,ENSG00000274445,,,,,,,,,,,,,,,,,,,,,0,False
brain_hypothalamus,raw,ENSG00000274445.1,ENSG00000274445,0.0,257.0,-0.9875,1.0001e-06,0.0,-17675.90193946968,0.0,,,-1.0,-1.0,-1.0,0.0,,,,-1.0,2.0988908754598334e-187,0.0,,257,True
brain_nucleus_accumbens_basal_ganglia,excluded_at_or_below_-1,ENSG00000274445.1,ENSG00000274445,,,,,,,,,,,,,,,,,,,,,0,False
brain_nucleus_accumbens_basal_ganglia,raw,ENSG00000274445.1,ENSG00000274445,0.0,285.0,-0.9875,1.0001e-06,0.0,-17675.90193946968,0.0,,,-1.0,-1.0,-1.0,0.0,,,,-1.0,2.3275638113075975e-187,0.0,,285,True
brain_putamen_basal_ganglia,excluded_at_or_below_-1,ENSG00000274445.1,ENSG00000274445,,,,,,,,,,,,,,,,,,,,,0,False
brain_putamen_basal_ganglia,raw,ENSG00000274445.1,ENSG00000274445,0.0,254.0,-0.9875,1.0001e-06,0.0,-17675.90193946968,0.0,,,-1.0,-1.0,-1.0,0.0,,,,-1.0,2.0743902037618585e-187,0.0,,254,True
brain_spinal_cord_cervical_c-1,excluded_at_or_below_-1,ENSG00000274445.1,ENSG00000274445,,,,,,,,,,,,,,,,,,,,,0,False
brain_spinal_cord_cervical_c-1,raw,ENSG00000274445.1,ENSG00000274445,0.0,204.0,-0.9875,1.0001e-06,0.0,-17675.90193946968,0.0,,,-1.0,-1.0,-1.0,0.0,,,,-1.0,1.6660456754622802e-187,0.0,,204,True
brain_substantia_nigra,excluded_at_or_below_-1,ENSG00000274445.1,ENSG00000274445,,,,,,,,,,,,,,,,,,,,,0,False
brain_substantia_nigra,raw,ENSG00000274445.1,ENSG00000274445,0.0,183.0,-0.9875,1.0001e-06,0.0,-17675.90193946968,0.0,,,-1.0,-1.0,-1.0,0.0,,,,-1.0,1.4945409735764572e-187,0.0,,183,True
breast_mammary_tissue,excluded_at_or_below_-1,ENSG00000274445.1,ENSG00000274445,,,,,,,,,,,,,,,,,,,,,0,False
breast_mammary_tissue,raw,ENSG00000274445.1,ENSG00000274445,0.0,514.0,-0.9875,1.0001e-06,0.0,-17675.90193946968,0.0,,,-1.0,-1.0,-1.0,0.0,,,,-1.0,4.1977817509196667e-187,0.0,,514,True
cells_cultured_fibroblasts,excluded_at_or_below_-1,ENSG00000274445.1,ENSG00000274445,,,,,,,,,,,,,,,,,,,,,0,False
cells_cultured_fibroblasts,raw,ENSG00000274445.1,ENSG00000274445,0.0,652.0,-0.9875,1.0001e-06,0.0,-17675.90193946968,0.0,,,-1.0,-1.0,-1.0,0.0,,,,-1.0,5.324812649026503e-187,0.0,,652,True
cells_ebv-transformed_lymphocytes,excluded_at_or_below_-1,ENSG00000274445.1,ENSG00000274445,,,,,,,,,,,,,,,,,,,,,0,False
cells_ebv-transformed_lymphocytes,raw,ENSG00000274445.1,ENSG00000274445,0.0,327.0,-0.9875,1.0001e-06,0.0,-17675.90193946968,0.0,,,-1.0,-1.0,-1.0,0.0,,,,-1.0,2.670573215079243e-187,0.0,,327,True
cervix_ectocervix,excluded_at_or_below_-1,ENSG00000274445.1,ENSG00000274445,,,,,,,,,,,,,,,,,,,,,0,False
cervix_ectocervix,raw,ENSG00000274445.1,ENSG00000274445,0.0,24.0,-0.9875,1.0001e-06,0.0,-17675.90193946968,0.0,,,-1.0,-1.0,-1.0,0.0,,,,-1.0,1.9600537358379766e-188,0.0,,24,True
cervix_endocervix,excluded_at_or_below_-1,ENSG00000274445.1,ENSG00000274445,,,,,,,,,,,,,,,,,,,,,0,False
cervix_endocervix,raw,ENSG00000274445.1,ENSG00000274445,0.0,23.0,-0.9875,1.0001e-06,0.0,-17675.90193946968,0.0,,,-1.0,-1.0,-1.0,0.0,,,,-1.0,1.878384830178061e-188,0.0,,23,True
colon_sigmoid,excluded_at_or_below_-1,ENSG00000274445.1,ENSG00000274445,,,,,,,,,,-0.6669346945638147,-0.6669346945638147,,,,,,,,,,1,False
colon_sigmoid,raw,ENSG00000274445.1,ENSG00000274445,0.026315826353725372,402.1359953657097,-0.9958374995835075,0.0028961009913036147,251.82385503779255,160.6086282757811,0.0,2.032617149769154,0.12782943596238064,-1.0,-0.6669346945638147,-0.999205094736429,0.016271304938573792,20.396136701456403,414.00239234449697,-1.0,-0.6669346945638147,398.64947611000554,0.0,50.95913767784091,419,True
colon_transverse,excluded_at_or_below_-1,ENSG00000274445.1,ENSG00000274445,,,,,,,,,,,,,,,,,,,,,0,False
colon_transverse,raw,ENSG00000274445.1,ENSG00000274445,0.0,479.0,-0.9875,1.0001e-06,0.0,-17675.90193946968,0.0,,,-1.0,-1.0,-1.0,0.0,,,,-1.0,3.911940581109962e-187,0.0,,479,True
esophagus_gastroesophageal_junction,excluded_at_or_below_-1,ENSG00000274445.1,ENSG00000274445,,,,,,,,,,,,,,,,,,,,,0,False
esophagus_gastroesophageal_junction,raw,ENSG00000274445.1,ENSG00000274445,0.0,403.0,-0.9875,1.0001e-06,0.0,-17675.90193946968,0.0,,,-1.0,-1.0,-1.0,0.0,,,,-1.0,3.2912568980946026e-187,0.0,,403,True
esophagus_mucosa,excluded_at_or_below_-1,ENSG00000274445.1,ENSG00000274445,,,,,,,,,,,,,,,,,,,,,0,False
esophagus_mucosa,raw,ENSG00000274445.1,ENSG00000274445,0.0,614.0,-0.9875,1.0001e-06,0.0,-17675.90193946968,0.0,,,-1.0,-1.0,-1.0,0.0,,,,-1.0,5.014470807518823e-187,0.0,,614,True
esophagus_muscularis,excluded_at_or_below_-1,ENSG00000274445.1,ENSG00000274445,,,,,,,,,,,,,,,,,,,,,0,False
esophagus_muscularis,raw,ENSG00000274445.1,ENSG00000274445,0.0,561.0,-0.9875,1.0001e-06,0.0,-17675.90193946968,0.0,,,-1.0,-1.0,-1.0,0.0,,,,-1.0,4.5816256075212706e-187,0.0,,561,True
fallopian_tube,excluded_at_or_below_-1,ENSG00000274445.1,ENSG00000274445,,,,,,,,,,,,,,,,,,,,,0,False
fallopian_tube,raw,ENSG00000274445.1,ENSG00000274445,0.0,29.0,-0.9875,1.0001e-06,0.0,-17675.90193946968,0.0,,,-1.0,-1.0,-1.0,0.0,,,,-1.0,2.368398264137555e-188,0.0,,29,True
heart_atrial_appendage,excluded_at_or_below_-1,ENSG00000274445.1,ENSG00000274445,,,,,,,,,,-0.8494702174153598,-0.8494702174153598,,,,,,,,,,1,False
heart_atrial_appendage,raw,ENSG00000274445.1,ENSG00000274445,1.6029292625020428,425.44521926592404,-0.9982454620286678,0.0022392009060203623,1774.9328318358343,93.96207732491946,0.0,1.1081146796990684,0.5412062156302642,-1.0,-0.8494702174153598,-0.999673471187452,0.007010870927386639,21.400985349115203,456.0021739130434,-1.0,-0.8494702174153598,425.4434435313833,0.0,230.25263603832792,461,True
heart_left_ventricle,excluded_at_or_below_-1,ENSG00000274445.1,ENSG00000274445,,,,,,,,,,,,,,,,,,,,,0,False
heart_left_ventricle,raw,ENSG00000274445.1,ENSG00000274445,0.0,452.0,-0.9875,1.0001e-06,0.0,-17675.90193946968,0.0,,,-1.0,-1.0,-1.0,0.0,,,,-1.0,3.6914345358281893e-187,0.0,,452,True
kidney_cortex,excluded_at_or_below_-1,ENSG00000274445.1,ENSG00000274445,,,,,,,,,,,,,,,,,,,,,0,False
kidney_cortex,raw,ENSG00000274445.1,ENSG00000274445,0.0,104.0,-0.9875,1.0001e-06,0.0,-17675.90193946968,0.0,,,-1.0,-1.0,-1.0,0.0,,,,-1.0,8.493566188631232e-188,0.0,,104,True
kidney_medulla,excluded_at_or_below_-1,ENSG00000274445.1,ENSG00000274445,,,,,,,,,,,,,,,,,,,,,0,False
kidney_medulla,raw,ENSG00000274445.1,ENSG00000274445,0.0,11.0,-0.9875,1.0001e-06,0.0,-17675.90193946968,0.0,,,-1.0,-1.0,-1.0,0.0,,,,-1.0,8.983579622590726e-189,0.0,,11,True
liver,excluded_at_or_below_-1,ENSG00000274445.1,ENSG00000274445,,,,,,,,,,,,,,,,,,,,,0,False
liver,raw,ENSG00000274445.1,ENSG00000274445,0.0,262.0,-0.9875,1.0001e-06,0.0,-17675.90193946968,0.0,,,-1.0,-1.0,-1.0,0.0,,,,-1.0,2.1397253282897912e-187,0.0,,262,True
lung,excluded_at_or_below_-1,ENSG00000274445.1,ENSG00000274445,,,,,,,,,,,,,,,,,,,,,0,False
lung,raw,ENSG00000274445.1,ENSG00000274445,0.0,604.0,-0.9875,1.0001e-06,0.0,-17675.90193946968,0.0,,,-1.0,-1.0,-1.0,0.0,,,,-1.0,4.932801901858908e-187,0.0,,604,True
minor_salivary_gland,excluded_at_or_below_-1,ENSG00000274445.1,ENSG00000274445,,,,,,,,,,,,,,,,,,,,,0,False
minor_salivary_gland,raw,ENSG00000274445.1,ENSG00000274445,0.0,181.0,-0.9875,1.0001e-06,0.0,-17675.90193946968,0.0,,,-1.0,-1.0,-1.0,0.0,,,,-1.0,1.478207192444474e-187,0.0,,181,True
muscle_skeletal,excluded_at_or_below_-1,ENSG00000274445.1,ENSG00000274445,,,,,,,,,,-0.8840079433005534,-0.8840079433005534,,,,,,,,,,1,False
muscle_skeletal,raw,ENSG00000274445.1,ENSG00000274445,2.7775048683605323,783.0013164533365,-0.9985865400093058,0.001499214107587355,1679.6671127839968,108.08236435552175,0.0,1.3333214239348308,0.4117337460334037,-1.0,-0.8840079433005534,-0.9998582004196828,0.0040555671564045295,28.548226284485796,813.0012239902064,-1.0,-0.8840079433005534,781.8318982433094,0.0,321.9065762321246,818,True
nerve_tibial,excluded_at_or_below_-1,ENSG00000274445.1,ENSG00000274445,,,,,,,,,,,,,,,,,,,,,0,False
nerve_tibial,raw,ENSG00000274445.1,ENSG00000274445,0.0,670.0,-0.9875,1.0001e-06,0.0,-17675.90193946968,0.0,,,-1.0,-1.0,-1.0,0.0,,,,-1.0,5.471816679214351e-187,0.0,,670,True
ovary,excluded_at_or_below_-1,ENSG00000274445.1,ENSG00000274445,,,,,,,,,,,,,,,,,,,,,0,False
ovary,raw,ENSG00000274445.1,ENSG00000274445,0.0,193.0,-0.9875,1.0001e-06,0.0,-17675.90193946968,0.0,,,-1.0,-1.0,-1.0,0.0,,,,-1.0,1.576209879236373e-187,0.0,,193,True
pancreas,excluded_at_or_below_-1,ENSG00000274445.1,ENSG00000274445,,,,,,,,,,,,,,,,,,,,,0,False
pancreas,raw,ENSG00000274445.1,ENSG00000274445,0.0,362.0,-0.9875,1.0001e-06,0.0,-17675.90193946968,0.0,,,-1.0,-1.0,-1.0,0.0,,,,-1.0,2.956414384888948e-187,0.0,,362,True
pituitary,excluded_at_or_below_-1,ENSG00000274445.1,ENSG00000274445,,,,,,,,,,,,,,,,,,,,,0,False
pituitary,raw,ENSG00000274445.1,ENSG00000274445,0.0,313.0,-0.9875,1.0001e-06,0.0,-17675.90193946968,0.0,,,-1.0,-1.0,-1.0,0.0,,,,-1.0,2.5562367471553613e-187,0.0,,313,True
prostate,excluded_at_or_below_-1,ENSG00000274445.1,ENSG00000274445,,,,,,,,,,,,,,,,,,,,,0,False
prostate,raw,ENSG00000274445.1,ENSG00000274445,0.0,282.0,-0.9875,1.0001e-06,0.0,-17675.90193946968,0.0,,,-1.0,-1.0,-1.0,0.0,,,,-1.0,2.3030631396096224e-187,0.0,,282,True
skin_not_sun_exposed_suprapubic,excluded_at_or_below_-1,ENSG00000274445.1,ENSG00000274445,,,,,,,,,,,,,,,,,,,,,0,False
skin_not_sun_exposed_suprapubic,raw,ENSG00000274445.1,ENSG00000274445,0.0,651.0,-0.9875,1.0001e-06,0.0,-17675.90193946968,0.0,,,-1.0,-1.0,-1.0,0.0,,,,-1.0,5.316645758460512e-187,0.0,,651,True
skin_sun_exposed_lower_leg,excluded_at_or_below_-1,ENSG00000274445.1,ENSG00000274445,,,,,,,,,,,,,,,,,,,,,0,False
skin_sun_exposed_lower_leg,raw,ENSG00000274445.1,ENSG00000274445,0.0,754.0,-0.9875,1.0001e-06,0.0,-17675.90193946968,0.0,,,-1.0,-1.0,-1.0,0.0,,,,-1.0,6.157835486757643e-187,0.0,,754,True
small_intestine_terminal_ileum,excluded_at_or_below_-1,ENSG00000274445.1,ENSG00000274445,,,,,,,,,,,,,,,,,,,,,0,False
small_intestine_terminal_ileum,raw,ENSG00000274445.1,ENSG00000274445,0.0,207.0,-0.9875,1.0001e-06,0.0,-17675.90193946968,0.0,,,-1.0,-1.0,-1.0,0.0,,,,-1.0,1.6905463471602549e-187,0.0,,207,True
spleen,excluded_at_or_below_-1,ENSG00000274445.1,ENSG00000274445,,,,,,,,,,-0.6678661082631315,-0.6678661082631315,,,,,,,,,,1,False
spleen,raw,ENSG00000274445.1,ENSG00000274445,0.025641025641057146,276.7252045504589,-0.9959161454040372,0.0013010744767816258,0.9743589745191915,356.5766756175738,0.0,4.438979212517292,5.3917979549282615e-05,-1.0,-0.6678661082631315,-0.9988009606796503,0.019955991476578595,16.55305479929326,272.0036231884057,-1.0,-0.6678661082631315,270.1029847308784,0.0,0.014563407206919683,277,True
stomach,excluded_at_or_below_-1,ENSG00000274445.1,ENSG00000274445,,,,,,,,,,,,,,,,,,,,,0,False
stomach,raw,ENSG00000274445.1,ENSG00000274445,0.0,407.0,-0.9875,1.0001e-06,0.0,-17675.90193946968,0.0,,,-1.0,-1.0,-1.0,0.0,,,,-1.0,3.3239244603585686e-187,0.0,,407,True
testis,excluded_at_or_below_-1,ENSG00000274445.1,ENSG00000274445,,,,,,,,,,,,,,,,,,,,,0,False
testis,raw,ENSG00000274445.1,ENSG00000274445,0.0,414.0,-0.9875,1.0001e-06,0.0,-17675.90193946968,0.0,,,-1.0,-1.0,-1.0,0.0,,,,-1.0,3.3810926943205097e-187,0.0,,414,True
thyroid,excluded_at_or_below_-1,ENSG00000274445.1,ENSG00000274445,,,,,,,,,,,,,,,,,,,,,0,False
thyroid,raw,ENSG00000274445.1,ENSG00000274445,0.0,684.0,-0.9875,1.0001e-06,0.0,-17675.90193946968,0.0,,,-1.0,-1.0,-1.0,0.0,,,,-1.0,5.586153147138233e-187,0.0,,684,True
uterus,excluded_at_or_below_-1,ENSG00000274445.1,ENSG00000274445,,,,,,,,,,,,,,,,,,,,,0,False
uterus,raw,ENSG00000274445.1,ENSG00000274445,0.0,153.0,-0.9875,1.0001e-06,0.0,-17675.90193946968,0.0,,,-1.0,-1.0,-1.0,0.0,,,,-1.0,1.24953425659671e-187,0.0,,153,True
vagina,excluded_at_or_below_-1,ENSG00000274445.1,ENSG00000274445,,,,,,,,,,-0.7547830458072651,-0.7547830458072651,,,,,,,,,,1,False
vagina,raw,ENSG00000274445.1,ENSG00000274445,0.025641235218916883,192.28300943157336,-0.9971894149750139,0.0007083325676506051,0.9743589743606873,483.9737582865844,0.0,5.611442480643569,1.4622751557640864e-07,-1.0,-0.7547830458072651,-0.9985575473282781,0.01880728185376171,12.92307692307693,165.0059171597634,-1.0,-0.7547830458072651,191.1248806364474,0.0,2.7947716460304667e-05,170,True
whole_blood,excluded_at_or_below_-1,ENSG00000274445.1,ENSG00000274445,,,,,,,,,,,,,,,,,,,,,0,False
whole_blood,raw,ENSG00000274445.1,ENSG00000274445,0.0,803.0,-0.9875,1.0001e-06,0.0,-17675.90193946968,0.0,,,-1.0,-1.0,-1.0,0.0,,,,-1.0,6.55801312449123e-187,0.0,,803,True
adipose_subcutaneous,excluded_at_or_below_-1,ENSG00000274446.1,ENSG00000274446,,,,,,,,,,-0.6295979873700901,-0.6295979873700901,,,,,,,,,,1,False
adipose_subcutaneous,raw,ENSG00000274446.1,ENSG00000274446,2.439410682424689,678.8711182554914,-0.995374611626542,0.0037746823410749735,1243.1981194593097,137.0410053300555,0.0,1.7329370733550185,0.2241696405539743,-1.0,-0.6295979873700901,-0.9994812296741877,0.013861946933007374,26.66460955132372,709.0014025245439,-1.0,-0.6295979873700901,674.6864322864866,0.0,151.24421501230498,714,True
adipose_visceral_omentum,excluded_at_or_below_-1,ENSG00000274446.1,ENSG00000274446,,,,,,,,,,-0.7660726833519066,-0.7660726833519066,,,,,,,,,,1,False
adipose_visceral_omentum,raw,ENSG00000274446.1,ENSG00000274446,2.05392601826965,550.460956984584,-0.9972250062272153,0.0033091894588027156,1868.5928789120555,98.78514181614133,0.0,1.185919959503626,0.4950743014616904,-1.0,-0.7660726833519066,-0.9996014866837342,0.009655213654944102,24.166127254581827,582.0017064846425,-1.0,-0.7660726833519066,550.3752836009256,0.0,272.47665907050776,587,True
adrenal_gland,excluded_at_or_below_-1,ENSG00000274446.1,ENSG00000274446,,,,,,,,,,-0.5831159512793869,-0.5556032650492159,,,,,,,,,,2,False
adrenal_gland,raw,ENSG00000274446.1,ENSG00000274446,0.0512820512821491,332.4825646510769,-0.9951492783011233,0.0019793352477626702,1.897435900712395,314.0508582012608,0.0,3.4657880324231956,0.0025392403227708854,-1.0,-0.5556032650492159,-0.9970804041231477,0.03541619293582118,12.039845533478292,143.1096737849144,-1.0,-0.5556032650492159,322.6713803251365,0.0,0.8193401799257409,295,True
artery_aorta,excluded_at_or_below_-1,ENSG00000274446.1,ENSG00000274446,,,,,,,,,,-0.4921597016038278,-0.4284124967082354,,,,,,,,,,2,False
artery_aorta,raw,ENSG00000274446.1,ENSG00000274446,0.051282052015999155,511.3169067551817,-0.9936348123473531,0.0026842279811831542,1.8974358974369787,297.7932836317544,0.0,3.353565631729722,0.0036629870002962777,-1.0,-0.4284124967082354,-0.9977130766913391,0.03515647382479476,15.34486539959166,234.2806220891203,-1.0,-0.4284124967082354,504.347083456991,0.0,1.847416810340281,472,True
artery_coronary,excluded_at_or_below_-1,ENSG00000274446.1,ENSG00000274446,,,,,,,,,,,,,,,,,,,,,0,False
artery_coronary,raw,ENSG00000274446.1,ENSG00000274446,0.0,268.0,-0.9875,1.0001e-06,0.0,-17675.90193946968,0.0,,,-1.0,-1.0,-1.0,0.0,,,,-1.0,2.1887266716857407e-187,0.0,,268,True
artery_tibial,excluded_at_or_below_-1,ENSG00000274446.1,ENSG00000274446,,,,,,,,,,-0.1053653614726043,-0.1053653614726043,,,,,,,,,,1,False
artery_tibial,raw,ENSG00000274446.1,ENSG00000274446,2.358916117478264,654.7134190752536,-0.9888425381394172,0.009787895754336794,1326.5033966343449,127.65005233486532,0.0,1.6120966427237944,0.2740966286424447,-1.0,-0.1053653614726043,-0.9987053044304959,0.03403350559120236,26.22978172374605,686.0014492753623,-1.0,-0.1053653614726043,651.3482168425875,0.0,178.5323503088212,691,True
bladder,excluded_at_or_below_-1,ENSG00000274446.1,ENSG00000274446,,,,,,,,,,,,,,,,,,,,,0,False
bladder,raw,ENSG00000274446.1,ENSG00000274446,0.0,77.0,-0.9875,1.0001e-06,0.0,-17675.90193946968,0.0,,,-1.0,-1.0,-1.0,0.0,,,,-1.0,6.288505735813509e-188,0.0,,77,True
brain_amygdala,excluded_at_or_below_-1,ENSG00000274446.1,ENSG00000274446,,,,,,,,,,,,,,,,,,,,,0,False
brain_amygdala,raw,ENSG00000274446.1,ENSG00000274446,0.0,181.0,-0.9875,1.0001e-06,0.0,-17675.90193946968,0.0,,,-1.0,-1.0,-1.0,0.0,,,,-1.0,1.478207192444474e-187,0.0,,181,True
brain_anterior_cingulate_cortex_ba24,excluded_at_or_below_-1,ENSG00000274446.1,ENSG00000274446,,,,,,,,,,,,,,,,,,,,,0,False
brain_anterior_cingulate_cortex_ba24,raw,ENSG00000274446.1,ENSG00000274446,0.0,233.0,-0.9875,1.0001e-06,0.0,-17675.90193946968,0.0,,,-1.0,-1.0,-1.0,0.0,,,,-1.0,1.9028855018760357e-187,0.0,,233,True
brain_caudate_basal_ganglia,excluded_at_or_below_-1,ENSG00000274446.1,ENSG00000274446,,,,,,,,,,,,,,,,,,,,,0,False
brain_caudate_basal_ganglia,raw,ENSG00000274446.1,ENSG00000274446,0.0,300.0,-0.9875,1.0001e-06,0.0,-17675.90193946968,0.0,,,-1.0,-1.0,-1.0,0.0,,,,-1.0,2.450067169797471e-187,0.0,,300,True
brain_cerebellar_hemisphere,excluded_at_or_below_-1,ENSG00000274446.1,ENSG00000274446,,,,,,,,,,-0.643271340580889,-0.643271340580889,,,,,,,,,,1,False
brain_cerebellar_hemisphere,raw,ENSG00000274446.1,ENSG00000274446,0.02564102564102564,276.81252512065515,-0.9956092970543354,0.0012421909964164955,0.9743589743589743,401.1308389941832,0.0,4.998741475363954,3.871798509943741e-06,-1.0,-0.643271340580889,-0.9987121709046242,0.021433747846663544,16.553054799293275,272.00362318840575,-1.0,-0.643271340580889,268.1170747748952,0.0,0.0010380952906039083,277,True
brain_cerebellum,excluded_at_or_below_-1,ENSG00000274446.1,ENSG00000274446,,,,,,,,,,,,,,,,,,,,,0,False
brain_cerebellum,raw,ENSG00000274446.1,ENSG00000274446,0.0,266.0,-0.9875,1.0001e-06,0.0,-17675.90193946968,0.0,,,-1.0,-1.0,-1.0,0.0,,,,-1.0,2.1723928905537574e-187,0.0,,266,True
brain_cortex,excluded_at_or_below_-1,ENSG00000274446.1,ENSG00000274446,,,,,,,,,,,,,,,,,,,,,0,False
brain_cortex,raw,ENSG00000274446.1,ENSG00000274446,0.0,270.0,-0.9875,1.0001e-06,0.0,-17675.90193946968,0.0,,,-1.0,-1.0,-1.0,0.0,,,,-1.0,2.2050604528177237e-187,0.0,,270,True
brain_frontal_cortex_ba9,excluded_at_or_below_-1,ENSG00000274446.1,ENSG00000274446,,,,,,,,,,-0.6253455240916488,-0.6253455240916488,,,,,,,,,,1,False
brain_frontal_cortex_ba9,raw,ENSG00000274446.1,ENSG00000274446,0.025641025653385448,281.26352277881495,-0.9957084875338911,0.0017802955879283725,0.9743589754050906,294.2052597626182,0.0,3.4090491342096856,0.0030021295208263045,-1.0,-0.6253455240916488,-0.9986072324315675,0.02284308655618236,16.309620821566735,264.00373134328356,-1.0,-0.6253455240916488,280.5964273713244,0.0,0.8423868180498418,269,True
brain_hippocampus,excluded_at_or_below_-1,ENSG00000274446.1,ENSG00000274446,,,,,,,,,,,,,,,,,,,,,0,False
brain_hippocampus,raw,ENSG00000274446.1,ENSG00000274446,0.0,255.0,-0.9875,1.0001e-06,0.0,-17675.90193946968,0.0,,,-1.0,-1.0,-1.0,0.0,,,,-1.0,2.08255709432785e-187,0.0,,255,True
brain_hypothalamus,excluded_at_or_below_-1,ENSG00000274446.1,ENSG00000274446,,,,,,,,,,,,,,,,,,,,,0,False
brain_hypothalamus,raw,ENSG00000274446.1,ENSG00000274446,0.0,257.0,-0.9875,1.0001e-06,0.0,-17675.90193946968,0.0,,,-1.0,-1.0,-1.0,0.0,,,,-1.0,2.0988908754598334e-187,0.0,,257,True
brain_nucleus_accumbens_basal_ganglia,excluded_at_or_below_-1,ENSG00000274446.1,ENSG00000274446,,,,,,,,,,-0.8044697138731146,-0.8044697138731146,,,,,,,,,,1,False
brain_nucleus_accumbens_basal_ganglia,raw,ENSG00000274446.1,ENSG00000274446,0.025641025302437424,300.27443421744715,-0.9978062502451729,0.0010598149153099657,0.9743589758364286,257.98764283255696,0.0,2.927332509584592,0.013881123485910992,-1.0,-0.8044697138731146,-0.9993139288206074,0.011582214555517478,16.792960463443023,280.00352112676075,-1.0,-0.8044697138731146,298.056900865206,0.0,4.137364646737925,285,True
brain_putamen_basal_ganglia,excluded_at_or_below_-1,ENSG00000274446.1,ENSG00000274446,,,,,,,,,,-0.716021350487521,-0.716021350487521,,,,,,,,,,1,False
brain_putamen_basal_ganglia,raw,ENSG00000274446.1,ENSG00000274446,0.025641025625531364,265.5663340084755,-0.99616041423154,0.0013151160491251851,0.9743589743898893,301.248291784462,0.0,4.128908829957046,0.0001989069938321107,-1.0,-0.716021350487521,-0.998881973820817,0.017818405217189942,15.843104259240679,249.00395256917005,-1.0,-0.716021350487521,265.22905263078366,0.0,0.05275591353572784,254,True
brain_spinal_cord_cervical_c-1,excluded_at_or_below_-1,ENSG00000274446.1,ENSG00000274446,,,,,,,,,,-0.6054968333238324,-0.562361034408505,,,,,,,,,,2,False
brain_spinal_cord_cervical_c-1,raw,ENSG00000274446.1,ENSG00000274446,0.05128205128623464,292.23735421090953,-0.9958724070488271,0.0022090396543896045,1.8974359007235806,277.5313070603633,0.0,2.6424595501963264,0.030873547229451927,-1.0,-0.562361034408505,-0.9959208719006486,0.041151300691552324,9.99149028010159,98.10566292787703,-1.0,-0.562361034408505,288.3357587828364,0.0,8.901947666721657,204,True
brain_substantia_nigra,excluded_at_or_below_-1,ENSG00000274446.1,ENSG00000274446,,,,,,,,,,,,,,,,,,,,,0,False
brain_substantia_nigra,raw,ENSG00000274446.1,ENSG00000274446,0.0,183.0,-0.9875,1.0001e-06,0.0,-17675.90193946968,0.0,,,-1.0,-1.0,-1.0,0.0,,,,-1.0,1.4945409735764572e-187,0.0,,183,True
breast_mammary_tissue,excluded_at_or_below_-1,ENSG00000274446.1,ENSG00000274446,,,,,,,,,,-0.6843108936971223,-0.4532551561173622,,,,,,,,,,3,False
breast_mammary_tissue,raw,ENSG00000274446.1,ENSG00000274446,0.07692307693641967,523.2996435291341,-0.9935734487512488,0.0026356345307710586,2.7692307694900693,289.9208704848662,0.0,3.4483217719154347,0.002618215826672083,-1.0,-0.4532551561173622,-0.9974278607073371,0.03438297902102632,13.792557589680456,193.9755178363781,-1.0,-0.4532551561173622,523.1953362542201,0.0,1.3698383098218214,514,True
cells_cultured_fibroblasts,excluded_at_or_below_-1,ENSG00000274446.1,ENSG00000274446,,,,,,,,,,-0.6040345642675318,-0.5365198319090607,,,,,,,,,,2,False
cells_cultured_fibroblasts,raw,ENSG00000274446.1,ENSG00000274446,0.05128205128205128,722.7542109009499,-0.9944333292929946,0.0006961302529296244,1.8974358974358974,930.2676843431544,0.0,11.308891084652055,0.0,-1.0,-0.5365198319090607,-0.9986818318959765,0.023855350020864936,18.13838799720549,328.96370921652425,-1.0,-0.5365198319090607,689.8033203411869,0.0,0.0,652,True
cells_ebv-transformed_lymphocytes,excluded_at_or_below_-1,ENSG00000274446.1,ENSG00000274446,,,,,,,,,,-0.6839539171917228,-0.5024652954877977,,,,,,,,,,3,False
cells_ebv-transformed_lymphocytes,raw,ENSG00000274446.1,ENSG00000274446,0.07692307692307693,369.22946831688995,-0.9943386854983695,0.0015418507246437948,2.769230769230807,451.1552305325052,0.0,5.1926607557391025,1.4098563330679025e-06,-1.0,-0.5024652954877977,-0.9964429355497613,0.03778751343058617,10.958689208573649,122.88020379139839,-1.0,-0.5024652954877977,365.6140263851131,0.0,0.0005154632505574991,327,True
cervix_ectocervix,excluded_at_or_below_-1,ENSG00000274446.1,ENSG00000274446,,,,,,,,,,,,,,,,,,,,,0,False
cervix_ectocervix,raw,ENSG00000274446.1,ENSG00000274446,0.0,24.0,-0.9875,1.0001e-06,0.0,-17675.90193946968,0.0,,,-1.0,-1.0,-1.0,0.0,,,,-1.0,1.9600537358379766e-188,0.0,,24,True
cervix_endocervix,excluded_at_or_below_-1,ENSG00000274446.1,ENSG00000274446,,,,,,,,,,,,,,,,,,,,,0,False
cervix_endocervix,raw,ENSG00000274446.1,ENSG00000274446,0.0,23.0,-0.9875,1.0001e-06,0.0,-17675.90193946968,0.0,,,-1.0,-1.0,-1.0,0.0,,,,-1.0,1.878384830178061e-188,0.0,,23,True
colon_sigmoid,excluded_at_or_below_-1,ENSG00000274446.1,ENSG00000274446,,,,,,,,,,-0.6909169677511227,-0.4995946151593861,,,,,,,,,,3,False
colon_sigmoid,raw,ENSG00000274446.1,ENSG00000274446,0.07894736842281339,517.4827173353543,-0.992545851411573,0.0025653229312529195,2.769390877229667,271.7546065656303,0.0,4.109329824042504,0.00021547528315429148,-1.0,-0.4995946151593861,-0.9973171305399234,0.032514865177974125,12.710260548640333,167.89665237135839,-1.0,-0.4995946151593861,517.1560554793739,0.0,0.11143434748937456,419,True
colon_transverse,excluded_at_or_below_-1,ENSG00000274446.1,ENSG00000274446,,,,,,,,,,-0.953922494820413,-0.6061697774569003,,,,,,,,,,6,False
colon_transverse,raw,ENSG00000274446.1,ENSG00000274446,0.15384562639721705,532.1388985435399,-0.9958084359018291,0.002127723744306338,5.0769230815625646,258.9773586313571,0.0,2.7859663694836954,0.02091345902964216,-1.0,-0.6061697774569003,-0.9965800962761504,0.03287650806253178,9.954188537602164,99.77678591275217,-1.0,-0.6061697774569003,525.0337736937247,0.0,10.980272315322251,479,True
esophagus_gastroesophageal_junction,excluded_at_or_below_-1,ENSG00000274446.1,ENSG00000274446,,,,,,,,,,-0.5934143519186728,-0.5934143519186728,,,,,,,,,,1,False
esophagus_gastroesophageal_junction,raw,ENSG00000274446.1,ENSG00000274446,0.025641025641025657,413.6259256899686,-0.9950617465078115,0.0008522781012623726,0.974358974549411,666.4669570630157,0.0,8.194209205593236,2.75743877547837e-15,-1.0,-0.5934143519186728,-0.9989911026102201,0.02025347375319226,20.000062188958047,398.0024875621891,-1.0,-0.5934143519186728,394.2184504204135,0.0,1.0870332411982986e-12,403,True
esophagus_mucosa,excluded_at_or_below_-1,ENSG00000274446.1,ENSG00000274446,,,,,,,,,,-0.6093862376883351,-0.5018349306930566,,,,,,,,,,4,False
esophagus_mucosa,raw,ENSG00000274446.1,ENSG00000274446,-0.5310085130906748,558.8587384579033,-0.9938010005679222,0.006039689601056819,2743.1339910106963,115.1955041071455,0.0,1.451516493240576,0.3500966271771668,-1.0,-0.5018349306930566,-0.9970983438673579,0.036061303279064254,12.471619092742499,155.16495885718712,-1.0,-0.5018349306930566,556.6812183149094,0.0,194.89221694492582,614,True
esophagus_muscularis,excluded_at_or_below_-1,ENSG00000274446.1,ENSG00000274446,,,,,,,,,,-0.5406586182017872,-0.5069891086741963,,,,,,,,,,2,False
esophagus_muscularis,raw,ENSG00000274446.1,ENSG00000274446,0.05128206943459089,595.5710237155535,-0.9941365682382036,0.0011877031938527923,1.8974358974359105,580.0527840261128,0.0,6.981664074408483,2.6221640362569432e-11,-1.0,-0.5069891086741963,-0.9983024023651978,0.028424006862654255,16.689938650938096,276.90496050624495,-1.0,-0.5069891086741963,591.1915658444412,0.0,1.5502012624957207e-08,561,True
fallopian_tube,excluded_at_or_below_-1,ENSG00000274446.1,ENSG00000274446,,,,,,,,,,,,,,,,,,,,,0,False
fallopian_tube,raw,ENSG00000274446.1,ENSG00000274446,0.0,29.0,-0.9875,1.0001e-06,0.0,-17675.90193946968,0.0,,,-1.0,-1.0,-1.0,0.0,,,,-1.0,2.368398264137555e-188,0.0,,29,True
heart_atrial_appendage,excluded_at_or_below_-1,ENSG00000274446.1,ENSG00000274446,,,,,,,,,,,,,,,,,,,,,0,False
heart_atrial_appendage,raw,ENSG00000274446.1,ENSG00000274446,0.0,461.0,-0.9875,1.0001e-06,0.0,-17675.90193946968,0.0,,,-1.0,-1.0,-1.0,0.0,,,,-1.0,3.7649365509221136e-187,0.0,,461,True
heart_left_ventricle,excluded_at_or_below_-1,ENSG00000274446.1,ENSG00000274446,,,,,,,,,,-0.6376311104514999,-0.6376311104514999,,,,,,,,,,1,False
heart_left_ventricle,raw,ENSG00000274446.1,ENSG00000274446,0.6446289244842298,416.7900859586447,-0.9955127075901212,0.004567361181829943,1216.835484971955,110.8125651219906,0.0,1.3894214912607172,0.38205625908833085,-1.0,-0.6376311104514999,-0.999198298916928,0.017044398822563245,21.189672420660465,447.00221729490005,-1.0,-0.6376311104514999,415.51722520188923,0.0,158.75095664739732,452,True
kidney_cortex,excluded_at_or_below_-1,ENSG00000274446.1,ENSG00000274446,,,,,,,,,,-0.8088441910748754,-0.6688405544515559,,,,,,,,,,3,False
kidney_cortex,raw,ENSG00000274446.1,ENSG00000274446,0.07692307692297876,110.8914472418448,-0.9963541133894058,0.0016083145623653596,2.7692307692822986,287.98726800669766,0.0,3.2058792553577886,0.005979505529849601,-1.0,-0.6688405544515559,-0.9929491700332479,0.04244306678400662,6.21792060676753,39.02942520984791,-1.0,-0.6688405544515559,108.75941835871745,0.0,0.6503275434991762,104,True
kidney_medulla,excluded_at_or_below_-1,ENSG00000274446.1,ENSG00000274446,,,,,,,,,,,,,,,,,,,,,0,False
kidney_medulla,raw,ENSG00000274446.1,ENSG00000274446,0.0,11.0,-0.9875,1.0001e-06,0.0,-17675.90193946968,0.0,,,-1.0,-1.0,-1.0,0.0,,,,-1.0,8.983579622590726e-189,0.0,,11,True
liver,excluded_at_or_below_-1,ENSG00000274446.1,ENSG00000274446,,,,,,,,,,,,,,,,,,,,,0,False
liver,raw,ENSG00000274446.1,ENSG00000274446,0.0,262.0,-0.9875,1.0001e-06,0.0,-17675.90193946968,0.0,,,-1.0,-1.0,-1.0,0.0,,,,-1.0,2.1397253282897912e-187,0.0,,262,True
lung,excluded_at_or_below_-1,ENSG00000274446.1,ENSG00000274446,,,,,,,,,,-0.6085501038199475,-0.3935663001401461,,,,,,,,,,4,False
lung,raw,ENSG00000274446.1,ENSG00000274446,-0.2860791133623243,553.954131845733,-0.9924549214608135,0.007305563002009188,2206.6968583757734,115.9330787222944,0.0,1.4605790678080717,0.3455175752581532,-1.0,-0.3935663001401461,-0.9966873757864513,0.04119109081738452,12.675811187355917,162.5094868783572,-1.0,-0.3935663001401461,551.779246303242,0.0,190.6494272604678,604,True
minor_salivary_gland,excluded_at_or_below_-1,ENSG00000274446.1,ENSG00000274446,,,,,,,,,,-0.589809794632236,-0.589809794632236,,,,,,,,,,1,False
minor_salivary_gland,raw,ENSG00000274446.1,ENSG00000274446,0.025641025642226655,205.26445745064123,-0.9955729572653204,0.0019313795319953046,0.974358975718851,297.111861341038,0.0,3.2416124189331326,0.005370328197992191,-1.0,-0.589809794632236,-0.9977337557714487,0.030489197849778184,13.34187226574874,176.0055555555556,-1.0,-0.589809794632236,199.76464571715846,0.0,1.072801709856776,181,True
muscle_skeletal,excluded_at_or_below_-1,ENSG00000274446.1,ENSG00000274446,,,,,,,,,,,,,,,,,,,,,0,False
muscle_skeletal,raw,ENSG00000274446.1,ENSG00000274446,0.0,818.0,-0.9875,1.0001e-06,0.0,-17675.90193946968,0.0,,,-1.0,-1.0,-1.0,0.0,,,,-1.0,6.680516482981104e-187,0.0,,818,True
nerve_tibial,excluded_at_or_below_-1,ENSG00000274446.1,ENSG00000274446,,,,,,,,,,,,,,,,,,,,,0,False
nerve_tibial,raw,ENSG00000274446.1,ENSG00000274446,0.0,670.0,-0.9875,1.0001e-06,0.0,-17675.90193946968,0.0,,,-1.0,-1.0,-1.0,0.0,,,,-1.0,5.471816679214351e-187,0.0,,670,True
ovary,excluded_at_or_below_-1,ENSG00000274446.1,ENSG00000274446,,,,,,,,,,-0.6284500584284324,0.051984551504931,,,,,,,,,,6,False
ovary,raw,ENSG00000274446.1,ENSG00000274446,0.15384615384615385,257.07938033048055,-0.9878970037758698,0.0018531270206042449,7.076923076923078,793.58542743617,0.0,9.236399456274036,3.273412859510338e-19,-1.0,0.051984551504931,-0.9832100466066328,0.10272982478142886,7.2333837999563775,59.17943972384291,-1.0,0.051984551504931,254.37282255725745,0.0,8.326672684688674e-17,193,True
pancreas,excluded_at_or_below_-1,ENSG00000274446.1,ENSG00000274446,,,,,,,,,,-0.8168578043193706,-0.6762644752698529,,,,,,,,,,2,False
pancreas,raw,ENSG00000274446.1,ENSG00000274446,0.05128205128203633,405.3130105159695,-0.996460166783407,0.0014711837700934329,1.897435897435959,307.7964145316405,0.0,3.4027565048021167,0.003144794037480051,-1.0,-0.6762644752698529,-0.9985997853027326,0.0195259622735192,14.715405010809835,224.1370007236098,-1.0,-0.6762644752698529,394.3704115292155,0.0,1.2402137187356295,362,True
pituitary,excluded_at_or_below_-1,ENSG00000274446.1,ENSG00000274446,0.10001462140701255,5.497796276430932,-0.5405225712095164,0.1197317491457372,26.305064776058124,13.378732100371199,0.0,2.794720864663063,0.020138071710440922,-0.7771323919629661,0.5921627871756034,-0.5231699767073431,0.20880665761504336,4.06645212933513,19.765877686332797,-0.7771323919629661,0.5921627871756034,5.49730581160147,0.0,0.11070513864825404,38,True
pituitary,raw,ENSG00000274446.1,ENSG00000274446,0.9743589743588609,332.7654867553429,-0.98346652893076,0.0076436698063518825,158.974358974368,291.519179211348,0.0,3.0589833956187262,0.009345811520065014,-1.0,0.5921627871756034,-0.9421100930187829,0.17175760644246926,3.8773528108550863,21.741473076061972,-1.0,0.5921627871756034,330.8202883339832,0.0,3.0917840617829704,313,True
prostate,excluded_at_or_below_-1,ENSG00000274446.1,ENSG00000274446,,,,,,,,,,-0.6347610005112434,-0.1109540725639461,,,,,,,,,,7,False
prostate,raw,ENSG00000274446.1,ENSG00000274446,0.17948717976839332,348.8500374030176,-0.9912155729067443,0.00476801442731967,5.743589745202971,261.0893425755593,0.0,2.605498813463836,0.033585214421155335,-1.0,-0.1109540725639461,-0.9858080632511261,0.09293142604410873,6.946152199754513,50.07658449174964,-1.0,-0.1109540725639461,348.6259113161465,0.0,11.70867598432345,282,True
skin_not_sun_exposed_suprapubic,excluded_at_or_below_-1,ENSG00000274446.1,ENSG00000274446,,,,,,,,,,-0.6030798981237104,-0.4236645901013134,,,,,,,,,,2,False
skin_not_sun_exposed_suprapubic,raw,ENSG00000274446.1,ENSG00000274446,1.9937441890015233,598.8529747021101,-0.9928364260055288,0.0068971086322255435,2554.7243490608894,116.70550263564603,0.0,1.468850795057792,0.341330977423435,-1.0,-0.4236645901013134,-0.9985049838528803,0.02740727133363851,18.829589156842882,361.9460232356853,-1.0,-0.4236645901013134,596.5466542589625,0.0,203.61985257689156,651,True
skin_sun_exposed_lower_leg,excluded_at_or_below_-1,ENSG00000274446.1,ENSG00000274446,,,,,,,,,,-0.6986886281482216,-0.3181217007240284,,,,,,,,,,6,False
skin_sun_exposed_lower_leg,raw,ENSG00000274446.1,ENSG00000274446,0.15384615384615385,791.9500978642193,-0.9920826040665619,0.0025319232281078587,5.076923077041837,376.4429503372094,0.0,4.422286024886088,5.669077768008579e-05,-1.0,-0.3181217007240284,-0.9965071974650642,0.04081279919622798,12.633786272103714,169.77001994797016,-1.0,-0.3181217007240284,791.6271816413481,0.0,0.044877960559942476,754,True
small_intestine_terminal_ileum,excluded_at_or_below_-1,ENSG00000274446.1,ENSG00000274446,,,,,,,,,,-0.6480110422137029,-0.4886503768919523,,,,,,,,,,2,False
small_intestine_terminal_ileum,raw,ENSG00000274446.1,ENSG00000274446,0.05128205128205128,232.658173099036,-0.9940659816476781,0.0012857241194037263,1.8974358994139653,555.9245502931302,0.0,6.527037259841309,5.616981788726413e-10,-1.0,-0.4886503768919523,-0.9958292822179017,0.043049639550880904,10.522725793295873,111.75879562917237,-1.0,-0.4886503768919523,232.41372270375186,0.0,1.305463647877092e-07,207,True
spleen,excluded_at_or_below_-1,ENSG00000274446.1,ENSG00000274446,,,,,,,,,,-0.4401763683876356,-0.4401763683876356,,,,,,,,,,1,False
spleen,raw,ENSG00000274446.1,ENSG00000274446,0.025641025641052945,276.72572717738217,-0.9931165288464231,0.0021924983635381525,0.9743589744210164,356.6595474395963,0.0,4.440002521088819,5.367409421638871e-05,-1.0,-0.4401763683876356,-0.9979789760591612,0.03363654206567529,16.553054799293275,272.0036231884058,-1.0,-0.4401763683876356,270.10094435416164,0.0,0.014497423535201049,277,True
stomach,excluded_at_or_below_-1,ENSG00000274446.1,ENSG00000274446,,,,,,,,,,-0.7928043071082538,-0.6330908943915685,,,,,,,,,,3,False
stomach,raw,ENSG00000274446.1,ENSG00000274446,-0.3640872008255384,373.539228245149,-0.9954352675412944,0.004436690913582527,983.3297231792467,115.49876625147692,0.0,1.45502733398516,0.34831262988523937,-1.0,-0.6330908943915685,-0.9977524676163171,0.026796654294945103,12.28394526322022,152.92115080768266,-1.0,-0.6330908943915685,372.0862183803903,0.0,129.60232926812722,407,True
testis,excluded_at_or_below_-1,ENSG00000274446.1,ENSG00000274446,0.7953605454447483,16.412453772551217,-0.5958980114158963,0.4294923744813882,339.1671598476296,4.941064554814748,0.0,0.4857076465796532,0.8887401340449882,-0.7434059522131913,0.9046883247469216,-0.37954900454258933,0.2804429585421414,1.3085070867383637,2.109338988433324,-0.7434059522131913,0.9046883247469216,16.412270273280257,0.0,14.58624328265767,240,True
testis,raw,ENSG00000274446.1,ENSG00000274446,6.15384620081697,207.2296444997195,-0.974606699777476,0.0034516881375433006,2287.076923076923,769.9781687908475,0.0,10.404053940303177,0.0,-1.0,0.9046883247469216,-0.6403182635029503,0.3735427653285731,0.8254516187266341,0.29023918662476955,-1.0,0.9046883247469216,207.19451751717185,0.0,0.0,414,True
thyroid,excluded_at_or_below_-1,ENSG00000274446.1,ENSG00000274446,,,,,,,,,,-0.6004405931435566,-0.1527422632306437,,,,,,,,,,7,False
thyroid,raw,ENSG00000274446.1,ENSG00000274446,0.17948717948717977,772.9810036032789,-0.9906334345953914,0.0033586078588417616,5.743589789943192,352.8119709531514,0.0,3.943992387554405,0.0004297955441801937,-1.0,-0.1527422632306437,-0.9934936648952327,0.06579687534535257,10.473981214652174,111.82609881316881,-1.0,-0.1527422632306437,753.6419876803174,0.0,0.32391196821210455,684,True
uterus,excluded_at_or_below_-1,ENSG00000274446.1,ENSG00000274446,,,,,,,,,,-0.616536234341305,-0.3800658820633407,,,,,,,,,,3,False
uterus,raw,ENSG00000274446.1,ENSG00000274446,0.07692307692307693,163.75971521776657,-0.9926156763101941,0.0012279813356108294,2.76923076923077,705.4473887600587,0.0,8.504209639214292,2.001128340347834e-16,-1.0,-0.3800658820633407,-0.9895486397257593,0.07563161920532925,7.301243298498141,52.58377510935019,-1.0,-0.3800658820633407,161.65441629992256,0.0,3.23491233800155e-14,153,True
vagina,excluded_at_or_below_-1,ENSG00000274446.1,ENSG00000274446,,,,,,,,,,-0.7175768016508128,-0.5867872207189778,,,,,,,,,,2,False
vagina,raw,ENSG00000274446.1,ENSG00000274446,0.05263182892842905,167.09388835502733,-0.9948353285735586,0.0033450731376377402,2.6273532812482134,172.51257132038288,0.0,2.1834943739473163,0.09313120735339883,-1.0,-0.5867872207189778,-0.9959080236609987,0.038281203227019195,9.52400466500617,91.28316522472919,-1.0,-0.5867872207189778,165.41839108715888,0.0,15.405614480403809,170,True
whole_blood,excluded_at_or_below_-1,ENSG00000274446.1,ENSG00000274446,,,,,,,,,,-0.6038975182401631,-0.3462630613210963,,,,,,,,,,4,False
whole_blood,raw,ENSG00000274446.1,ENSG00000274446,0.10256410254846655,848.0164703724511,-0.9926046110477755,0.0031781421646727617,3.5897435907270974,287.6098482028827,0.0,3.2908091625086007,0.004476987558622697,-1.0,-0.3462630613210963,-0.9973807311626983,0.03760513109634703,14.679648897018264,218.91159319616585,-1.0,-0.3462630613210963,843.0215025626096,0.0,3.774196778624194,803,True
