tissue,table,gene,genename,y0,A,x0,w,sumsquarevalue,rti_sigma_dist,rti,lti_sigma_dist,lti,min,max,mean,std,skew,kurt,left,right,maxheight,rightheight,leftheight,n_obs,fit_success
adipose_subcutaneous,excluded_at_or_below_-1,ENSG00000237175.1,NME1P1,0.10718244004072841,71.87385320413053,-1.3101455162203874,0.21251727897313233,6.669807356003906,5.247456263454776,0.0,-2.8416477144775683,1.0,-0.8831242684057142,-0.5215976219627267,-0.7802437872657589,0.1178977895194284,1.2318030407577802,0.24989848600411113,-0.8831242684057142,-0.5215976219627267,1.2679129823458881,0.0,1.2679129823458881,11,True
adipose_subcutaneous,raw,ENSG00000237175.1,NME1P1,0.3104807245043075,696.976765223703,-0.9940500205808703,0.00510419106963337,54.402329193146436,130.90195499861468,0.0,1.6485553686332393,0.2582280438497184,-1.0,-0.5215976219627267,-0.9966144000839262,0.030471644059051138,10.956385542024579,136.3167326296483,-1.0,-0.5215976219627267,693.5316429724097,0.0,179.0893195126472,714,True
adipose_visceral_omentum,excluded_at_or_below_-1,ENSG00000237175.1,NME1P1,0.08138367242449784,0.8383197340748926,-0.8459182620211526,0.05198617789127158,7.656607856528776,5.085036214230878,0.0,1.8350002727518313,0.18570017031043146,-0.9133724663562696,-0.6589934550118249,-0.8283048676244741,0.06041291646440431,1.4337129207107966,2.24499525027145,-0.9133724663562696,-0.6589934550118249,0.8383162322661337,0.0,0.15567546710582025,15,True
adipose_visceral_omentum,raw,ENSG00000237175.1,NME1P1,0.38461538461538464,637.2190328684346,-0.9960440848177511,0.000930373814573362,17.230769230769234,512.3333916018639,0.0,6.013183964017428,1.4084232112053903e-08,-1.0,-0.6589934550118249,-0.9956125605014772,0.028679255854741917,7.249370942214901,57.91947011255526,-1.0,-0.6589934550118249,636.5943947363291,0.0,8.965943216698857e-06,587,True
adrenal_gland,excluded_at_or_below_-1,ENSG00000237175.1,NME1P1,0.383626525068979,0.998494127269195,-0.866805824560108,0.08067162905724194,25.763833507648442,4.8659244328526885,0.0,1.2703662873205115,0.4462284631043538,-0.9392719079185344,-0.5892366784907093,-0.8034667165778042,0.10166848027901404,0.8180993741452632,-0.40464156477124025,-0.9392719079185344,-0.5892366784907093,0.9984869144252708,0.0,0.44555328125379706,30,True
adrenal_gland,raw,ENSG00000237175.1,NME1P1,0.7894738361219076,254.0326936615646,-0.994866392493088,0.003980615656781647,131.15000217613272,144.1101307699425,0.0,1.8238428389354255,0.19086524313351746,-1.0,-0.5892366784907093,-0.9800135643977429,0.06752872573400072,3.8309519776036756,15.107864178664808,-1.0,-0.5892366784907093,252.25721379991282,0.0,48.14713444410405,295,True
artery_aorta,excluded_at_or_below_-1,ENSG00000237175.1,NME1P1,,,,,,,,,,-0.8389481944827712,-0.5245819863730092,,,,,,,,,,5,False
artery_aorta,raw,ENSG00000237175.1,NME1P1,0.13162074842871932,454.38527777619265,-0.9940647792899285,0.0050765361908515485,164.23596112091022,130.78778680636853,0.0,1.6534245612170064,0.2563221047413763,-1.0,-0.5245819863730092,-0.9971569017814597,0.030083308149843977,12.190596913175103,162.6673819411791,-1.0,-0.5245819863730092,451.85416391192814,0.0,115.8202103300599,472,True
artery_coronary,excluded_at_or_below_-1,ENSG00000237175.1,NME1P1,,,,,,,,,,-0.8078500317406225,-0.6273487270100364,,,,,,,,,,5,False
artery_coronary,raw,ENSG00000237175.1,NME1P1,0.12820512820512822,263.5465169940256,-0.995348053174192,0.0001223391452349261,4.358974358975055,4253.991124477251,0.0,53.77548028363576,0.0,-1.0,-0.6273487270100364,-0.9954449187437079,0.03428397525971515,8.008369813604558,67.60735353393342,-1.0,-0.6273487270100364,0.7239863827000396,0.0,0.0,268,True
artery_tibial,excluded_at_or_below_-1,ENSG00000237175.1,NME1P1,,,,,,,,,,-0.8541764895134077,-0.6898774635146829,,,,,,,,,,3,False
artery_tibial,raw,ENSG00000237175.1,NME1P1,2.6865712421934727,642.1669228029931,-0.9961804989340378,0.003923197546298202,2356.2335313671165,110.41450290843255,0.0,1.3768336019885046,0.3885413754375472,-1.0,-0.6898774635146829,-0.9991131681102731,0.014320374524603998,17.981093353071834,348.2397224674702,-1.0,-0.6898774635146829,640.5764696988763,0.0,248.89046260972967,691,True
bladder,excluded_at_or_below_-1,ENSG00000237175.1,NME1P1,,,,,,,,,,-0.9002940984775134,-0.9002940984775134,,,,,,,,,,1,False
bladder,raw,ENSG00000237175.1,NME1P1,0.02564102593091747,89.23863540399955,-0.9989822914179965,0.0005699045716518328,0.9743589754025238,244.89394864477072,0.0,2.5254355743127572,0.04126243785798427,-1.0,-0.9002940984775134,-0.9987051181620457,0.01136254201393047,8.60309002014607,72.01315789473682,-1.0,-0.9002940984775134,89.13965934707473,0.0,3.67811965449051,77,True
brain_amygdala,excluded_at_or_below_-1,ENSG00000237175.1,NME1P1,,,,,,,,,,-0.9067630129073042,-0.9067630129073042,,,,,,,,,,1,False
brain_amygdala,raw,ENSG00000237175.1,NME1P1,0.02564102426411613,204.91199239148023,-0.999014288167553,0.0004989869197671562,0.974358974849801,261.4557605640961,0.0,2.793674516936898,0.02041392252808221,-1.0,-0.9067630129073042,-0.9994848785243498,0.006930250671972338,13.341872265748744,176.00555555555556,-1.0,-0.9067630129073042,202.71682659234665,0.0,4.1382455931948305,181,True
brain_anterior_cingulate_cortex_ba24,excluded_at_or_below_-1,ENSG00000237175.1,NME1P1,,,,,,,,,,-0.7856364235036586,-0.7856364235036586,,,,,,,,,,1,False
brain_anterior_cingulate_cortex_ba24,raw,ENSG00000237175.1,NME1P1,-0.10598914523998042,220.83937838786886,-0.9973263961385902,0.0024348177549745236,131.20927524167288,122.95574471931766,0.0,1.552907536300768,0.30090204194810943,-1.0,-0.7856364235036586,-0.9990799846502303,0.014043424824741529,15.165892995297947,228.0043103448275,-1.0,-0.7856364235036586,219.78399953012843,0.0,66.13345424613797,233,True
brain_caudate_basal_ganglia,excluded_at_or_below_-1,ENSG00000237175.1,NME1P1,,,,,,,,,,-0.910804250206962,-0.8650483674582385,,,,,,,,,,4,False
brain_caudate_basal_ganglia,raw,ENSG00000237175.1,NME1P1,0.1025641025641021,310.9258066702215,-0.9984407844894554,0.0005736384707273012,5.589743589743593,328.8575904682546,0.0,3.8439955376056596,0.0006191377856076308,-1.0,-0.8650483674582385,-0.9986199880571023,0.01208666335624364,8.943759220414607,80.98876234454842,-1.0,-0.8650483674582385,310.62493561261533,0.0,0.19231963478970754,300,True
brain_cerebellar_hemisphere,excluded_at_or_below_-1,ENSG00000237175.1,NME1P1,,,,,,,,,,-0.9002065879590663,-0.8501527487426457,,,,,,,,,,2,False
brain_cerebellar_hemisphere,raw,ENSG00000237175.1,NME1P1,-0.24862515182437642,257.5642161908163,-0.9981672415189116,0.0019948248564812844,367.61638551066807,104.93357471051425,0.0,1.299318028892833,0.4306586578222816,-1.0,-0.8501527487426457,-0.9990987701685983,0.010799211623006634,12.310020440009113,154.15646765864736,-1.0,-0.8501527487426457,257.13336545900034,0.0,110.73671004989929,277,True
brain_cerebellum,excluded_at_or_below_-1,ENSG00000237175.1,NME1P1,,,,,,,,,,,,,,,,,,,,,0,False
brain_cerebellum,raw,ENSG00000237175.1,NME1P1,0.0,266.0,-0.9875,1.0001e-06,0.0,-17675.90193946968,0.0,,,-1.0,-1.0,-1.0,0.0,,,,-1.0,2.1723928905537574e-187,0.0,,266,True
brain_cortex,excluded_at_or_below_-1,ENSG00000237175.1,NME1P1,,,,,,,,,,-0.9139160155475852,-0.8898706539056487,,,,,,,,,,3,False
brain_cortex,raw,ENSG00000237175.1,NME1P1,0.07692307692307696,360.4182803078417,-0.9988790082003679,0.00046646828684067377,4.769230772716133,330.4856887478364,0.0,3.3985628842766555,0.0031083944935555055,-1.0,-0.8898706539056487,-0.9988677445975268,0.010766545529176,9.48993687887475,88.94588398768066,-1.0,-0.8898706539056487,359.890325495921,0.0,1.1186811060554391,270,True
brain_frontal_cortex_ba9,excluded_at_or_below_-1,ENSG00000237175.1,NME1P1,,,,,,,,,,-0.9099948255354952,-0.9099948255354952,,,,,,,,,,1,False
brain_frontal_cortex_ba9,raw,ENSG00000237175.1,NME1P1,0.025641017418735135,281.292688595719,-0.9989775333292764,0.0004658518772526221,0.9743589750984272,270.12996689161514,0.0,3.1039613736013827,0.008120856652917969,-1.0,-0.9099948255354952,-0.9996654082733661,0.005487712340316256,16.309620821566742,264.00373134328316,-1.0,-0.9099948255354952,280.1785981921737,0.0,2.275290233134143,269,True
brain_hippocampus,excluded_at_or_below_-1,ENSG00000237175.1,NME1P1,,,,,,,,,,-0.9158078037764736,-0.8128847164904829,,,,,,,,,,4,False
brain_hippocampus,raw,ENSG00000237175.1,NME1P1,0.10256409913597773,336.4486429399295,-0.9982745450509728,0.0011325922321621868,3.589743614919736,231.48738127556186,0.0,2.1544927829143083,0.0998931830233195,-1.0,-0.8128847164904829,-0.9977522678765536,0.018528662374548643,8.56327332459843,74.153770168817,-1.0,-0.8128847164904829,330.68946870111057,0.0,33.03362362084423,255,True
brain_hypothalamus,excluded_at_or_below_-1,ENSG00000237175.1,NME1P1,,,,,,,,,,-0.8102424785895052,-0.8102424785895052,,,,,,,,,,1,False
brain_hypothalamus,raw,ENSG00000237175.1,NME1P1,0.025646647503442015,255.8598406368061,-0.9976298537169855,0.0016984624573151024,1.003709473147424,156.02686193116904,0.0,1.9734866695527027,0.14381159816236028,-1.0,-0.8102424785895052,-0.9992616438855622,0.011836748970641645,15.93749999999997,252.00390624999946,-1.0,-0.8102424785895052,253.80243812543623,0.0,36.49973424432297,257,True
brain_nucleus_accumbens_basal_ganglia,excluded_at_or_below_-1,ENSG00000237175.1,NME1P1,,,,,,,,,,-0.8130418585942942,-0.8130418585942942,,,,,,,,,,1,False
brain_nucleus_accumbens_basal_ganglia,raw,ENSG00000237175.1,NME1P1,0.02564102531235996,300.27529174667507,-0.9979022504627483,0.0010125860098781098,0.9743589758552087,258.1825847637799,0.0,2.929791461764575,0.01378126682265273,-1.0,-0.8130418585942942,-0.9993440065213833,0.011074444524959546,16.792960463443002,280.0035211267601,-1.0,-0.8130418585942942,298.0632683793046,0.0,4.107689431567069,285,True
brain_putamen_basal_ganglia,excluded_at_or_below_-1,ENSG00000237175.1,NME1P1,,,,,,,,,,-0.9153261212168082,-0.8254721368443354,,,,,,,,,,5,False
brain_putamen_basal_ganglia,raw,ENSG00000237175.1,NME1P1,0.12820512820512817,362.86967604304414,-0.9982199115044914,0.0006538294798144215,6.358974358974474,373.6482574378644,0.0,3.8502780469415057,0.0006052065993829594,-1.0,-0.8254721368443354,-0.9978011492377907,0.016244097520825767,7.95514316781545,67.06228134236825,-1.0,-0.8254721368443354,362.0071282391707,0.0,0.21908910303401938,254,True
brain_spinal_cord_cervical_c-1,excluded_at_or_below_-1,ENSG00000237175.1,NME1P1,,,,,,,,,,-0.843418285011491,-0.843418285011491,,,,,,,,,,1,False
brain_spinal_cord_cervical_c-1,raw,ENSG00000237175.1,NME1P1,-0.2092957286091159,192.74193997989173,-0.9980676760809347,0.001970860681254423,124.43110673277434,110.9704345636162,0.0,1.3865610690962658,0.383440180479046,-1.0,-0.843418285011491,-0.9992324425735858,0.010962912851067964,14.17762060814067,199.00492610837483,-1.0,-0.843418285011491,192.22144175657397,0.0,73.70542431908358,204,True
brain_substantia_nigra,excluded_at_or_below_-1,ENSG00000237175.1,NME1P1,,,,,,,,,,,,,,,,,,,,,0,False
brain_substantia_nigra,raw,ENSG00000237175.1,NME1P1,0.0,183.0,-0.9875,1.0001e-06,0.0,-17675.90193946968,0.0,,,-1.0,-1.0,-1.0,0.0,,,,-1.0,1.4945409735764572e-187,0.0,,183,True
breast_mammary_tissue,excluded_at_or_below_-1,ENSG00000237175.1,NME1P1,,,,,,,,,,-0.8953788553533877,-0.4793082221279158,,,,,,,,,,8,False
breast_mammary_tissue,raw,ENSG00000237175.1,NME1P1,0.20512820512820543,550.5961772851809,-0.9940520453248195,0.0019246267616753888,12.358974358974361,378.23317767812404,0.0,4.370550351642509,7.150137866290266e-05,-1.0,-0.4793082221279158,-0.9967617854686621,0.030021877597542997,12.40162692766389,184.12261349551048,-1.0,-0.4793082221279158,547.8164514310656,0.0,0.039169631531539906,514,True
cells_cultured_fibroblasts,excluded_at_or_below_-1,ENSG00000237175.1,NME1P1,,,,,,,,,,-0.904193025220172,-0.6712990819584976,,,,,,,,,,4,False
cells_cultured_fibroblasts,raw,ENSG00000237175.1,NME1P1,0.026229644558456517,628.2396639651669,-0.9959454205689419,0.003988106818271853,470.6816547457251,115.12210579068851,0.0,1.4377852656429166,0.35673866333942317,-1.0,-0.6712990819584976,-0.9988309676973446,0.01634061881452644,16.084168717385342,282.9050740417555,-1.0,-0.6712990819584976,626.4445669336958,0.0,223.4769974641711,652,True
cells_ebv-transformed_lymphocytes,excluded_at_or_below_-1,ENSG00000237175.1,NME1P1,0.2455667801710722,1765267978576.9937,-3.8494459778927093,0.578986199997515,24.91323381325334,9.109666726217018,0.0,-7.19270298798134,1.0,-0.904716920328047,-0.1199022502780258,-0.7909665078043749,0.14926114688863817,2.604989292883235,8.52934811944755,-0.904716920328047,-0.1199022502780258,10.296822203512965,0.0,10.296822203512965,39,True
cells_ebv-transformed_lymphocytes,raw,ENSG00000237175.1,NME1P1,1.0000000022925128,371.1429361717806,-0.9899755852488468,0.001926428588771637,162.00000004190667,638.7309229871414,0.0,7.359039093670043,1.7710689754462804e-12,-1.0,-0.1199022502780258,-0.9750694000133657,0.08485753068714218,5.185697068098398,36.653989893664274,-1.0,-0.1199022502780258,364.41629543644433,0.0,6.454063949945521e-10,327,True
cervix_ectocervix,excluded_at_or_below_-1,ENSG00000237175.1,NME1P1,,,,,,,,,,-0.590569958870234,-0.590569958870234,,,,,,,,,,1,False
cervix_ectocervix,raw,ENSG00000237175.1,NME1P1,0.025641025641232867,33.87319548923217,-0.9956421993209068,0.0012198411600373247,0.9743589743589745,469.617418196209,0.0,5.052183041850983,2.996681718735213e-06,-1.0,-0.590569958870234,-0.9829404149529264,0.08357455717788805,4.587317109255642,19.043478260869556,-1.0,-0.590569958870234,32.40628025777924,0.0,9.71113076206967e-05,24,True
cervix_endocervix,excluded_at_or_below_-1,ENSG00000237175.1,NME1P1,,,,,,,,,,-0.7432658745335523,-0.7432658745335523,,,,,,,,,,1,False
cervix_endocervix,raw,ENSG00000237175.1,NME1P1,0.02564102564397515,53.14523648255362,-0.9980578329499328,0.0013482239073267872,0.9743589744037867,267.2629087927224,0.0,2.0372276204813287,0.12835521458891685,-1.0,-0.7432658745335523,-0.9888376467188501,0.05353276574009186,4.477215043467819,18.04545454545454,-1.0,-0.7432658745335523,51.97870068796201,0.0,6.671737280856425,23,True
colon_sigmoid,excluded_at_or_below_-1,ENSG00000237175.1,NME1P1,,,,,,,,,,-0.8358200128073993,-0.674840427533041,,,,,,,,,,2,False
colon_sigmoid,raw,ENSG00000237175.1,NME1P1,0.05128205128205121,463.28825089244447,-0.996377842315964,0.0013625780061655446,1.8974358974358976,333.7222314897304,0.0,3.7594211110401425,0.0008677430875085035,-1.0,-0.674840427533041,-0.9988321251559437,0.0177780258159547,16.34374394567718,278.47411178540045,-1.0,-0.674840427533041,455.4749663950392,0.0,0.39523525362246276,419,True
colon_transverse,excluded_at_or_below_-1,ENSG00000237175.1,NME1P1,0.19254815951892024,2.1400555072871112,-0.8511816090726634,0.026521801298202266,9.865295504606209,19.259431427219216,0.0,3.81644599209655,0.0006873776530445712,-0.9227542661032296,-0.4899951327020576,-0.8053922409180738,0.10960885277952966,1.7433031342322152,2.4038716908264917,-0.9227542661032296,-0.4899951327020576,2.140048441206038,0.0,0.0014710214749178996,17,True
colon_transverse,raw,ENSG00000237175.1,NME1P1,0.43589743589743596,524.174820453953,-0.9942938054777233,0.0018753762549609716,21.589743589743584,380.2895662347715,0.0,4.303017947249847,9.710988488359365e-05,-1.0,-0.4899951327020576,-0.993093252809201,0.0412463477741247,7.644639488309815,69.60495875648712,-1.0,-0.4899951327020576,514.6622782195885,0.0,0.04997879459183302,479,True
esophagus_gastroesophageal_junction,excluded_at_or_below_-1,ENSG00000237175.1,NME1P1,,,,,,,,,,-0.8966527642685993,-0.875376738310996,,,,,,,,,,2,False
esophagus_gastroesophageal_junction,raw,ENSG00000237175.1,NME1P1,0.05128205128205041,504.2516129236657,-0.9982156289541904,0.0004732331446775645,1.8974358974359007,367.0926837823978,0.0,5.332428131190103,6.926520208113247e-07,-1.0,-0.875376738310996,-0.9994343163835722,0.008054949547866626,14.273204150650116,203.4212957845905,-1.0,-0.875376738310996,487.07522957887693,0.0,0.00033737364205494585,403,True
esophagus_mucosa,excluded_at_or_below_-1,ENSG00000237175.1,NME1P1,0.24129872811507536,37.36438688100141,-1.5187853828895501,0.2900828259570581,8.371292328431107,4.313316640502465,0.0,-2.866712439174603,1.0,-0.9307666651461028,-0.6340398864420591,-0.814162904043552,0.0917946007064272,0.49154724443798375,-0.8862346895221851,-0.9307666651461028,-0.6340398864420591,0.6102594793465415,0.0,0.6102594793465435,15,True
esophagus_mucosa,raw,ENSG00000237175.1,NME1P1,0.38461538461523453,623.6558488456203,-0.9957637508702408,0.0016709288954907195,11.230769230774023,306.14994826461935,0.0,3.5854074874546265,0.0016173141191698492,-1.0,-0.6340398864420591,-0.9954600057991095,0.0318884522327987,7.987037053407855,68.36255585170022,-1.0,-0.6340398864420591,623.2911363412319,0.0,1.0080575551580937,614,True
esophagus_muscularis,excluded_at_or_below_-1,ENSG00000237175.1,NME1P1,,,,,,,,,,-0.8735715599635179,-0.8048351126190487,,,,,,,,,,4,False
esophagus_muscularis,raw,ENSG00000237175.1,NME1P1,-0.18193641848626949,511.3548135919821,-0.9975610805820875,0.0021020166129016326,2111.476943389422,129.66390276933873,0.0,1.6408780488112575,0.26169474486274985,-1.0,-0.8048351126190487,-0.998818298388628,0.014115337445855568,12.084712246152474,146.49527507228245,-1.0,-0.8048351126190487,508.46677066061767,0.0,133.0630818192177,561,True
fallopian_tube,excluded_at_or_below_-1,ENSG00000237175.1,NME1P1,,,,,,,,,,-0.8819579544513406,-0.8819579544513406,,,,,,,,,,1,False
fallopian_tube,raw,ENSG00000237175.1,NME1P1,0.038504981075339915,26.045241926822126,-0.9985249578112966,0.0012172728637920593,4.663771146112076,135.42619898984333,0.0,1.7136869886662673,0.2317269753723469,-1.0,-0.8819579544513406,-0.9959295846362531,0.021919857567269264,5.102520385624569,24.0357142857143,-1.0,-0.8819579544513406,25.885138036144856,0.0,5.998284744211536,29,True
heart_atrial_appendage,excluded_at_or_below_-1,ENSG00000237175.1,NME1P1,,,,,,,,,,-0.9347103271591732,-0.674866913972278,,,,,,,,,,7,False
heart_atrial_appendage,raw,ENSG00000237175.1,NME1P1,0.1794872138821953,521.0928673109739,-0.9954051960328385,0.0014272648049940607,7.743589744385883,317.60720516870276,0.0,4.552788006870923,3.255265211856077e-05,-1.0,-0.674866913972278,-0.9977221357027005,0.020970990295616634,11.360130050221201,146.69244389770043,-1.0,-0.674866913972278,505.0415335995056,0.0,0.016440441348688634,461,True
heart_left_ventricle,excluded_at_or_below_-1,ENSG00000237175.1,NME1P1,,,,,,,,,,-0.940261254611609,-0.8936047752411667,,,,,,,,,,5,False
heart_left_ventricle,raw,ENSG00000237175.1,NME1P1,0.12820507566143385,492.6631719523229,-0.9988386036122049,0.0005396227439157749,4.358974364256835,275.7910206356932,0.0,3.043723678125233,0.009961158818027465,-1.0,-0.8936047752411667,-0.9991600619490593,0.008147389224755682,10.098263850035833,105.32219192743283,-1.0,-0.8936047752411667,481.4299182891653,0.0,4.795599875828629,452,True
kidney_cortex,excluded_at_or_below_-1,ENSG00000237175.1,NME1P1,,,,,,,,,,-0.930620912262544,-0.7947426286947739,,,,,,,,,,5,False
kidney_cortex,raw,ENSG00000237175.1,NME1P1,0.12820512820512817,103.0432766765804,-0.9975667759524396,0.0006517582478407026,4.3589743589743595,440.096708831608,0.0,5.279715998612648,8.874716353316218e-07,-1.0,-0.7947426286947739,-0.9937339543711848,0.02973016881586053,5.011377650625494,25.381532765501948,-1.0,-0.7947426286947739,102.75400443178513,0.0,9.119126434994906e-05,104,True
kidney_medulla,excluded_at_or_below_-1,ENSG00000237175.1,NME1P1,,,,,,,,,,,,,,,,,,,,,0,False
kidney_medulla,raw,ENSG00000237175.1,NME1P1,0.0,11.0,-0.9875,1.0001e-06,0.0,-17675.90193946968,0.0,,,-1.0,-1.0,-1.0,0.0,,,,-1.0,8.983579622590726e-189,0.0,,11,True
liver,excluded_at_or_below_-1,ENSG00000237175.1,NME1P1,,,,,,,,,,-0.8868542850677356,-0.8868542850677356,,,,,,,,,,1,False
liver,raw,ENSG00000237175.1,NME1P1,0.02564102358321372,281.79495276558777,-0.9987636828568534,0.000642494967228332,0.9743589793888123,246.32689154455545,0.0,2.721292088520092,0.025101391703938134,-1.0,-0.8868542850677356,-0.9995681461262127,0.0069901656129113575,16.093595975344495,257.00383141762444,-1.0,-0.8868542850677356,276.8003148192429,0.0,6.948073126051194,262,True
lung,excluded_at_or_below_-1,ENSG00000237175.1,NME1P1,0.2507998859795467,0.4698256061005697,-0.8706420294970422,0.11529541761349599,10.558943113857278,3.721340195885587,0.0,0.6322658055575956,0.8186505941985898,-0.9221882400793904,-0.5672554099778853,-0.7826355137156458,0.10254117049231744,0.6335893096078864,-0.6009907567695887,-0.9221882400793904,-0.5672554099778853,0.4693634363195379,0.0,0.38424465603808167,18,True
lung,raw,ENSG00000237175.1,NME1P1,0.46153846153846023,837.7102677530308,-0.9956872565020575,0.001832343796115322,15.692307776037508,330.66618240068505,0.0,3.3286004290009132,0.003927912324433026,-1.0,-0.5672554099778853,-0.9935222504087443,0.04080160565158091,7.1602391369034715,55.185891360177436,-1.0,-0.5672554099778853,837.5903174293343,0.0,3.289981330656448,604,True
minor_salivary_gland,excluded_at_or_below_-1,ENSG00000237175.1,NME1P1,,,,,,,,,,-0.850546813831508,-0.850546813831508,,,,,,,,,,1,False
minor_salivary_gland,raw,ENSG00000237175.1,NME1P1,0.025641025641025637,191.24369427616074,-0.9980168928260272,0.00046640556353648465,0.9743589743589749,447.1520111744263,0.0,6.0130866360319235,1.4089485104351513e-08,-1.0,-0.850546813831508,-0.9991742917891243,0.01110876784170281,13.341872265748727,176.00555555555528,-1.0,-0.850546813831508,191.09680075316513,0.0,2.6924555277009488e-06,181,True
muscle_skeletal,excluded_at_or_below_-1,ENSG00000237175.1,NME1P1,,,,,,,,,,-0.8774624469969716,-0.7823622840128035,,,,,,,,,,2,False
muscle_skeletal,raw,ENSG00000237175.1,NME1P1,2.9791026575459116,769.1902073217306,-0.9973835673319831,0.002967651157397669,3029.77607154049,102.46690023213655,0.0,1.2468428288553222,0.4599203367190009,-1.0,-0.7823622840128035,-0.9995841378129705,0.008728192708789146,22.23364918419315,514.1045971383511,-1.0,-0.7823622840128035,768.7238084649587,0.0,353.55171283311716,818,True
nerve_tibial,excluded_at_or_below_-1,ENSG00000237175.1,NME1P1,,,,,,,,,,-0.8509722127946042,-0.5186080510252207,,,,,,,,,,9,False
nerve_tibial,raw,ENSG00000237175.1,NME1P1,-0.5195714648832976,603.2385493543048,-0.9940331068361622,0.006080475220257493,3559.152421658429,110.57566020166212,0.0,1.387796336940505,0.3829544920485059,-1.0,-0.5186080510252207,-0.9961961293294389,0.03546387951837656,10.311774843915295,111.89179403916299,-1.0,-0.5186080510252207,601.341205405288,0.0,230.2863158638183,670,True
ovary,excluded_at_or_below_-1,ENSG00000237175.1,NME1P1,,,,,,,,,,-0.835069588249852,-0.7675664088232869,,,,,,,,,,3,False
ovary,raw,ENSG00000237175.1,NME1P1,0.07692307696322515,237.79563270236164,-0.9977095562414505,0.0012970813660211568,2.7692307708332953,250.92609368400167,0.0,2.497280981786104,0.044273981078530325,-1.0,-0.7675664088232869,-0.9969465442369518,0.02460880393280433,8.075097336968236,64.49931076363644,-1.0,-0.7675664088232869,237.59405751560712,0.0,10.519234806817288,193,True
pancreas,excluded_at_or_below_-1,ENSG00000237175.1,NME1P1,,,,,,,,,,-0.9341506183074144,-0.7580000002978304,,,,,,,,,,3,False
pancreas,raw,ENSG00000237175.1,NME1P1,0.07692307692307694,384.411743146929,-0.9971068459667909,0.0005033677337309653,2.7692307692307696,671.7715923007975,0.0,8.128327259820422,4.575218231859502e-15,-1.0,-0.7580000002978304,-0.9989589314643164,0.013650890830376251,15.894864993472645,269.78274530725696,-1.0,-0.7580000002978304,378.03414106982757,0.0,1.7295886944879157e-12,362,True
pituitary,excluded_at_or_below_-1,ENSG00000237175.1,NME1P1,,,,,,,,,,,,,,,,,,,,,0,False
pituitary,raw,ENSG00000237175.1,NME1P1,0.0,313.0,-0.9875,1.0001e-06,0.0,-17675.90193946968,0.0,,,-1.0,-1.0,-1.0,0.0,,,,-1.0,2.5562367471553613e-187,0.0,,313,True
prostate,excluded_at_or_below_-1,ENSG00000237175.1,NME1P1,,,,,,,,,,-0.7057115686957054,-0.7057115686957054,,,,,,,,,,1,False
prostate,raw,ENSG00000237175.1,NME1P1,0.02631578947028469,296.98684266102094,-0.9967329507936457,0.00174811150205911,0.974376772673504,235.4348592859686,0.0,2.6430266554075477,0.0307117911711264,-1.0,-0.7057115686957054,-0.9989564240024671,0.0175246210589784,16.703399615613026,277.00355871886137,-1.0,-0.7057115686957054,294.1240177018431,0.0,9.033075410071802,282,True
skin_not_sun_exposed_suprapubic,excluded_at_or_below_-1,ENSG00000237175.1,NME1P1,,,,,,,,,,-0.9079603898490692,-0.6301237291116514,,,,,,,,,,6,False
skin_not_sun_exposed_suprapubic,raw,ENSG00000237175.1,NME1P1,0.153846153872706,691.0253358335735,-0.9958690578643375,0.0018727235123134627,5.076923078618517,276.19774136208815,0.0,3.1195391926358504,0.0077869390935951365,-1.0,-0.6301237291116514,-0.9981044248460494,0.021580882374096385,13.019006375268464,184.64695047791167,-1.0,-0.6301237291116514,683.8383267805765,0.0,5.325007400506354,651,True
skin_sun_exposed_lower_leg,excluded_at_or_below_-1,ENSG00000237175.1,NME1P1,,,,,,,,,,-0.8828129817947495,-0.732594844406513,,,,,,,,,,7,False
skin_sun_exposed_lower_leg,raw,ENSG00000237175.1,NME1P1,-0.6267426254296276,685.3077991927073,-0.996758450194273,0.0037510312014534153,4618.714539063357,99.5949470763339,0.0,1.2221289166005196,0.47433899395988827,-1.0,-0.732594844406513,-0.9982806192771494,0.018363912564214827,11.251163773706754,131.641888522972,-1.0,-0.732594844406513,684.6457632794541,0.0,324.75418257287606,754,True
small_intestine_terminal_ileum,excluded_at_or_below_-1,ENSG00000237175.1,NME1P1,0.2105263209011944,10.290159388661335,-0.8887190657316131,0.002280819195914327,6.315790125198518,145.89647665050308,0.0,3.740935212553672,0.0009143669136186334,-0.8947523813994013,-0.6534197492674532,-0.8137173784427832,0.0819081806346569,0.5907877847550576,-1.0172116165517426,-0.8947523813994013,-0.6534197492674532,10.289958707638664,0.0,0.009408797784766748,12,True
small_intestine_terminal_ileum,raw,ENSG00000237175.1,NME1P1,0.31050288044580443,198.56048183965666,-0.9958248070676857,0.0011193439208806314,14.308000386690326,432.60508904650754,0.0,5.275067260612872,9.183426380039589e-07,-1.0,-0.6534197492674532,-0.9892010074459585,0.04756564477843093,4.832456489181517,23.984835789676204,-1.0,-0.6534197492674532,196.09940873538326,0.0,0.00018008644832906429,207,True
spleen,excluded_at_or_below_-1,ENSG00000237175.1,NME1P1,0.1298709479107287,0.7625973187733119,-0.8501287844328932,0.04048426393810384,7.3934943370720365,13.531745313086901,0.0,1.7294029737266918,0.22415610432339478,-0.8996358803245547,-0.4627596038694246,-0.7685725319636492,0.13396978264703166,1.3142880182790484,0.6948110951678799,-0.8996358803245547,-0.4627596038694246,0.7625936985623275,0.0,0.17094003265130056,10,True
spleen,raw,ENSG00000237175.1,NME1P1,0.3042604253926325,264.38594089813114,-0.99328903900398,0.005150223699025419,15.12528803082914,145.67948233926265,0.0,1.8427805493039615,0.1843605977591046,-1.0,-0.4627596038694246,-0.9916452177604206,0.0495553632929508,7.335265198662459,61.34211143336884,-1.0,-0.4627596038694246,262.5263676815128,0.0,48.39951807329017,277,True
stomach,excluded_at_or_below_-1,ENSG00000237175.1,NME1P1,,,,,,,,,,-0.87123809616789,-0.5260209149873106,,,,,,,,,,5,False
stomach,raw,ENSG00000237175.1,NME1P1,0.12820512820079605,445.3208044949098,-0.9948143260517969,0.0023066291643954796,4.358974360006295,287.4211468891636,0.0,3.17937991108168,0.006533801858118195,-1.0,-0.5260209149873106,-0.9964318125189912,0.03525105705503446,11.028432833058499,128.12724269429043,-1.0,-0.5260209149873106,434.9942936368232,0.0,2.842166524035125,407,True
testis,excluded_at_or_below_-1,ENSG00000237175.1,NME1P1,0.8604539842537882,2.7389582310078757,-0.8830355234916244,0.022763341729727115,57.34673295535936,22.43291070382079,0.0,1.3642811938106532,0.3943406456311514,-0.9049951481596552,-0.5219528511640854,-0.7660995853426008,0.11293816191062103,0.5001744867979999,-1.1422952247269786,-0.9049951481596552,-0.5219528511640854,2.7387078263725497,0.0,1.0799838124468388,45,True
testis,raw,ENSG00000237175.1,NME1P1,2.4339890013407754,352.21742685121365,-0.994046981351952,0.005243078006156861,352.0329322815616,127.33778151772863,0.0,1.6057055987424549,0.276855594527113,-1.0,-0.5219528511640854,-0.9745760418850653,0.0816824312392722,3.4875565301709477,11.757121864250905,-1.0,-0.5219528511640854,350.50068752712093,0.0,97.03807622748292,414,True
thyroid,excluded_at_or_below_-1,ENSG00000237175.1,NME1P1,,,,,,,,,,-0.868625190969113,-0.704900025147789,,,,,,,,,,6,False
thyroid,raw,ENSG00000237175.1,NME1P1,-0.48619929088781244,625.6143833086834,-0.99636983811091,0.0038691667705102848,3058.8379911738734,106.53471069184023,0.0,1.3268552330930194,0.4155842363476046,-1.0,-0.704900025147789,-0.998243316063859,0.01962055010090066,11.989480587666188,150.29841088223301,-1.0,-0.704900025147789,624.2380123793594,0.0,259.42347767382256,684,True
uterus,excluded_at_or_below_-1,ENSG00000237175.1,NME1P1,,,,,,,,,,,,,,,,,,,,,0,False
uterus,raw,ENSG00000237175.1,NME1P1,0.0,153.0,-0.9875,1.0001e-06,0.0,-17675.90193946968,0.0,,,-1.0,-1.0,-1.0,0.0,,,,-1.0,1.24953425659671e-187,0.0,,153,True
vagina,excluded_at_or_below_-1,ENSG00000237175.1,NME1P1,,,,,,,,,,-0.7983159590059626,-0.7983159590059626,,,,,,,,,,1,False
vagina,raw,ENSG00000237175.1,NME1P1,0.025641025641025637,185.07884537402424,-0.9972600952298066,0.0007253555446894638,0.9743589743589743,387.8780518908295,0.0,5.341946461962194,6.385138075599146e-07,-1.0,-0.7983159590059626,-0.9988136232882703,0.015468459825168446,12.923076923076895,165.00591715976304,-1.0,-0.7983159590059626,184.32646669761976,0.0,0.00011769499408516293,170,True
whole_blood,excluded_at_or_below_-1,ENSG00000237175.1,NME1P1,0.2561227705940477,1.6498479086648217,-0.8253686558204523,0.020792551138143586,11.034540200277622,20.76775269970687,0.0,3.718830036207422,0.000992932634516016,-0.8800449549022931,-0.5200296522060504,-0.7666540731971873,0.09740664453863446,1.056959538792855,0.3556482200572546,-0.8800449549022931,-0.5200296522060504,1.6498467826236531,0.0,0.001638186712418277,17,True
whole_blood,raw,ENSG00000237175.1,NME1P1,0.43589743598524494,891.0822831090458,-0.9944383915474038,0.0012338130224049373,21.58974362200861,543.7738628962778,0.0,6.374792581569368,1.5004291006423732e-09,-1.0,-0.5200296522060504,-0.9950599243391685,0.03631854849535015,8.37732140909401,77.50122592758974,-1.0,-0.5200296522060504,889.7684372585663,0.0,1.3350344560958405e-06,803,True
adipose_subcutaneous,excluded_at_or_below_-1,ENSG00000243678.12,NME2,1.6222123196619034,56.18034606599658,7.813122755374341,0.4002959965778868,751.2233985646453,5.147248021676078,0.0,3.52889468270961,0.001974526190375923,6.814262009432082,9.270061672727762,7.816654365128894,0.3373754015612337,0.24584235871898755,0.9688146311803405,6.814262009432082,9.270061672727762,56.17945971795222,0.0,0.11092781457426582,714,True
adipose_subcutaneous,raw,ENSG00000243678.12,NME2,1.6222123196619034,56.18034606599658,7.813122755374341,0.4002959965778868,751.2233985646453,5.147248021676078,0.0,3.52889468270961,0.001974526190375923,6.814262009432082,9.270061672727762,7.816654365128894,0.3373754015612337,0.24584235871898755,0.9688146311803405,6.814262009432082,9.270061672727762,56.17945971795222,0.0,0.11092781457426582,714,True
adipose_visceral_omentum,excluded_at_or_below_-1,ENSG00000243678.12,NME2,2.174674862614195,47.99723555435284,7.779745503805266,0.4610392653176841,705.0470735635085,4.902567787935946,0.0,4.722065171910973,8.353349852040956e-06,6.240333412475236,9.37800216832722,7.787351099953841,0.4327958992616166,0.0333418838956918,0.9303941418232831,6.240333412475236,9.37800216832722,47.99686112999156,0.0,0.0004009345728186453,587,True
adipose_visceral_omentum,raw,ENSG00000243678.12,NME2,2.174674862614195,47.99723555435284,7.779745503805266,0.4610392653176841,705.0470735635085,4.902567787935946,0.0,4.722065171910973,8.353349852040956e-06,6.240333412475236,9.37800216832722,7.787351099953841,0.4327958992616166,0.0333418838956918,0.9303941418232831,6.240333412475236,9.37800216832722,47.99686112999156,0.0,0.0004009345728186453,587,True
adrenal_gland,excluded_at_or_below_-1,ENSG00000243678.12,NME2,1.1072303219265769,29.872868339198302,7.345048962753401,0.35528605237938465,242.93100701864637,6.686486143022495,0.0,5.260374617900875,9.79760518218496e-07,6.023510418819075,9.02486262686334,7.337282502368485,0.3735262993600057,0.04249214021946432,2.5213889557809868,6.023510418819075,9.02486262686334,29.872491965464892,0.0,2.9267888208561743e-05,295,True
adrenal_gland,raw,ENSG00000243678.12,NME2,1.1072303219265769,29.872868339198302,7.345048962753401,0.35528605237938465,242.93100701864637,6.686486143022495,0.0,5.260374617900875,9.79760518218496e-07,6.023510418819075,9.02486262686334,7.337282502368485,0.3735262993600057,0.04249214021946432,2.5213889557809868,6.023510418819075,9.02486262686334,29.872491965464892,0.0,2.9267888208561743e-05,295,True
artery_aorta,excluded_at_or_below_-1,ENSG00000243678.12,NME2,1.7997140329267032,32.53950081379789,7.857691444628008,0.3718729254448018,363.8870322594761,4.9824926662787385,0.0,3.1675631790495946,0.006622153866458871,7.024768456711103,9.167857160128005,7.886133254233997,0.3325773359666877,0.3555675590789405,0.663687222145954,7.024768456711103,9.167857160128005,32.539253456272434,0.0,0.2154799430871397,472,True
artery_aorta,raw,ENSG00000243678.12,NME2,1.7997140329267032,32.53950081379789,7.857691444628008,0.3718729254448018,363.8870322594761,4.9824926662787385,0.0,3.1675631790495946,0.006622153866458871,7.024768456711103,9.167857160128005,7.886133254233997,0.3325773359666877,0.3555675590789405,0.663687222145954,7.024768456711103,9.167857160128005,32.539253456272434,0.0,0.2154799430871397,472,True
artery_coronary,excluded_at_or_below_-1,ENSG00000243678.12,NME2,0.6447117237201125,16.536570866759472,7.949275301246234,0.5367259125881162,230.29261661383845,3.6851293757883754,0.0,3.154090859135874,0.005796105363636234,6.75222675087395,9.347864934276132,7.9824344566849685,0.42978542686846466,0.0948803500447739,0.28465844423089903,6.75222675087395,9.347864934276132,16.517904698625575,0.0,0.09573951601973585,268,True
artery_coronary,raw,ENSG00000243678.12,NME2,0.6447117237201125,16.536570866759472,7.949275301246234,0.5367259125881162,230.29261661383845,3.6851293757883754,0.0,3.154090859135874,0.005796105363636234,6.75222675087395,9.347864934276132,7.9824344566849685,0.42978542686846466,0.0948803500447739,0.28465844423089903,6.75222675087395,9.347864934276132,16.517904698625575,0.0,0.09573951601973585,268,True
artery_tibial,excluded_at_or_below_-1,ENSG00000243678.12,NME2,1.3854779183547292,51.19574064206531,7.738996070187203,0.5216961249515459,592.1087829923493,4.35417209724579,0.0,3.72130424985355,0.0009074949010555198,6.366226031370291,9.345227809821727,7.765288426793808,0.42317581331530224,0.2732015682933296,0.661115407969715,6.366226031370291,9.345227809821727,51.1918250493778,0.0,0.04645632020803658,691,True
artery_tibial,raw,ENSG00000243678.12,NME2,1.3854779183547292,51.19574064206531,7.738996070187203,0.5216961249515459,592.1087829923493,4.35417209724579,0.0,3.72130424985355,0.0009074949010555198,6.366226031370291,9.345227809821727,7.765288426793808,0.42317581331530224,0.2732015682933296,0.661115407969715,6.366226031370291,9.345227809821727,51.1918250493778,0.0,0.04645632020803658,691,True
bladder,excluded_at_or_below_-1,ENSG00000243678.12,NME2,0.08783369873963678,4.638852191291148,7.689849265747721,0.42749878248182704,53.36466770539849,4.352452547775333,0.0,1.6891281820166597,0.24007368232598303,7.179247288450773,9.005540342745753,7.736682146060988,0.3126092765609046,0.9232779114672497,2.2231192037433782,7.179247288450773,9.005540342745753,4.638442798579596,0.0,1.1135680429134416,77,True
bladder,raw,ENSG00000243678.12,NME2,0.08783369873963678,4.638852191291148,7.689849265747721,0.42749878248182704,53.36466770539849,4.352452547775333,0.0,1.6891281820166597,0.24007368232598303,7.179247288450773,9.005540342745753,7.736682146060988,0.3126092765609046,0.9232779114672497,2.2231192037433782,7.179247288450773,9.005540342745753,4.638442798579596,0.0,1.1135680429134416,77,True
brain_amygdala,excluded_at_or_below_-1,ENSG00000243678.12,NME2,0.4436513240882331,9.283169369843693,6.273226221852295,0.8555081084268467,135.58227155868695,2.1800745478369326,0.09041031126501543,3.436666466643706,0.0,4.194264382992005,7.592030893418192,6.183340382176682,0.6395376101938607,-0.4307549495461414,-0.026706445528019263,4.194264382992005,7.592030893418192,9.257774002179229,0.8369982291581918,0.0,181,True
brain_amygdala,raw,ENSG00000243678.12,NME2,0.4436513240882331,9.283169369843693,6.273226221852295,0.8555081084268467,135.58227155868695,2.1800745478369326,0.09041031126501543,3.436666466643706,0.0,4.194264382992005,7.592030893418192,6.183340382176682,0.6395376101938607,-0.4307549495461414,-0.026706445528019263,4.194264382992005,7.592030893418192,9.257774002179229,0.8369982291581918,0.0,181,True
brain_anterior_cingulate_cortex_ba24,excluded_at_or_below_-1,ENSG00000243678.12,NME2,1.922635660167427,11.533861028172161,6.5312590446002465,0.542145598290804,160.41814018169518,2.3488072166502176,0.06338688056594771,4.990652537604717,0.0,4.618068294738505,7.43168563335661,6.331860668196972,0.5895722762143165,-0.7999502158389377,0.1501341349920522,4.618068294738505,7.43168563335661,11.53373529032996,0.7310875013274014,0.0,233,True
brain_anterior_cingulate_cortex_ba24,raw,ENSG00000243678.12,NME2,1.922635660167427,11.533861028172161,6.5312590446002465,0.542145598290804,160.41814018169518,2.3488072166502176,0.06338688056594771,4.990652537604717,0.0,4.618068294738505,7.43168563335661,6.331860668196972,0.5895722762143165,-0.7999502158389377,0.1501341349920522,4.618068294738505,7.43168563335661,11.53373529032996,0.7310875013274014,0.0,233,True
brain_caudate_basal_ganglia,excluded_at_or_below_-1,ENSG00000243678.12,NME2,2.942082681610231,17.84231175760343,6.530307966132126,0.5524462962266234,338.16755090402046,2.865787771151401,0.016467643773648327,6.926646709722206,0.0,3.8244929309296607,7.649795066289398,6.192633277099006,0.7262884602785766,-0.8059581056168514,0.1696764616593387,3.8244929309296607,7.649795066289398,17.842098182455505,0.2938173170431355,0.0,300,True
brain_caudate_basal_ganglia,raw,ENSG00000243678.12,NME2,2.942082681610231,17.84231175760343,6.530307966132126,0.5524462962266234,338.16755090402046,2.865787771151401,0.016467643773648327,6.926646709722206,0.0,3.8244929309296607,7.649795066289398,6.192633277099006,0.7262884602785766,-0.8059581056168514,0.1696764616593387,3.8244929309296607,7.649795066289398,17.842098182455505,0.2938173170431355,0.0,300,True
brain_cerebellar_hemisphere,excluded_at_or_below_-1,ENSG00000243678.12,NME2,1.741303182665289,20.95052962467039,6.2661277664971475,0.4116154398985246,206.56031552020005,3.319724633290385,0.0040450297429877975,6.806691325741275,0.0,4.28499894773723,7.232353767739028,6.120917670089389,0.4910773027127176,-1.0429163460493212,1.3405840055846214,4.28499894773723,7.232353767739028,20.95012179591634,0.08474386578369852,0.0,277,True
brain_cerebellar_hemisphere,raw,ENSG00000243678.12,NME2,1.741303182665289,20.95052962467039,6.2661277664971475,0.4116154398985246,206.56031552020005,3.319724633290385,0.0040450297429877975,6.806691325741275,0.0,4.28499894773723,7.232353767739028,6.120917670089389,0.4910773027127176,-1.0429163460493212,1.3405840055846214,4.28499894773723,7.232353767739028,20.95012179591634,0.08474386578369852,0.0,277,True
brain_cerebellum,excluded_at_or_below_-1,ENSG00000243678.12,NME2,1.049117846306611,14.467931305736549,6.06516555729133,0.3930703119515032,238.0611616248669,1.8937601935654034,0.1663807739556701,4.393438002600351,0.0,4.844041610973162,6.591522346570735,5.979604244937998,0.3284399663443509,-0.8328884647033863,0.6774551823020794,4.844041610973162,6.591522346570735,14.466856899746453,2.407006847685741,0.0,266,True
brain_cerebellum,raw,ENSG00000243678.12,NME2,1.049117846306611,14.467931305736549,6.06516555729133,0.3930703119515032,238.0611616248669,1.8937601935654034,0.1663807739556701,4.393438002600351,0.0,4.844041610973162,6.591522346570735,5.979604244937998,0.3284399663443509,-0.8328884647033863,0.6774551823020794,4.844041610973162,6.591522346570735,14.466856899746453,2.407006847685741,0.0,266,True
brain_cortex,excluded_at_or_below_-1,ENSG00000243678.12,NME2,1.3687832856617967,23.31026456021973,6.418497388329213,0.3656841049122861,337.76996457621254,3.974037517062953,0.00037205164197680904,6.883768393772741,0.0,4.63850831844914,7.446094910358646,6.299527652091975,0.423295015359447,-1.0817567645670672,2.1144895171155698,4.63850831844914,7.446094910358646,23.31004682899139,0.008672541197282557,0.0,270,True
brain_cortex,raw,ENSG00000243678.12,NME2,1.3687832856617967,23.31026456021973,6.418497388329213,0.3656841049122861,337.76996457621254,3.974037517062953,0.00037205164197680904,6.883768393772741,0.0,4.63850831844914,7.446094910358646,6.299527652091975,0.423295015359447,-1.0817567645670672,2.1144895171155698,4.63850831844914,7.446094910358646,23.31004682899139,0.008672541197282557,0.0,270,True
brain_frontal_cortex_ba9,excluded_at_or_below_-1,ENSG00000243678.12,NME2,1.8147687032832336,21.92785752950824,6.715632164040686,0.37234286858074966,278.9951691089646,4.734910053231882,1.3541829815599035e-05,6.459049768401217,0.0,5.015053706119026,7.962268484465872,6.593318983184584,0.46292532438740264,-0.7873580084455231,1.2614353338417201,5.015053706119026,7.962268484465872,21.927333960022438,0.0002969362247964291,0.0,269,True
brain_frontal_cortex_ba9,raw,ENSG00000243678.12,NME2,1.8147687032832336,21.92785752950824,6.715632164040686,0.37234286858074966,278.9951691089646,4.734910053231882,1.3541829815599035e-05,6.459049768401217,0.0,5.015053706119026,7.962268484465872,6.593318983184584,0.46292532438740264,-0.7873580084455231,1.2614353338417201,5.015053706119026,7.962268484465872,21.927333960022438,0.0002969362247964291,0.0,269,True
brain_hippocampus,excluded_at_or_below_-1,ENSG00000243678.12,NME2,1.146201412811654,11.113421697695358,6.230645323097205,0.9110715404386204,290.30308308074575,2.306673467526781,0.058023940143012584,2.9568687220901158,0.0,4.32575697158901,7.716661724907169,6.092868550475595,0.691725850561091,-0.36148731035800263,-0.5198115501550515,4.32575697158901,7.716661724907169,10.972933128170261,0.6366928150222311,0.0,255,True
brain_hippocampus,raw,ENSG00000243678.12,NME2,1.146201412811654,11.113421697695358,6.230645323097205,0.9110715404386204,290.30308308074575,2.306673467526781,0.058023940143012584,2.9568687220901158,0.0,4.32575697158901,7.716661724907169,6.092868550475595,0.691725850561091,-0.36148731035800263,-0.5198115501550515,4.32575697158901,7.716661724907169,10.972933128170261,0.6366928150222311,0.0,255,True
brain_hypothalamus,excluded_at_or_below_-1,ENSG00000243678.12,NME2,1.6227892649226727,11.165452581814407,6.458511508398376,0.82585270075853,215.56867566333443,1.368615839977115,0.3917387658565198,3.9615188457221793,0.0,4.145119015997458,7.257736687549796,6.1864640350955895,0.6671600112067191,-0.7758315978134506,0.10481248345249838,4.145119015997458,7.257736687549796,11.161070121381997,4.372223834988261,0.0,257,True
brain_hypothalamus,raw,ENSG00000243678.12,NME2,1.6227892649226727,11.165452581814407,6.458511508398376,0.82585270075853,215.56867566333443,1.368615839977115,0.3917387658565198,3.9615188457221793,0.0,4.145119015997458,7.257736687549796,6.1864640350955895,0.6671600112067191,-0.7758315978134506,0.10481248345249838,4.145119015997458,7.257736687549796,11.161070121381997,4.372223834988261,0.0,257,True
brain_nucleus_accumbens_basal_ganglia,excluded_at_or_below_-1,ENSG00000243678.12,NME2,2.233314453096893,24.234595501788334,6.599146548709091,0.4271371699677049,270.0717386783047,3.1741840778996746,0.006488575473880289,9.235331007037486,0.0,3.809784846193973,7.557850410744978,6.336228108290741,0.6447527379007802,-1.210359838666834,1.314647520877653,3.809784846193973,7.557850410744978,24.234352859276076,0.1572464275880594,0.0,285,True
brain_nucleus_accumbens_basal_ganglia,raw,ENSG00000243678.12,NME2,2.233314453096893,24.234595501788334,6.599146548709091,0.4271371699677049,270.0717386783047,3.1741840778996746,0.006488575473880289,9.235331007037486,0.0,3.809784846193973,7.557850410744978,6.336228108290741,0.6447527379007802,-1.210359838666834,1.314647520877653,3.809784846193973,7.557850410744978,24.234352859276076,0.1572464275880594,0.0,285,True
brain_putamen_basal_ganglia,excluded_at_or_below_-1,ENSG00000243678.12,NME2,1.3022751722152337,11.51582138946632,6.327562614425955,0.8797291196296346,275.74083495390977,2.4485775030953247,0.044641538842668,3.225665582562509,0.0,4.320997256358282,7.850730676488912,6.1399858242912515,0.7024522450159164,-0.444811935652153,-0.4610265123746906,4.320997256358282,7.850730676488912,11.45232889510673,0.5112495852099161,0.0,254,True
brain_putamen_basal_ganglia,raw,ENSG00000243678.12,NME2,1.3022751722152337,11.51582138946632,6.327562614425955,0.8797291196296346,275.74083495390977,2.4485775030953247,0.044641538842668,3.225665582562509,0.0,4.320997256358282,7.850730676488912,6.1399858242912515,0.7024522450159164,-0.444811935652153,-0.4610265123746906,4.320997256358282,7.850730676488912,11.45232889510673,0.5112495852099161,0.0,254,True
brain_spinal_cord_cervical_c-1,excluded_at_or_below_-1,ENSG00000243678.12,NME2,0.3618602664780893,15.188127619457852,6.547250408331385,0.6802954482475833,268.89320052322,2.9391594542528083,0.013306646337648019,5.082833995597885,0.0,4.102196193463744,7.961108153442256,6.48467309435439,0.5634134911251553,-0.7210988316793082,1.6804998056997276,4.102196193463744,7.961108153442256,15.187794302737235,0.20209860743546987,0.0,204,True
brain_spinal_cord_cervical_c-1,raw,ENSG00000243678.12,NME2,0.3618602664780893,15.188127619457852,6.547250408331385,0.6802954482475833,268.89320052322,2.9391594542528083,0.013306646337648019,5.082833995597885,0.0,4.102196193463744,7.961108153442256,6.48467309435439,0.5634134911251553,-0.7210988316793082,1.6804998056997276,4.102196193463744,7.961108153442256,15.187794302737235,0.20209860743546987,0.0,204,True
brain_substantia_nigra,excluded_at_or_below_-1,ENSG00000243678.12,NME2,0.3538786437728867,8.407159647789971,6.56428618409298,0.8350376953759274,166.24473457196916,1.8826038838227075,0.15924142337912117,2.953244757791357,0.0,4.820510871763922,7.675890011321975,6.452765166913924,0.5750646435781277,-0.4483778183261427,-0.3854781735615447,4.820510871763922,7.675890011321975,8.299808475366902,1.321673315391519,0.0,183,True
brain_substantia_nigra,raw,ENSG00000243678.12,NME2,0.3538786437728867,8.407159647789971,6.56428618409298,0.8350376953759274,166.24473457196916,1.8826038838227075,0.15924142337912117,2.953244757791357,0.0,4.820510871763922,7.675890011321975,6.452765166913924,0.5750646435781277,-0.4483778183261427,-0.3854781735615447,4.820510871763922,7.675890011321975,8.299808475366902,1.321673315391519,0.0,183,True
breast_mammary_tissue,excluded_at_or_below_-1,ENSG00000243678.12,NME2,0.7733788474447675,36.531451960010145,7.856288834799557,0.5327917818943658,548.2731228783723,4.4326926230712695,0.0,3.1435281832369957,0.0070946608607820845,6.671993883355623,9.526264476436836,7.866835547924991,0.42273794881561594,0.32455528317435806,0.7956828889535301,6.671993883355623,9.526264476436836,36.52884941595223,0.0,0.25915979824075885,514,True
breast_mammary_tissue,raw,ENSG00000243678.12,NME2,0.7733788474447675,36.531451960010145,7.856288834799557,0.5327917818943658,548.2731228783723,4.4326926230712695,0.0,3.1435281832369957,0.0070946608607820845,6.671993883355623,9.526264476436836,7.866835547924991,0.42273794881561594,0.32455528317435806,0.7956828889535301,6.671993883355623,9.526264476436836,36.52884941595223,0.0,0.25915979824075885,514,True
cells_cultured_fibroblasts,excluded_at_or_below_-1,ENSG00000243678.12,NME2,5.235041928642243,76.22177255482666,8.988960977176014,0.17980669540418376,1387.039291433997,5.35985174302232,5.778199159012543e-07,11.90723981204265,0.0,7.475044339015753,9.670426107627751,8.866454267021627,0.3085280979470723,-1.1857866977612377,1.691802443793864,7.475044339015753,9.670426107627751,76.2216374452022,4.404238013844264e-05,0.0,652,True
cells_cultured_fibroblasts,raw,ENSG00000243678.12,NME2,5.235041928642243,76.22177255482666,8.988960977176014,0.17980669540418376,1387.039291433997,5.35985174302232,5.778199159012543e-07,11.90723981204265,0.0,7.475044339015753,9.670426107627751,8.866454267021627,0.3085280979470723,-1.1857866977612377,1.691802443793864,7.475044339015753,9.670426107627751,76.2216374452022,4.404238013844264e-05,0.0,652,True
cells_ebv-transformed_lymphocytes,excluded_at_or_below_-1,ENSG00000243678.12,NME2,0.46114583503597256,22.94261719116911,8.577445497209506,0.287451233833201,220.8613271729767,3.9769620720082677,0.0,3.4761603827705136,0.0020101813522899383,7.870885598750647,9.385797704345975,8.564105198776025,0.22414375445202664,-0.05426065984438977,0.5913952702657883,7.870885598750647,9.385797704345975,22.933929641279367,0.0,0.04610135769962925,327,True
cells_ebv-transformed_lymphocytes,raw,ENSG00000243678.12,NME2,0.46114583503597256,22.94261719116911,8.577445497209506,0.287451233833201,220.8613271729767,3.9769620720082677,0.0,3.4761603827705136,0.0020101813522899383,7.870885598750647,9.385797704345975,8.564105198776025,0.22414375445202664,-0.05426065984438977,0.5913952702657883,7.870885598750647,9.385797704345975,22.933929641279367,0.0,0.04610135769962925,327,True
cervix_ectocervix,excluded_at_or_below_-1,ENSG00000243678.12,NME2,-69.95545624384603,70.7370162449051,7.968497533909493,7.653343414662573,14.548995560089377,0.12470665607692047,0.0,0.12384822851317472,0.013667254989093288,7.298264232993891,8.64337641390647,7.9684363099950914,0.3491443221005155,-0.009073727445798775,-0.9044352515521323,7.298264232993891,8.64337641390647,0.5479078808649831,0.0,0.007488396718315471,24,True
cervix_ectocervix,raw,ENSG00000243678.12,NME2,-69.95545624384603,70.7370162449051,7.968497533909493,7.653343414662573,14.548995560089377,0.12470665607692047,0.0,0.12384822851317472,0.013667254989093288,7.298264232993891,8.64337641390647,7.9684363099950914,0.3491443221005155,-0.009073727445798775,-0.9044352515521323,7.298264232993891,8.64337641390647,0.5479078808649831,0.0,0.007488396718315471,24,True
cervix_endocervix,excluded_at_or_below_-1,ENSG00000243678.12,NME2,0.5750007767273831,0.015574364763594459,4.351626491371691,0.44901500615419365,17.775000000024136,13.50929491903239,,-9.448987038509935,,7.35169457594584,8.640848644657659,7.955956807201918,0.3830840468597733,0.21612322194186856,-1.1071392584468491,7.35169457594584,8.640848644657659,0.0,0.0,0.0,23,True
cervix_endocervix,raw,ENSG00000243678.12,NME2,0.5750007767273831,0.015574364763594459,4.351626491371691,0.44901500615419365,17.775000000024136,13.50929491903239,,-9.448987038509935,,7.35169457594584,8.640848644657659,7.955956807201918,0.3830840468597733,0.21612322194186856,-1.1071392584468491,7.35169457594584,8.640848644657659,0.0,0.0,0.0,23,True
colon_sigmoid,excluded_at_or_below_-1,ENSG00000243678.12,NME2,1.1667882987694707,24.22698231696832,7.440515847218055,0.4820254818287753,277.8487144865461,4.023165740582518,0.0,2.4551960448955077,0.04880443692911639,6.603678266238443,8.811785686638316,7.492372710601651,0.38240916288607046,0.47682294995442015,0.28960007125536125,6.603678266238443,8.811785686638316,24.21957612691754,0.0,1.1820227755360802,419,True
colon_sigmoid,raw,ENSG00000243678.12,NME2,1.1667882987694707,24.22698231696832,7.440515847218055,0.4820254818287753,277.8487144865461,4.023165740582518,0.0,2.4551960448955077,0.04880443692911639,6.603678266238443,8.811785686638316,7.492372710601651,0.38240916288607046,0.47682294995442015,0.28960007125536125,6.603678266238443,8.811785686638316,24.21957612691754,0.0,1.1820227755360802,419,True
colon_transverse,excluded_at_or_below_-1,ENSG00000243678.12,NME2,1.8505344965407076,36.285783501887444,7.323904367541191,0.4596879304043767,640.376158060363,5.423362282648733,0.0,3.558691557842452,0.0017778307345172717,6.167157182606086,9.086759886590611,7.400340937577455,0.42247190884547975,0.48553571996250217,0.9402821155209953,6.167157182606086,9.086759886590611,36.28534057698856,0.0,0.06450919369019692,479,True
colon_transverse,raw,ENSG00000243678.12,NME2,1.8505344965407076,36.285783501887444,7.323904367541191,0.4596879304043767,640.376158060363,5.423362282648733,0.0,3.558691557842452,0.0017778307345172717,6.167157182606086,9.086759886590611,7.400340937577455,0.42247190884547975,0.48553571996250217,0.9402821155209953,6.167157182606086,9.086759886590611,36.28534057698856,0.0,0.06450919369019692,479,True
esophagus_gastroesophageal_junction,excluded_at_or_below_-1,ENSG00000243678.12,NME2,0.7296177149603001,33.86178341998119,7.455617117149688,0.480394574550114,331.0923934846073,5.242715559538101,0.0,3.8391848736048426,0.0006290047584045323,6.15148340421895,9.236516535541154,7.466623156012081,0.39561054918732574,0.21819539319729261,1.2110432316590645,6.15148340421895,9.236516535541154,33.861567412055734,0.0,0.0212990870292189,403,True
esophagus_gastroesophageal_junction,raw,ENSG00000243678.12,NME2,0.7296177149603001,33.86178341998119,7.455617117149688,0.480394574550114,331.0923934846073,5.242715559538101,0.0,3.8391848736048426,0.0006290047584045323,6.15148340421895,9.236516535541154,7.466623156012081,0.39561054918732574,0.21819539319729261,1.2110432316590645,6.15148340421895,9.236516535541154,33.861567412055734,0.0,0.0212990870292189,403,True
esophagus_mucosa,excluded_at_or_below_-1,ENSG00000243678.12,NME2,1.192391712911251,42.23896210441891,7.8545418317860936,0.49540664573577814,392.57152443963605,3.3107443307888835,0.003996291629704924,4.16420103067372,0.0,6.395799729699472,9.01431344439361,7.868173220304918,0.3926167167602993,-0.03560883025688511,0.4275862973164637,6.395799729699472,9.01431344439361,42.23140873696266,0.16876902524617132,0.0,614,True
esophagus_mucosa,raw,ENSG00000243678.12,NME2,1.192391712911251,42.23896210441891,7.8545418317860936,0.49540664573577814,392.57152443963605,3.3107443307888835,0.003996291629704924,4.16420103067372,0.0,6.395799729699472,9.01431344439361,7.868173220304918,0.3926167167602993,-0.03560883025688511,0.4275862973164637,6.395799729699472,9.01431344439361,42.23140873696266,0.16876902524617132,0.0,614,True
esophagus_muscularis,excluded_at_or_below_-1,ENSG00000243678.12,NME2,1.2581391013023002,36.926087792458,7.653873125945345,0.4584439109326666,496.83154963802446,3.6275691406239816,0.0,3.620385706422775,3.666831262732349e-05,6.480257042422514,8.82981785470023,7.650477263579158,0.3641004221921322,0.03581823196327286,0.2217409478165946,6.480257042422514,8.82981785470023,36.87470934872431,0.0,0.0013521333704407112,561,True
esophagus_muscularis,raw,ENSG00000243678.12,NME2,1.2581391013023002,36.926087792458,7.653873125945345,0.4584439109326666,496.83154963802446,3.6275691406239816,0.0,3.620385706422775,3.666831262732349e-05,6.480257042422514,8.82981785470023,7.650477263579158,0.3641004221921322,0.03581823196327286,0.2217409478165946,6.480257042422514,8.82981785470023,36.87470934872431,0.0,0.0013521333704407112,561,True
fallopian_tube,excluded_at_or_below_-1,ENSG00000243678.12,NME2,0.5897435901511233,6.667619410753286,7.307967044502429,0.008320012305262593,19.43589758685858,210.58598052834446,0.0,2.0109821308056435,0.13332052451184184,7.29613616087981,8.546873243628092,7.837885580845369,0.4001130887422467,0.1338405176340312,-1.1731922671292854,7.29613616087981,8.546873243628092,6.620940387787455,0.0,0.8827072452614609,29,True
fallopian_tube,raw,ENSG00000243678.12,NME2,0.5897435901511233,6.667619410753286,7.307967044502429,0.008320012305262593,19.43589758685858,210.58598052834446,0.0,2.0109821308056435,0.13332052451184184,7.29613616087981,8.546873243628092,7.837885580845369,0.4001130887422467,0.1338405176340312,-1.1731922671292854,7.29613616087981,8.546873243628092,6.620940387787455,0.0,0.8827072452614609,29,True
heart_atrial_appendage,excluded_at_or_below_-1,ENSG00000243678.12,NME2,0.5620028447628304,41.55547098230382,6.568900286176085,0.6516216052659886,411.3500970089352,3.9065497816270014,0.0004852316755296222,5.59444902741461,0.0,3.9911680731534256,8.368905821042897,6.568373028530719,0.527818742204443,-0.38007197083637306,1.7706631535150485,3.9911680731534256,8.368905821042897,41.55501756751251,0.02016381080094698,0.0,461,True
heart_atrial_appendage,raw,ENSG00000243678.12,NME2,0.5620028447628304,41.55547098230382,6.568900286176085,0.6516216052659886,411.3500970089352,3.9065497816270014,0.0004852316755296222,5.59444902741461,0.0,3.9911680731534256,8.368905821042897,6.568373028530719,0.527818742204443,-0.38007197083637306,1.7706631535150485,3.9911680731534256,8.368905821042897,41.55501756751251,0.02016381080094698,0.0,461,True
heart_left_ventricle,excluded_at_or_below_-1,ENSG00000243678.12,NME2,3.892360490536438,35.694001073654675,6.011834244799758,0.6550603778641044,512.7284828101692,5.231681693881528,1.139110760951805e-06,6.846603879866814,0.0,2.8405035179853937,8.435136833913685,5.801728938651092,0.9175890616252568,-0.4665880400487039,0.5954516251042121,2.8405035179853937,8.435136833913685,35.69249569765211,4.065770593442153e-05,0.0,452,True
heart_left_ventricle,raw,ENSG00000243678.12,NME2,3.892360490536438,35.694001073654675,6.011834244799758,0.6550603778641044,512.7284828101692,5.231681693881528,1.139110760951805e-06,6.846603879866814,0.0,2.8405035179853937,8.435136833913685,5.801728938651092,0.9175890616252568,-0.4665880400487039,0.5954516251042121,2.8405035179853937,8.435136833913685,35.69249569765211,4.065770593442153e-05,0.0,452,True
kidney_cortex,excluded_at_or_below_-1,ENSG00000243678.12,NME2,-310.06230316985403,313.59754274903116,6.840358699851981,18.082293269753325,123.80762208713307,0.14431457459951044,0.0,0.12047200972533932,0.3020312610375327,5.299990067695237,8.685581041397874,6.887162358053425,0.829742521319433,0.15111599808368645,-0.9230857101007106,5.299990067695237,8.685581041397874,3.2486496426823237,0.0,0.9811937482484723,104,True
kidney_cortex,raw,ENSG00000243678.12,NME2,-310.06230316985403,313.59754274903116,6.840358699851981,18.082293269753325,123.80762208713307,0.14431457459951044,0.0,0.12047200972533932,0.3020312610375327,5.299990067695237,8.685581041397874,6.887162358053425,0.829742521319433,0.15111599808368645,-0.9230857101007106,5.299990067695237,8.685581041397874,3.2486496426823237,0.0,0.9811937482484723,104,True
kidney_medulla,excluded_at_or_below_-1,ENSG00000243678.12,NME2,0.13157863630456332,14.839600594294962,7.51689124103357,0.022700865279570256,4.342106030870997,92.08842599703179,0.0,54.93626585011031,0.0,6.6350578297252145,8.995088741033776,7.5475318794001485,0.5711398448657038,1.1982446388521646,2.3391926138333563,6.6350578297252145,8.995088741033776,14.824857227081749,0.0,0.0,11,True
kidney_medulla,raw,ENSG00000243678.12,NME2,0.13157863630456332,14.839600594294962,7.51689124103357,0.022700865279570256,4.342106030870997,92.08842599703179,0.0,54.93626585011031,0.0,6.6350578297252145,8.995088741033776,7.5475318794001485,0.5711398448657038,1.1982446388521646,2.3391926138333563,6.6350578297252145,8.995088741033776,14.824857227081749,0.0,0.0,11,True
liver,excluded_at_or_below_-1,ENSG00000243678.12,NME2,0.24875911326407954,18.69902427892215,6.187731099836683,0.9420268145286177,204.81517425464216,3.6887272458321583,0.00022062990062468997,3.748259643464311,0.0,3.690964567606719,8.64484229542247,6.247885850848176,0.7073015446672273,0.16173307638616427,0.4741789716622442,3.690964567606719,8.64484229542247,18.68237425243059,0.004121890374747028,0.0,262,True
liver,raw,ENSG00000243678.12,NME2,0.24875911326407954,18.69902427892215,6.187731099836683,0.9420268145286177,204.81517425464216,3.6887272458321583,0.00022062990062468997,3.748259643464311,0.0,3.690964567606719,8.64484229542247,6.247885850848176,0.7073015446672273,0.16173307638616427,0.4741789716622442,3.690964567606719,8.64484229542247,18.68237425243059,0.004121890374747028,0.0,262,True
lung,excluded_at_or_below_-1,ENSG00000243678.12,NME2,0.9718342303303503,31.840830675795605,7.50879742674654,0.6772482928039953,929.3894022789203,3.2391981098233393,0.0,2.3545560942489234,0.0575746911926045,6.3812314511625505,9.060006839736907,7.586191418074274,0.48375982344801904,0.3631122764251893,-0.33663121686911657,6.3812314511625505,9.060006839736907,31.673084405747215,0.0,1.823568053778193,604,True
lung,raw,ENSG00000243678.12,NME2,0.9718342303303503,31.840830675795605,7.50879742674654,0.6772482928039953,929.3894022789203,3.2391981098233393,0.0,2.3545560942489234,0.0575746911926045,6.3812314511625505,9.060006839736907,7.586191418074274,0.48375982344801904,0.3631122764251893,-0.33663121686911657,6.3812314511625505,9.060006839736907,31.673084405747215,0.0,1.823568053778193,604,True
minor_salivary_gland,excluded_at_or_below_-1,ENSG00000243678.12,NME2,0.7302953758398596,12.854966277278209,7.517835779210665,0.32938990035986054,218.16897208088784,3.897289459618651,0.0004770993742731423,4.593762462088598,0.0,6.447884959954529,8.425568402438508,7.499306215406356,0.31248195663388534,-0.30099192243090916,0.9450186370938307,6.447884959954529,8.425568402438508,12.854624331479418,0.00613293322506514,0.0,181,True
minor_salivary_gland,raw,ENSG00000243678.12,NME2,0.7302953758398596,12.854966277278209,7.517835779210665,0.32938990035986054,218.16897208088784,3.897289459618651,0.0004770993742731423,4.593762462088598,0.0,6.447884959954529,8.425568402438508,7.499306215406356,0.31248195663388534,-0.30099192243090916,0.9450186370938307,6.447884959954529,8.425568402438508,12.854624331479418,0.00613293322506514,0.0,181,True
muscle_skeletal,excluded_at_or_below_-1,ENSG00000243678.12,NME2,-5.691371934478351,48.63010662959705,6.803083754187984,1.102410516557961,1097.891945318241,2.2336626909892803,0.016329782919068104,2.3232066878064668,0.0,4.992093142219885,8.544272854975372,6.799482120812557,0.6181497469806222,0.0120736931815967,-0.4519758069682882,4.992093142219885,8.544272854975372,45.357253950267825,0.7406741108129178,0.0,818,True
muscle_skeletal,raw,ENSG00000243678.12,NME2,-5.691371934478351,48.63010662959705,6.803083754187984,1.102410516557961,1097.891945318241,2.2336626909892803,0.016329782919068104,2.3232066878064668,0.0,4.992093142219885,8.544272854975372,6.799482120812557,0.6181497469806222,0.0120736931815967,-0.4519758069682882,4.992093142219885,8.544272854975372,45.357253950267825,0.7406741108129178,0.0,818,True
nerve_tibial,excluded_at_or_below_-1,ENSG00000243678.12,NME2,1.7474965814827537,49.10926899098996,7.640913228501095,0.4424857779126984,539.4587251801122,5.157950541001589,0.0,3.0376470714319606,0.0099139077392117,6.690479953648793,9.2547570059151,7.6911875404480625,0.37469266672511253,0.5761479911833914,0.8783805320665539,6.690479953648793,9.2547570059151,49.1091858208291,0.0,0.48686393737550304,670,True
nerve_tibial,raw,ENSG00000243678.12,NME2,1.7474965814827537,49.10926899098996,7.640913228501095,0.4424857779126984,539.4587251801122,5.157950541001589,0.0,3.0376470714319606,0.0099139077392117,6.690479953648793,9.2547570059151,7.6911875404480625,0.37469266672511253,0.5761479911833914,0.8783805320665539,6.690479953648793,9.2547570059151,49.1091858208291,0.0,0.48686393737550304,670,True
ovary,excluded_at_or_below_-1,ENSG00000243678.12,NME2,-1.399616044191336,10.184330422669689,8.160747896310616,0.6087655080377875,213.67881394572782,1.9090197954079877,0.02399667899405813,1.9791710895310568,0.0,7.308789517556068,8.982508793339223,8.156316659062748,0.33687643852975246,-0.05963587738379382,-0.5167284343729475,7.308789517556068,8.982508793339223,8.747711198251379,0.20991601755716593,0.0,193,True
ovary,raw,ENSG00000243678.12,NME2,-1.399616044191336,10.184330422669689,8.160747896310616,0.6087655080377875,213.67881394572782,1.9090197954079877,0.02399667899405813,1.9791710895310568,0.0,7.308789517556068,8.982508793339223,8.156316659062748,0.33687643852975246,-0.05963587738379382,-0.5167284343729475,7.308789517556068,8.982508793339223,8.747711198251379,0.20991601755716593,0.0,193,True
pancreas,excluded_at_or_below_-1,ENSG00000243678.12,NME2,-1.6607358345579242,22.18671184092962,6.777084551758322,0.8259701140274279,297.36151234481144,2.3571224861513436,0.04167877533420277,2.7732937599394116,0.0,5.157344914072403,8.153759744574362,6.778076837769028,0.48831111883200506,-0.044803116400739716,-0.35793104083367977,5.157344914072403,8.153759744574362,21.712458420299463,0.9049486764528805,0.0,362,True
pancreas,raw,ENSG00000243678.12,NME2,-1.6607358345579242,22.18671184092962,6.777084551758322,0.8259701140274279,297.36151234481144,2.3571224861513436,0.04167877533420277,2.7732937599394116,0.0,5.157344914072403,8.153759744574362,6.778076837769028,0.48831111883200506,-0.044803116400739716,-0.35793104083367977,5.157344914072403,8.153759744574362,21.712458420299463,0.9049486764528805,0.0,362,True
pituitary,excluded_at_or_below_-1,ENSG00000243678.12,NME2,0.8683701508598041,19.406231782579336,6.958026149812158,0.46584983958831594,197.2562822950336,4.241490853712398,0.0,2.728947384517672,0.02402679642080215,6.059095652222201,8.355196907036131,6.979754006087164,0.376035972613598,0.2637483682811219,0.2796726816144415,6.059095652222201,8.355196907036131,19.403510048706263,0.0,0.46620418578925416,313,True
pituitary,raw,ENSG00000243678.12,NME2,0.8683701508598041,19.406231782579336,6.958026149812158,0.46584983958831594,197.2562822950336,4.241490853712398,0.0,2.728947384517672,0.02402679642080215,6.059095652222201,8.355196907036131,6.979754006087164,0.376035972613598,0.2637483682811219,0.2796726816144415,6.059095652222201,8.355196907036131,19.403510048706263,0.0,0.46620418578925416,313,True
prostate,excluded_at_or_below_-1,ENSG00000243678.12,NME2,0.35871637512435595,18.327427259553836,7.570832731419097,0.5838309096949017,259.4448193529878,3.200026342016504,0.00474836970552531,3.660125227117878,0.0,6.059820322968061,8.891902151211763,7.575685108276835,0.4462102698701232,0.054738037259784544,0.3628726546276697,6.059820322968061,8.891902151211763,18.30462343635178,0.08691711939622138,0.0,282,True
prostate,raw,ENSG00000243678.12,NME2,0.35871637512435595,18.327427259553836,7.570832731419097,0.5838309096949017,259.4448193529878,3.200026342016504,0.00474836970552531,3.660125227117878,0.0,6.059820322968061,8.891902151211763,7.575685108276835,0.4462102698701232,0.054738037259784544,0.3628726546276697,6.059820322968061,8.891902151211763,18.30462343635178,0.08691711939622138,0.0,282,True
skin_not_sun_exposed_suprapubic,excluded_at_or_below_-1,ENSG00000243678.12,NME2,0.693070497351537,52.40770854703576,7.848315664038078,0.35726322480561584,683.759673142269,4.0196809415643635,0.00025039393428414756,4.410743761166438,0.0,6.73405924490055,8.863780523152542,7.862035808487479,0.2731180722182685,0.13282698925643027,0.5263095507330164,6.73405924490055,8.863780523152542,52.40378202319361,0.013121589152156332,0.0,651,True
skin_not_sun_exposed_suprapubic,raw,ENSG00000243678.12,NME2,0.693070497351537,52.40770854703576,7.848315664038078,0.35726322480561584,683.759673142269,4.0196809415643635,0.00025039393428414756,4.410743761166438,0.0,6.73405924490055,8.863780523152542,7.862035808487479,0.2731180722182685,0.13282698925643027,0.5263095507330164,6.73405924490055,8.863780523152542,52.40378202319361,0.013121589152156332,0.0,651,True
skin_sun_exposed_lower_leg,excluded_at_or_below_-1,ENSG00000243678.12,NME2,1.6602484848593544,61.85431879124092,7.8183388640352804,0.3135031757493129,510.24179840454815,5.688250237781404,0.0,3.3275614325826925,0.003940862643665901,7.0806843086192774,9.079311436670524,7.830072697895291,0.26897576423012576,0.5734880208146075,1.828280513010811,7.0806843086192774,9.079311436670524,61.85426891054573,0.0,0.24375917770083477,754,True
skin_sun_exposed_lower_leg,raw,ENSG00000243678.12,NME2,1.6602484848593544,61.85431879124092,7.8183388640352804,0.3135031757493129,510.24179840454815,5.688250237781404,0.0,3.3275614325826925,0.003940862643665901,7.0806843086192774,9.079311436670524,7.830072697895291,0.26897576423012576,0.5734880208146075,1.828280513010811,7.0806843086192774,9.079311436670524,61.85426891054573,0.0,0.24375917770083477,754,True
small_intestine_terminal_ileum,excluded_at_or_below_-1,ENSG00000243678.12,NME2,-0.16551856301286477,11.85362377379124,7.0876081983355945,0.7634682067612263,136.98330764518113,2.420940107226918,0.04541823405509324,3.0944046542886743,0.0,5.417082872274479,8.39456130041117,7.067725375276138,0.5183744304526549,-0.19484547128672958,0.059749610703005995,5.417082872274479,8.39456130041117,11.754858645129943,0.533884921229048,0.0,207,True
small_intestine_terminal_ileum,raw,ENSG00000243678.12,NME2,-0.16551856301286477,11.85362377379124,7.0876081983355945,0.7634682067612263,136.98330764518113,2.420940107226918,0.04541823405509324,3.0944046542886743,0.0,5.417082872274479,8.39456130041117,7.067725375276138,0.5183744304526549,-0.19484547128672958,0.059749610703005995,5.417082872274479,8.39456130041117,11.754858645129943,0.533884921229048,0.0,207,True
spleen,excluded_at_or_below_-1,ENSG00000243678.12,NME2,0.21718348872480772,16.460553661865042,7.357524229994824,0.43663050258554564,188.1617900984377,3.2203009115698342,0.0,2.9161085895590597,0.008687652071292342,6.457192064521439,8.351774068142308,7.375243672167487,0.32062742697633306,0.24533881262552487,0.2395323204537494,6.457192064521439,8.351774068142308,16.368287339614998,0.0,0.14220198540951445,277,True
spleen,raw,ENSG00000243678.12,NME2,0.21718348872480772,16.460553661865042,7.357524229994824,0.43663050258554564,188.1617900984377,3.2203009115698342,0.0,2.9161085895590597,0.008687652071292342,6.457192064521439,8.351774068142308,7.375243672167487,0.32062742697633306,0.24533881262552487,0.2395323204537494,6.457192064521439,8.351774068142308,16.368287339614998,0.0,0.14220198540951445,277,True
stomach,excluded_at_or_below_-1,ENSG00000243678.12,NME2,1.0582306542051323,24.252576290818215,7.077551082743743,0.6201986594689576,318.3760521977616,4.076922550757746,0.0,2.5561056503943993,0.03789029042323223,5.956579441674581,8.865471922999165,7.146779526550791,0.49500484152104135,0.5412502886500804,0.3660568398285333,5.956579441674581,8.865471922999165,24.246570395289673,0.0,0.9187095940448704,407,True
stomach,raw,ENSG00000243678.12,NME2,1.0582306542051323,24.252576290818215,7.077551082743743,0.6201986594689576,318.3760521977616,4.076922550757746,0.0,2.5561056503943993,0.03789029042323223,5.956579441674581,8.865471922999165,7.146779526550791,0.49500484152104135,0.5412502886500804,0.3660568398285333,5.956579441674581,8.865471922999165,24.246570395289673,0.0,0.9187095940448704,407,True
testis,excluded_at_or_below_-1,ENSG00000243678.12,NME2,1.9462076694089958,25.78170239355448,5.501864765804817,0.54071181515227,512.9033518176456,4.634925310186051,0.0,3.0462886372890017,0.00963703423793611,4.3371437488586375,7.27398670286253,5.604434605479666,0.49474658230503077,0.537905241762725,0.2968051765830757,4.3371437488586375,7.27398670286253,25.780728829910455,0.0,0.2484497664127936,414,True
testis,raw,ENSG00000243678.12,NME2,1.9462076694089958,25.78170239355448,5.501864765804817,0.54071181515227,512.9033518176456,4.634925310186051,0.0,3.0462886372890017,0.00963703423793611,4.3371437488586375,7.27398670286253,5.604434605479666,0.49474658230503077,0.537905241762725,0.2968051765830757,4.3371437488586375,7.27398670286253,25.780728829910455,0.0,0.2484497664127936,414,True
thyroid,excluded_at_or_below_-1,ENSG00000243678.12,NME2,-0.17695231416083385,49.57994075872285,7.544322680487504,0.5466535982499373,1005.7599336383378,4.211613069757624,0.0,2.971072914667916,0.011972072305949488,6.395876828546462,9.172289983499468,7.539254349621864,0.3790033854979465,0.010130777972860723,0.09765701766522694,6.395876828546462,9.172289983499468,49.57278024868639,0.0,0.5934889095442182,684,True
thyroid,raw,ENSG00000243678.12,NME2,-0.17695231416083385,49.57994075872285,7.544322680487504,0.5466535982499373,1005.7599336383378,4.211613069757624,0.0,2.971072914667916,0.011972072305949488,6.395876828546462,9.172289983499468,7.539254349621864,0.3790033854979465,0.010130777972860723,0.09765701766522694,6.395876828546462,9.172289983499468,49.57278024868639,0.0,0.5934889095442182,684,True
uterus,excluded_at_or_below_-1,ENSG00000243678.12,NME2,1.0650123106228273,8.811005362687904,7.87183707123752,0.3320959291089345,130.4322361781142,5.261582430974424,0.0,2.7143881431926746,0.025122602444256327,7.23442467726839,9.107400180295524,7.924271442579485,0.3605484926975517,0.745029125953104,0.935324362826305,7.23442467726839,9.107400180295524,8.81097970116268,0.0,0.2213547401767224,153,True
uterus,raw,ENSG00000243678.12,NME2,1.0650123106228273,8.811005362687904,7.87183707123752,0.3320959291089345,130.4322361781142,5.261582430974424,0.0,2.7143881431926746,0.025122602444256327,7.23442467726839,9.107400180295524,7.924271442579485,0.3605484926975517,0.745029125953104,0.935324362826305,7.23442467726839,9.107400180295524,8.81097970116268,0.0,0.2213547401767224,153,True
vagina,excluded_at_or_below_-1,ENSG00000243678.12,NME2,0.1420170427894702,10.777251401023365,7.936837880389318,0.4753907345402281,127.62280391673161,4.080544314483398,0.0,2.4486283277686764,0.04966234353892616,7.113726541108537,9.30852106219326,7.953058661279679,0.3521330059531374,0.40638668193980454,0.6835901474808619,7.113726541108537,9.30852106219326,10.774558383321542,0.0,0.5350898199127312,170,True
vagina,raw,ENSG00000243678.12,NME2,0.1420170427894702,10.777251401023365,7.936837880389318,0.4753907345402281,127.62280391673161,4.080544314483398,0.0,2.4486283277686764,0.04966234353892616,7.113726541108537,9.30852106219326,7.953058661279679,0.3521330059531374,0.40638668193980454,0.6835901474808619,7.113726541108537,9.30852106219326,10.774558383321542,0.0,0.5350898199127312,170,True
whole_blood,excluded_at_or_below_-1,ENSG00000243678.12,NME2,0.8379611788814113,63.631524188855686,5.922041287244686,0.915717654365369,1179.5559740205154,3.962924390712247,0.00030326590943470733,4.328044351813338,0.0,3.1195885832971246,8.488075105645413,5.821219282859881,0.6926906413344072,-0.34658503718567224,0.3410331443475605,3.1195885832971246,8.488075105645413,63.625490403579754,0.01929544221047086,0.0,803,True
whole_blood,raw,ENSG00000243678.12,NME2,0.8379611788814113,63.631524188855686,5.922041287244686,0.915717654365369,1179.5559740205154,3.962924390712247,0.00030326590943470733,4.328044351813338,0.0,3.1195885832971246,8.488075105645413,5.821219282859881,0.6926906413344072,-0.34658503718567224,0.3410331443475605,3.1195885832971246,8.488075105645413,63.625490403579754,0.01929544221047086,0.0,803,True
adipose_subcutaneous,excluded_at_or_below_-1,ENSG00000123009.4,NME2P1,0.7528294253645219,42.97670029308828,0.15464030168943865,0.5667611293896003,690.34564732302,3.6546006725205453,0.0,2.6277677031013824,0.03044421203889791,-0.8984655592698743,1.6192603984943754,0.1842974010888869,0.41540167905777703,0.28518456956537364,0.02475533605302438,-0.8984655592698743,1.6192603984943754,42.92214233336932,0.0,1.306730802360852,713,True
adipose_subcutaneous,raw,ENSG00000123009.4,NME2P1,0.6766342258381854,44.76177590844406,0.15501836243113146,0.5681707249425967,739.7134010990999,3.6445928223539603,0.0,2.874915164108638,0.01475586468134126,-1.0,1.6192603984943754,0.18263872125542907,0.41746964868284475,0.2604588700469406,0.05611103035317777,-1.0,1.6192603984943754,44.70330713508419,0.0,0.6596359508937395,714,True
adipose_visceral_omentum,excluded_at_or_below_-1,ENSG00000123009.4,NME2P1,1.209864379685801,37.97761437575295,0.09582528041735054,0.5564767749028412,480.38727447141105,4.5030722290903675,0.0,2.5410806386772595,0.039577147562829394,-0.9040607312868144,1.867732422216961,0.1338755014349558,0.4343778030916515,0.4239951432962289,0.40390983438946426,-0.9040607312868144,1.867732422216961,37.97609647788047,0.0,1.5029855741653209,586,True
adipose_visceral_omentum,raw,ENSG00000123009.4,NME2P1,0.9620699160899642,39.29923744152526,0.09787583059910163,0.566272999612385,522.4554902821856,4.420050394482299,0.0,2.74184163909926,0.023254853927608062,-1.0,1.867732422216961,0.13194385662842262,0.43652300519540227,0.4004151879201753,0.41657818358878673,-1.0,1.867732422216961,39.29670116784198,0.0,0.9138390454950305,587,True
adrenal_gland,excluded_at_or_below_-1,ENSG00000123009.4,NME2P1,1.327276562158183,14.513186619004742,-0.24896932829074503,0.4641959952821889,284.1466491735868,3.9723109542710446,0.0,1.9316840534058692,0.15447082577511112,-0.8830178380765039,1.0548866705825897,-0.15949057986526247,0.3728028506859579,0.5837774046776582,0.009911423183374346,-0.8830178380765039,1.0548866705825897,14.507749625603049,0.0,2.2410240648054622,293,True
adrenal_gland,raw,ENSG00000123009.4,NME2P1,1.2653912311792728,15.70555831050315,-0.24600108511260363,0.45534902746605455,351.50049528271256,4.0402702021064245,0.0,2.3417541866339997,0.06418052068923934,-1.0,1.0548866705825897,-0.1651889488153285,0.3779017753149628,0.5269885878215746,0.02877127978460603,-1.0,1.0548866705825897,15.701038183675584,0.0,1.0077008059899277,295,True
artery_aorta,excluded_at_or_below_-1,ENSG00000123009.4,NME2P1,1.308964937919468,29.91710813020801,0.3891706926042778,0.5388991558905474,409.22934247950536,4.583006504920311,0.0,2.543185721743138,0.0393773978436562,-0.5799337447909432,2.1355677026839133,0.43065224951122993,0.43279769147335634,0.3964860883055206,0.30024115996605794,-0.5799337447909432,2.1355677026839133,29.916174238846708,0.0,1.1780210949632055,471,True
artery_aorta,raw,ENSG00000123009.4,NME2P1,1.0156195761371547,35.02258574816178,0.38953259788104494,0.5448226719663972,219.98828197210113,4.5322389332286095,0.0,3.6068540213100646,0.00146183359963187,-1.0,2.1355677026839133,0.4276212066097231,0.43732426888815007,0.3298897278099357,0.41152220106666704,-1.0,2.1355677026839133,35.02072393084748,0.0,0.051194470925544744,472,True
artery_coronary,excluded_at_or_below_-1,ENSG00000123009.4,NME2P1,0.6708106487804351,14.311629586546305,0.5597152247508338,0.636787776120141,152.6068924350398,2.9788726270675947,0.0,2.953370081171871,0.0009409725387769808,-0.770119261416427,1.9010329196203848,0.5534194518437369,0.48958698030697895,-0.016230694672679135,0.0046436255599706655,-0.770119261416427,1.9010329196203848,14.142244671675769,0.0,0.013307463872711978,268,True
artery_coronary,raw,ENSG00000123009.4,NME2P1,0.6708106487804351,14.311629586546305,0.5597152247508338,0.636787776120141,152.6068924350398,2.9788726270675947,0.0,2.953370081171871,0.0009409725387769808,-0.770119261416427,1.9010329196203848,0.5534194518437369,0.48958698030697895,-0.016230694672679135,0.0046436255599706655,-0.770119261416427,1.9010329196203848,14.142244671675769,0.0,0.013307463872711978,268,True
artery_tibial,excluded_at_or_below_-1,ENSG00000123009.4,NME2P1,-1.25941624429615,41.3750094663757,0.6080723228357245,0.6923250273019931,802.4961188991107,2.9316292684874385,0.0,2.630967144240054,0.018037773972582882,-0.6799116482061978,2.043244751771484,0.6283517740925704,0.450859159794406,0.12302318782806669,-0.21477712111533576,-0.6799116482061978,2.043244751771484,40.81187674149754,0.0,0.7361554080600451,691,True
artery_tibial,raw,ENSG00000123009.4,NME2P1,-1.25941624429615,41.3750094663757,0.6080723228357245,0.6923250273019931,802.4961188991107,2.9316292684874385,0.0,2.630967144240054,0.018037773972582882,-0.6799116482061978,2.043244751771484,0.6283517740925704,0.450859159794406,0.12302318782806669,-0.21477712111533576,-0.6799116482061978,2.043244751771484,40.81187674149754,0.0,0.7361554080600451,691,True
bladder,excluded_at_or_below_-1,ENSG00000123009.4,NME2P1,0.469759500143162,4.396767468168722,0.12859785451349728,0.4062660888127717,89.5195632459181,4.1849270192907095,0.0,3.5190716569637273,0.0018888031404667265,-0.8823381995344401,1.3308165132294754,0.15318296602908646,0.40324269608132246,0.2410367158767113,0.3776921647362079,-0.8823381995344401,1.3308165132294754,4.3960213690819465,0.0,0.008303218967480819,76,True
bladder,raw,ENSG00000123009.4,NME2P1,0.4924080241734988,4.5504535216101285,0.12036688072443238,0.4140339494983352,56.46938882428729,4.134526381066835,0.0,3.826831204238006,0.00046662287299898753,-1.0,1.3308165132294754,0.13820656387286456,0.42158708310946424,0.044389140947750635,0.5343562557388295,-1.0,1.3308165132294754,4.549568017776992,0.0,0.002122932499359409,77,True
brain_amygdala,excluded_at_or_below_-1,ENSG00000123009.4,NME2P1,0.5387070544544191,9.78312611362634,-0.6572674267029519,0.41295480144123786,196.1689632503683,4.277316747346721,0.0,0.9428134706440962,0.6411403487124706,-0.9325719209637998,0.5917224961046577,-0.515876445592426,0.28550978890979073,1.1117769086979061,1.4937593315742568,-0.9325719209637998,0.5917224961046577,9.782071719900049,0.0,6.271680873627115,177,True
brain_amygdala,raw,ENSG00000123009.4,NME2P1,0.7026413679674846,10.264778136283452,-0.6264103068000609,0.35990637442532175,232.41007121942016,4.786522420977165,0.0,1.467980698396282,0.3404472716943798,-1.0,0.5917224961046577,-0.5265753086732563,0.29120031231268334,1.0326956400569267,1.3746189410351004,-1.0,0.5917224961046577,10.264575336275863,0.0,3.4945466683365387,181,True
brain_anterior_cingulate_cortex_ba24,excluded_at_or_below_-1,ENSG00000123009.4,NME2P1,1.4944655934452105,10.969625116388732,-0.6003063594611607,0.3016579068478461,240.5974601594595,4.634281600988124,0.0,1.5291787601607965,0.3106047355048774,-0.9264868432717056,0.388206072248042,-0.4958346302324888,0.2754516383389002,0.8816312384718529,0.4805206070118806,-0.9264868432717056,0.388206072248042,10.96930068776957,0.0,3.4071167387981367,227,True
brain_anterior_cingulate_cortex_ba24,raw,ENSG00000123009.4,NME2P1,1.690017665604929,11.798775977189159,-0.5928118585015479,0.28001035690445475,244.4824246099496,4.954705525662604,0.0,2.0565346171859566,0.12067007488570425,-1.0,0.388206072248042,-0.5088174294539698,0.2834003671409589,0.7804337361965665,0.4163001273978346,-1.0,0.388206072248042,11.79864740720537,0.0,1.4237436661774925,233,True
brain_caudate_basal_ganglia,excluded_at_or_below_-1,ENSG00000123009.4,NME2P1,0.1549252563114146,14.46478035048239,-0.7225653395281219,0.5634226111431871,307.92790647365564,3.0689994327348575,0.0,0.5356122079352188,0.8651576118375474,-0.9359532158603492,0.5001238779949202,-0.5207448008915783,0.29175864375226174,0.8981116271591324,0.7402410963306503,-0.9359532158603492,0.5001238779949202,14.334447268427454,0.0,12.40155616576395,289,True
brain_caudate_basal_ganglia,raw,ENSG00000123009.4,NME2P1,0.38773036886206524,14.579267493560732,-0.6577538215736175,0.4937728189289463,261.75742888626996,3.316274779667084,0.0,0.9802264698385535,0.6169569590003248,-1.0,0.5001238779949202,-0.5383174915255537,0.3002192941787541,0.8201080776377313,0.6243718724401481,-1.0,0.5001238779949202,14.519572551929759,0.0,8.957951327623169,300,True
brain_cerebellar_hemisphere,excluded_at_or_below_-1,ENSG00000123009.4,NME2P1,0.35336172024145,14.695498170624852,-0.6110851030028818,0.4260202723217094,89.19497947653582,4.286220485657399,0.0,1.063148261659476,0.5682351836604653,-0.9313498239764972,0.6801037719408294,-0.5077600467093407,0.2732087934838019,0.9202817857149457,1.1113440758961248,-0.9313498239764972,0.6801037719408294,14.693990886729923,0.0,8.349642610226182,250,True
brain_cerebellar_hemisphere,raw,ENSG00000123009.4,NME2P1,-0.09523546319944573,15.35610592694246,-0.694367420384388,0.5539580254890618,537.2781543913989,3.5089225389619747,0.0,0.7802572023645279,0.737007740181205,-1.0,0.6801037719408294,-0.5557401143586107,0.2978822883520377,0.6865061368438532,0.6419114706505535,-1.0,0.6801037719408294,15.323548227787454,0.0,11.29357365091934,277,True
brain_cerebellum,excluded_at_or_below_-1,ENSG00000123009.4,NME2P1,0.6678353156344343,14.559495735574677,-0.5870637995686286,0.4249715137320721,310.719892485591,5.123452355401796,0.0,1.1275378756149865,0.5295792334952597,-0.9258892008653612,0.9525348586111426,-0.45929520328842605,0.30919892985067116,1.0797767467626866,1.7147619915168226,-0.9258892008653612,0.9525348586111426,14.559465004136879,0.0,7.710390316991867,230,True
brain_cerebellum,raw,ENSG00000123009.4,NME2P1,-0.4820956395259928,16.674111175010147,-0.887101290726357,0.8169418058281761,924.6133471560127,3.1846067537056615,0.0,0.19543972984384672,0.9809654728056147,-1.0,0.9525348586111426,-0.5324732960764587,0.3419913523293918,0.8044699785582323,0.9847714935094865,-1.0,0.9525348586111426,16.56941212353067,0.0,16.25402119787035,266,True
brain_cortex,excluded_at_or_below_-1,ENSG00000123009.4,NME2P1,0.8959120789270892,12.732642551353097,-0.5740982497670899,0.4000016778540088,157.16680870863988,3.888350873459123,0.0,1.2261282788784695,0.4712936657664108,-0.9209011527124128,0.5256980715599582,-0.4710762707495346,0.290028989819586,0.8800798306558758,0.6763920980129274,-0.9209011527124128,0.5256980715599582,12.725934602093446,0.0,5.99765236892423,258,True
brain_cortex,raw,ENSG00000123009.4,NME2P1,0.9913538406501808,13.220764044499932,-0.5727847190188718,0.4014653219801454,256.3302802147281,3.869547817499551,0.0,1.5049211260304662,0.32188178692813274,-1.0,0.5256980715599582,-0.49458399204955533,0.3037922621965828,0.7287397859082178,0.5186594011739833,-1.0,0.5256980715599582,13.21331451125393,0.0,4.253125286125842,270,True
brain_frontal_cortex_ba9,excluded_at_or_below_-1,ENSG00000123009.4,NME2P1,0.030271308440764633,12.347346938254681,-0.5343484310349365,0.5603850088422953,279.701465845623,2.970399601206239,0.0,0.9880481675527548,0.6090381774675809,-0.9258645328757074,0.6426784700463342,-0.4154037258132012,0.3114045339890841,0.6031818711712099,-0.07339556741686781,-0.9258645328757074,0.6426784700463342,12.19744435819935,0.0,7.428709281679958,263,True
brain_frontal_cortex_ba9,raw,ENSG00000123009.4,NME2P1,0.10301989151255313,12.934695035080459,-0.5065956660878147,0.5223125725656795,381.2200961622754,3.1117747409787966,0.0,1.3359416131315347,0.4049863055061304,-1.0,0.6426784700463342,-0.4284430479140219,0.31981600202628935,0.5299592210737495,-0.10101370049596703,-1.0,0.6426784700463342,12.832577917717435,0.0,5.197018321015936,269,True
brain_hippocampus,excluded_at_or_below_-1,ENSG00000123009.4,NME2P1,0.5247692470627715,14.365185709599183,-0.7018512092487004,0.5014047715735691,177.53578332411738,4.1739195600168735,0.0,0.6379148827036415,0.8158706542457564,-0.9280218347861016,0.7779982556686695,-0.5069073232069093,0.307610252204915,1.1293466649118384,1.549912572421416,-0.9280218347861016,0.7779982556686695,14.362740214282622,0.0,11.718138255388599,242,True
brain_hippocampus,raw,ENSG00000123009.4,NME2P1,0.6339856084453208,14.670430708689272,-0.6707724286964298,0.4668420141539724,230.25224174745165,4.388789115972586,0.0,0.9973354632368243,0.6081212171371733,-1.0,0.7779982556686695,-0.5320453812394983,0.3187332527798022,1.0108204254917053,1.320780213600254,-1.0,0.7779982556686695,14.66946292412303,0.0,8.920811648166334,255,True
brain_hypothalamus,excluded_at_or_below_-1,ENSG00000123009.4,NME2P1,1.951150601428483,9.437470047151233,-0.6679319471057237,0.3753453022764737,333.79710243995174,3.6911150562149535,0.0,1.0198134058984996,0.5940701336466979,-0.938599816009662,0.3117239785434607,-0.5068366384558806,0.29708120563743534,0.7848321808583201,-0.04874119321996062,-0.938599816009662,0.3117239785434607,9.427054226821237,0.0,5.6003313644223605,248,True
brain_hypothalamus,raw,ENSG00000123009.4,NME2P1,2.174506813568343,9.933316910679824,-0.6485875698598513,0.3414912050100467,231.9413272830319,3.97692706556093,0.0,1.4553002168125095,0.3465828618760361,-1.0,0.3117239785434607,-0.5241069507278536,0.3056229300846946,0.7174950052774388,-0.0755575331813767,-1.0,0.3117239785434607,9.929572130511673,0.0,3.4414195261972647,257,True
brain_nucleus_accumbens_basal_ganglia,excluded_at_or_below_-1,ENSG00000123009.4,NME2P1,1.133511565258475,16.96141334235891,-0.5509861426781315,0.35048893632329364,296.3702142925598,5.407342932172922,0.0,1.557699241824014,0.2972402834332765,-0.9370355802626272,0.7891324384591745,-0.46162694248878683,0.3034832420877657,1.008715686656264,1.3300503654319966,-0.9370355802626272,0.7891324384591745,16.961404230225025,0.0,5.041612600818461,275,True
brain_nucleus_accumbens_basal_ganglia,raw,ENSG00000123009.4,NME2P1,1.1536067657217193,17.24535129128788,-0.5540150852241355,0.364721996418715,194.91085179397268,5.208069332018237,0.0,1.7293114242710714,0.224191027340372,-1.0,0.7891324384591745,-0.48051722520847856,0.3141763473381181,0.8805403827643686,1.131807774192085,-1.0,0.7891324384591745,17.24521404105776,0.0,3.8662222525693473,285,True
brain_putamen_basal_ganglia,excluded_at_or_below_-1,ENSG00000123009.4,NME2P1,0.22383147207687207,17.436972816540653,-0.664251159351439,0.46119905320809806,246.10132799502713,5.236037309051082,0.0,0.7935169947921045,0.7299103372529842,-0.9230305236848892,1.043309504572921,-0.5223327996723917,0.29173743944723457,1.5024134602919197,4.236062256702725,-0.9230305236848892,1.043309504572921,17.43692821425555,0.0,12.727394153523342,237,True
brain_putamen_basal_ganglia,raw,ENSG00000123009.4,NME2P1,0.22807618719513206,17.973913670110854,-0.6651023893696627,0.46374962794285346,196.09548510671334,5.209835490867136,0.0,1.021276814950091,0.5936280305023576,-1.0,1.043309504572921,-0.5543026516628221,0.3060997034700481,1.272379540650957,3.4346647391227503,-1.0,1.043309504572921,17.973860645499904,0.0,10.669787495511942,254,True
brain_spinal_cord_cervical_c-1,excluded_at_or_below_-1,ENSG00000123009.4,NME2P1,0.33719776551802694,11.441864787636248,-0.5064404087066126,0.40792896082796504,136.3958971143977,4.410171145638632,0.0,1.4142205864418986,0.3678414106496121,-0.914371395622549,0.7656705230362586,-0.43559532820016406,0.28957405502055533,0.8818367260627415,1.2384586554561983,-0.914371395622549,0.7656705230362586,11.441074526775779,0.0,4.208500993276546,195,True
brain_spinal_cord_cervical_c-1,raw,ENSG00000123009.4,NME2P1,0.40481346227399667,11.969079078568546,-0.5114069850747044,0.40944239851519093,217.94994455436648,4.411024209319037,0.0,1.6875996982576222,0.2407054980323212,-1.0,0.7656705230362586,-0.4604955343089803,0.3059991100489265,0.6804853745720911,0.9454045347033571,-1.0,0.7656705230362586,11.968328733645238,0.0,2.880842528446617,204,True
brain_substantia_nigra,excluded_at_or_below_-1,ENSG00000123009.4,NME2P1,0.3636538631122865,7.39914625267465,-0.5476627049780053,0.4556490577099998,168.52264432658336,2.8878918557287614,0.0,1.1097651044658232,0.5329987864473549,-0.9052207411778368,0.3827945030713429,-0.4490028268904043,0.27672369749840875,0.5890038908167068,-0.16810634642750522,-0.9052207411778368,0.3827945030713429,7.284794751872045,0.0,3.88278676226586,175,True
brain_substantia_nigra,raw,ENSG00000123009.4,NME2P1,0.4831717079101031,7.874917000053911,-0.5361704048922421,0.43438473091692054,212.76650239673685,2.9918469589015233,0.0,1.510076338656731,0.3119334896065877,-1.0,0.3827945030713429,-0.47309013500448505,0.2932091440911774,0.42850070193278983,-0.20095782764690595,-1.0,0.3827945030713429,7.7852700767633545,0.0,2.42848646257454,183,True
breast_mammary_tissue,excluded_at_or_below_-1,ENSG00000123009.4,NME2P1,1.0044709854884855,31.751694067241598,0.19671933026769609,0.5610804934784448,555.5836068604333,4.04821579244119,0.0,2.674009805296606,0.0277423224733267,-0.8641775392294474,1.80282393494897,0.24761130427325556,0.43579690561221307,0.424164077495846,0.24605386014791053,-0.8641775392294474,1.80282393494897,31.742770936241325,0.0,0.8806181875101495,512,True
breast_mammary_tissue,raw,ENSG00000123009.4,NME2P1,0.9579705112076929,33.436380466024595,0.19563089362743327,0.5631756146101297,530.266107515408,4.035888872713448,0.0,3.002398153426308,0.010742202563642781,-1.0,1.80282393494897,0.2427567855795853,0.44184076822580115,0.3505442215033331,0.32307150280212715,-1.0,1.80282393494897,33.426142446114326,0.0,0.3590703930773381,514,True
cells_cultured_fibroblasts,excluded_at_or_below_-1,ENSG00000123009.4,NME2P1,1.240015323498193,61.049710583318316,0.33203118175958235,0.44209123933282124,758.9749357463447,6.657215332994753,0.0,3.518846411793258,0.0020474961290100156,-0.7679803105648869,2.413114729092067,0.34885236570536426,0.3793961012019406,0.6535202430754221,2.732019669067789,-0.7679803105648869,2.413114729092067,61.04955684546002,0.0,0.1249987313188563,651,True
cells_cultured_fibroblasts,raw,ENSG00000123009.4,NME2P1,1.1710719962489775,65.49186662350614,0.3280844818493651,0.4448378094128575,874.7880480237645,6.628658785773458,0.0,4.222201994672286,0.000134560590200384,-1.0,2.413114729092067,0.34678357373342356,0.3827672770874593,0.5843801888708692,2.773940616991448,-1.0,2.413114729092067,65.49180090872551,0.0,0.008812615383564149,652,True
cells_ebv-transformed_lymphocytes,excluded_at_or_below_-1,ENSG00000123009.4,NME2P1,1.0824803282567543,16.132031062989697,0.2268669929015351,0.48620384370719444,163.25974287614807,3.0785834104973793,0.0,2.589685537981305,0.026453781556685728,-0.6634618061283717,1.2852779197811497,0.25405541285966965,0.3747459614650801,0.20303002719216726,-0.21648053752747654,-0.6634618061283717,1.2852779197811497,15.990815235571876,0.0,0.42301753315514046,327,True
cells_ebv-transformed_lymphocytes,raw,ENSG00000123009.4,NME2P1,1.0824803282567543,16.132031062989697,0.2268669929015351,0.48620384370719444,163.25974287614807,3.0785834104973793,0.0,2.589685537981305,0.026453781556685728,-0.6634618061283717,1.2852779197811497,0.25405541285966965,0.3747459614650801,0.20303002719216726,-0.21648053752747654,-0.6634618061283717,1.2852779197811497,15.990815235571876,0.0,0.42301753315514046,327,True
cervix_ectocervix,excluded_at_or_below_-1,ENSG00000123009.4,NME2P1,-0.007647350178533784,0.9819417659953743,0.15505180099842794,0.6526092972566778,30.61496605978418,1.868469635326009,0.03130135317496381,1.9552117668275295,0.0,-0.7472089402973568,1.0172841314601642,0.17293317720143978,0.41431063113949096,0.019294846927860994,-0.41647653387722716,-0.7472089402973568,1.0172841314601642,0.8367409948866092,0.026191125396916343,0.0,24,True
cervix_ectocervix,raw,ENSG00000123009.4,NME2P1,-0.007647350178533784,0.9819417659953743,0.15505180099842794,0.6526092972566778,30.61496605978418,1.868469635326009,0.03130135317496381,1.9552117668275295,0.0,-0.7472089402973568,1.0172841314601642,0.17293317720143978,0.41431063113949096,0.019294846927860994,-0.41647653387722716,-0.7472089402973568,1.0172841314601642,0.8367409948866092,0.026191125396916343,0.0,24,True
cervix_endocervix,excluded_at_or_below_-1,ENSG00000123009.4,NME2P1,0.3926288855912893,0.8765066651309373,0.367612625116197,0.15622464545672038,22.58414200380359,5.60232404745725,1.520216576013125e-07,6.44495900880733,0.0,-0.3443459240893947,0.9864873915121712,0.31857485533050683,0.3297849322481516,-0.0013096424183133076,-0.4580065414132348,-0.3443459240893947,0.9864873915121712,0.8764710496098507,1.332425818012517e-07,0.0,23,True
cervix_endocervix,raw,ENSG00000123009.4,NME2P1,0.3926288855912893,0.8765066651309373,0.367612625116197,0.15622464545672038,22.58414200380359,5.60232404745725,1.520216576013125e-07,6.44495900880733,0.0,-0.3443459240893947,0.9864873915121712,0.31857485533050683,0.3297849322481516,-0.0013096424183133076,-0.4580065414132348,-0.3443459240893947,0.9864873915121712,0.8764710496098507,1.332425818012517e-07,0.0,23,True
colon_sigmoid,excluded_at_or_below_-1,ENSG00000123009.4,NME2P1,1.0851157974782963,23.84225894459086,0.04296885363708768,0.512953763058131,467.94175409293365,3.750050831969314,0.0,2.583171919251258,0.0347123789055831,-0.8939814004550563,1.4031613571583157,0.09028349551668392,0.3982070519712325,0.2879687484452583,0.0075812336467153685,-0.8939814004550563,1.4031613571583157,23.821055828770273,0.0,0.8268855158593225,419,True
colon_sigmoid,raw,ENSG00000123009.4,NME2P1,1.0851157974782963,23.84225894459086,0.04296885363708768,0.512953763058131,467.94175409293365,3.750050831969314,0.0,2.583171919251258,0.0347123789055831,-0.8939814004550563,1.4031613571583157,0.09028349551668392,0.3982070519712325,0.2879687484452583,0.0075812336467153685,-0.8939814004550563,1.4031613571583157,23.821055828770273,0.0,0.8268855158593225,419,True
colon_transverse,excluded_at_or_below_-1,ENSG00000123009.4,NME2P1,1.251544159764902,27.089132436528995,-0.12228043844203121,0.49502519480582063,1152.174755924907,4.086056497980076,0.0,2.203088347520146,0.08810320273444422,-0.8934399488737927,1.3079850940890103,-0.04008251773071624,0.3911054625867078,0.7383478736237437,0.6429575898988946,-0.8934399488737927,1.3079850940890103,27.08267212343874,0.0,2.3860701526818042,476,True
colon_transverse,raw,ENSG00000123009.4,NME2P1,1.1288657305408545,28.518895323199352,-0.12173543380950891,0.49837328037323536,1231.7848491588413,4.057059719259165,0.0,2.49221559375762,0.04454432022617423,-1.0,1.3079850940890103,-0.04609452701423994,0.39717797929918114,0.6573351560343477,0.6567291169046734,-1.0,1.3079850940890103,28.51128670519844,0.0,1.2700158850566232,479,True
esophagus_gastroesophageal_junction,excluded_at_or_below_-1,ENSG00000123009.4,NME2P1,0.800967782682768,21.340687407372688,0.0662267261377932,0.5689209525006755,238.62282148735898,3.301458032907024,0.0,2.4192558093991,0.04950549198114038,-0.9070105246184108,1.3943632245395454,0.08342032233206305,0.4207170164146519,0.20758254207400953,-0.1292060872968266,-0.9070105246184108,1.3943632245395454,21.24888845298157,0.0,1.0519366769172256,403,True
esophagus_gastroesophageal_junction,raw,ENSG00000123009.4,NME2P1,0.800967782682768,21.340687407372688,0.0662267261377932,0.5689209525006755,238.62282148735898,3.301458032907024,0.0,2.4192558093991,0.04950549198114038,-0.9070105246184108,1.3943632245395454,0.08342032233206305,0.4207170164146519,0.20758254207400953,-0.1292060872968266,-0.9070105246184108,1.3943632245395454,21.24888845298157,0.0,1.0519366769172256,403,True
esophagus_mucosa,excluded_at_or_below_-1,ENSG00000123009.4,NME2P1,0.5410242054163092,33.564508448549496,0.046384651160920165,0.6019296893878416,352.20857729390707,3.5495909348915844,0.0,2.0558577113740673,0.11922430886927687,-0.8286471167118599,1.557191947696742,0.08911927567693977,0.4186920801498032,0.3304863596046744,-0.11223658567733619,-0.8286471167118599,1.557191947696742,33.50271972467199,0.0,3.994338604415108,610,True
esophagus_mucosa,raw,ENSG00000123009.4,NME2P1,0.28437082026134436,36.31540930042244,0.05202686617817612,0.6027138113685925,282.7423840124378,3.5317340199330367,0.0,2.4684860941741,0.04564808904329724,-1.0,1.557191947696742,0.08202403609598251,0.42643745058594756,0.2519251386241571,-0.04072285398827313,-1.0,1.557191947696742,36.24402239285109,0.0,1.6544703614761256,614,True
esophagus_muscularis,excluded_at_or_below_-1,ENSG00000123009.4,NME2P1,0.6352641011678735,31.462987291020575,0.07556335382817779,0.5801178462082822,750.0009605246107,3.622046010627037,0.0,2.195591290571291,0.08849633306673482,-0.8250797488320516,1.561345690002606,0.11090366852499128,0.41472574645127214,0.34407367636282543,0.07134631719801998,-0.8250797488320516,1.561345690002606,31.418415754647786,0.0,2.7804145850524593,560,True
esophagus_muscularis,raw,ENSG00000123009.4,NME2P1,0.19241840084303333,34.0067030077248,0.08024474900905576,0.5907647981308386,904.2792497890414,3.545561693289545,0.0,2.5859644643088275,0.03350895507619733,-1.0,1.561345690002606,0.10892344808198774,0.41700136765957296,0.3183332564170078,0.09549529749966634,-1.0,1.561345690002606,33.943097423789865,0.0,1.137397726720764,561,True
fallopian_tube,excluded_at_or_below_-1,ENSG00000123009.4,NME2P1,0.5655470247982135,1.754213463395399,0.2410977997664562,0.07939166730532192,15.080287710333653,14.478674218218202,0.0,13.097163174175476,0.0,-0.4941558062185029,1.0539072064490278,0.26760878887106143,0.3993779329803562,0.20437475545782732,-0.8509708577949255,-0.4941558062185029,1.0539072064490278,1.7537571854434348,0.0,0.0,29,True
fallopian_tube,raw,ENSG00000123009.4,NME2P1,0.5655470247982135,1.754213463395399,0.2410977997664562,0.07939166730532192,15.080287710333653,14.478674218218202,0.0,13.097163174175476,0.0,-0.4941558062185029,1.0539072064490278,0.26760878887106143,0.3993779329803562,0.20437475545782732,-0.8509708577949255,-0.4941558062185029,1.0539072064490278,1.7537571854434348,0.0,0.0,29,True
heart_atrial_appendage,excluded_at_or_below_-1,ENSG00000123009.4,NME2P1,1.4678034664791213,24.596326124140443,-0.4915441620989213,0.4168807429970159,383.2101526186025,4.286708509190724,0.0,1.5326637762246227,0.3088945903848928,-0.9433415644127378,0.7720883442421571,-0.4095368260111613,0.3112940620499552,0.7295043447182685,0.5186254743010026,-0.9433415644127378,0.7720883442421571,24.593744038063782,0.0,7.596874490668611,456,True
heart_atrial_appendage,raw,ENSG00000123009.4,NME2P1,1.5580107284390747,25.75172698479558,-0.48518608266383123,0.40079147965035816,308.28191377475,4.436358147399854,0.0,1.8165476587236147,0.1920217385228995,-1.0,0.7720883442421571,-0.4159409819112571,0.31559344910345816,0.6821626547547146,0.48092048514300867,-1.0,0.7720883442421571,25.750355468887157,0.0,4.944628024718365,461,True
heart_left_ventricle,excluded_at_or_below_-1,ENSG00000123009.4,NME2P1,1.072425178514099,27.77798362032205,-0.7930954897038606,0.47573156478232625,198.6635782462605,4.477833139655766,0.0,0.4684331699073615,0.8960873105808292,-0.9506731362808228,0.7132163029704883,-0.566492033204396,0.30450472803312073,1.3932992200195942,2.304481340822692,-0.9506731362808228,0.7132163029704883,27.776684147076132,0.0,24.890334194206606,426,True
heart_left_ventricle,raw,ENSG00000123009.4,NME2P1,1.169083421137692,28.209496275516365,-0.7785172253631892,0.4620892384525239,364.9532194877727,4.5654163993972885,0.0,0.6778429741673866,0.7947434753446935,-1.0,0.7132163029704883,-0.5914283321793644,0.31239162516653984,1.3019542924607033,2.1041392543441617,-1.0,0.7132163029704883,28.208448656543922,0.0,22.418480519384065,452,True
kidney_cortex,excluded_at_or_below_-1,ENSG00000123009.4,NME2P1,0.6851404435086386,3.4155267947937946,-0.4124614537787999,0.5770407759234315,89.48261176130596,2.9567181435548147,0.0,1.2850256761597663,0.43076081791456844,-0.9367897681024744,0.793966611357833,-0.2519747096941223,0.40390782185007595,0.5135982241198175,-0.5134109942241629,-0.9367897681024744,0.793966611357833,3.372344703860617,0.0,1.4526739629248624,100,True
kidney_cortex,raw,ENSG00000123009.4,NME2P1,0.6717647675690741,3.5204442265833333,-0.42426944388413806,0.61187254371482,98.73366889434539,2.8156941657085928,0.0,1.3306790263678498,0.4012002419980107,-1.0,0.793966611357833,-0.2807449131674253,0.4215447241257849,0.42218435514482394,-0.5099756777978399,-1.0,0.793966611357833,3.453601323091549,0.0,1.3855856865889793,104,True
kidney_medulla,excluded_at_or_below_-1,ENSG00000123009.4,NME2P1,0.21750285083964388,2.475893494970689,-0.7115541657905258,0.21550789724548108,6.920905360613226,10.18311731597636,0.0,-1.392641605131558,1.0,-0.4993335564542288,0.8402215055498066,0.00776762742394557,0.4103368815743283,0.5120214003580831,-0.4772692634552387,-0.4993335564542288,0.8402215055498066,0.938827069538652,0.0,0.9388270695386512,11,True
kidney_medulla,raw,ENSG00000123009.4,NME2P1,0.21750285083964388,2.475893494970689,-0.7115541657905258,0.21550789724548108,6.920905360613226,10.18311731597636,0.0,-1.392641605131558,1.0,-0.4993335564542288,0.8402215055498066,0.00776762742394557,0.4103368815743283,0.5120214003580831,-0.4772692634552387,-0.4993335564542288,0.8402215055498066,0.938827069538652,0.0,0.9388270695386512,11,True
liver,excluded_at_or_below_-1,ENSG00000123009.4,NME2P1,0.6312998569671007,11.467074565082068,-0.3665653748770673,0.504633066631893,280.6134315614457,3.0772480403716167,0.0,1.5222247771643305,0.3078504612211104,-0.9097400253269476,0.7314873921985987,-0.29207674153723284,0.3426450151433979,0.5492877230750456,0.012151359056673972,-0.9097400253269476,0.7314873921985987,11.36631820926682,0.0,3.4991263031086963,259,True
liver,raw,ENSG00000123009.4,NME2P1,0.4874318140862294,12.267975194955874,-0.35603290019143746,0.5004543367192669,270.2043278003337,3.0731793772359426,0.0,1.8197604445622078,0.18368492630437647,-1.0,0.7314873921985987,-0.3001827330463485,0.34892773468098615,0.48782178172513363,0.006343302096768255,-1.0,0.7314873921985987,12.158825798760388,0.0,2.233393020793053,262,True
lung,excluded_at_or_below_-1,ENSG00000123009.4,NME2P1,0.4337146192713292,35.320348067155756,0.24192833622152224,0.6255232769785308,422.98325209942175,3.4664195983561514,0.0,2.5575846070610226,0.03561171222719576,-0.8893213895087951,1.7751664582685365,0.26943485771126735,0.44707613077761005,0.17414648632190102,-0.010183977688963175,-0.8893213895087951,1.7751664582685365,35.23332114474213,0.0,1.2547188934149283,602,True
lung,raw,ENSG00000123009.4,NME2P1,0.36784400279716,36.87957794123438,0.2417431640974596,0.6272107124628354,487.1407769990882,3.4575111304465516,0.0,2.799840609793096,0.01735803252759873,-1.0,1.7751664582685365,0.2652314310301042,0.4522623705717288,0.12216596178867486,0.05576868569254412,-1.0,1.7751664582685365,36.78605268405503,0.0,0.6385334990517878,604,True
minor_salivary_gland,excluded_at_or_below_-1,ENSG00000123009.4,NME2P1,0.33957557735359967,8.384314527289474,-0.022768135574284427,0.5421825785609764,132.4915111016656,2.7179889306190215,0.0,2.2210113141203123,0.061538345184143584,-0.8742616252012532,1.019257118681082,-0.022418704400961408,0.381003287304281,0.10513586835154515,-0.3880151943123402,-0.8742616252012532,1.019257118681082,8.175683680695329,0.0,0.5031180444589987,181,True
minor_salivary_gland,raw,ENSG00000123009.4,NME2P1,0.33957557735359967,8.384314527289474,-0.022768135574284427,0.5421825785609764,132.4915111016656,2.7179889306190215,0.0,2.2210113141203123,0.061538345184143584,-0.8742616252012532,1.019257118681082,-0.022418704400961408,0.381003287304281,0.10513586835154515,-0.3880151943123402,-0.8742616252012532,1.019257118681082,8.175683680695329,0.0,0.5031180444589987,181,True
muscle_skeletal,excluded_at_or_below_-1,ENSG00000123009.4,NME2P1,2.461949623624079,38.34579314581352,-0.4723269989769219,0.5332007584119459,612.9847062996266,3.693003198228971,0.0,1.2165294697584814,0.47655824226873816,-0.9309949492525804,0.9200455241724084,-0.3469710593856296,0.36768958064139895,0.7555442972318221,0.32760765000689807,-0.9309949492525804,0.9200455241724084,38.3036605849227,0.0,18.25392516080911,794,True
muscle_skeletal,raw,ENSG00000123009.4,NME2P1,2.69348644536786,39.755330756799324,-0.468015161112626,0.5231498597649084,884.9923358767999,3.7522981415098196,0.0,1.438096866678842,0.3549948266242711,-1.0,0.9200455241724084,-0.3661308327043886,0.37866054374202596,0.6726775618852139,0.25239931898308043,-1.0,0.9200455241724084,39.720493643306796,0.0,14.100569754336162,818,True
nerve_tibial,excluded_at_or_below_-1,ENSG00000123009.4,NME2P1,2.538603567722089,36.12643525521244,0.1496783777049117,0.538743943452635,549.0945349753487,3.7223253136406416,0.0,2.645741222944113,0.029246780675456996,-0.8582154070303165,1.5676963289111172,0.18709535027050683,0.43911345272028407,0.25250623571349057,-0.05984850638019612,-0.8582154070303165,1.5676963289111172,36.0909912903091,0.0,1.055545306627499,668,True
nerve_tibial,raw,ENSG00000123009.4,NME2P1,2.196259375422574,38.66829951231121,0.1504959859522734,0.5460854248791129,645.9940391409237,3.6701656083494156,0.0,2.979473453534657,0.010636333005423,-1.0,1.5676963289111172,0.18355178206074413,0.44322053829273234,0.21133935376638227,-0.015354596522325625,-1.0,1.5676963289111172,38.621977350087626,0.0,0.41079621242343656,670,True
ovary,excluded_at_or_below_-1,ENSG00000123009.4,NME2P1,0.3030965514935935,10.959385035344617,0.2645739873687785,0.6313055488469524,160.01654538373933,3.6461482330608437,0.0,2.3752228863470184,0.0583340667637291,-0.7957265413455361,1.892216143188068,0.2835151286458173,0.465075036400521,0.21722740332296075,0.05237091149861106,-0.7957265413455361,1.892216143188068,10.945118647663687,0.0,0.6384732819297497,193,True
ovary,raw,ENSG00000123009.4,NME2P1,0.3030965514935935,10.959385035344617,0.2645739873687785,0.6313055488469524,160.01654538373933,3.6461482330608437,0.0,2.3752228863470184,0.0583340667637291,-0.7957265413455361,1.892216143188068,0.2835151286458173,0.465075036400521,0.21722740332296075,0.05237091149861106,-0.7957265413455361,1.892216143188068,10.945118647663687,0.0,0.6384732819297497,193,True
pancreas,excluded_at_or_below_-1,ENSG00000123009.4,NME2P1,0.4423619172949853,19.056642802619066,0.4731076641747062,0.8666303484509776,497.6382817283447,3.2520022742420633,0.0,2.221658273729579,0.08011594927344722,-0.8883249617933642,2.4659352957812093,0.5521242011793389,0.6187785674436661,0.39105958831291904,-0.034202138149975525,-0.8883249617933642,2.4659352957812093,18.960336205502095,0.0,1.5190253336475106,362,True
pancreas,raw,ENSG00000123009.4,NME2P1,0.4423619172949853,19.056642802619066,0.4731076641747062,0.8666303484509776,497.6382817283447,3.2520022742420633,0.0,2.221658273729579,0.08011594927344722,-0.8883249617933642,2.4659352957812093,0.5521242011793389,0.6187785674436661,0.39105958831291904,-0.034202138149975525,-0.8883249617933642,2.4659352957812093,18.960336205502095,0.0,1.5190253336475106,362,True
pituitary,excluded_at_or_below_-1,ENSG00000123009.4,NME2P1,0.14054392023566029,14.393462034940322,-0.22997429402252725,0.620333295993742,271.72710603830774,2.9825778043893996,0.0,1.48541745182374,0.3238842156415105,-0.8815405979619528,1.078309241916679,-0.16840485513127124,0.3924199534729353,0.4323886259069459,-0.07428322365216156,-0.8815405979619528,1.078309241916679,14.225003095450687,0.0,4.607253970068104,306,True
pituitary,raw,ENSG00000123009.4,NME2P1,0.31963626749602747,15.308436852747528,-0.22525753181004068,0.5948860003167739,411.49495634961744,3.098949731346175,0.0,1.841783644727255,0.1766366614365136,-1.0,1.078309241916679,-0.18700282961715337,0.40707124904893616,0.3244481196340172,-0.09133204495719616,-1.0,1.078309241916679,15.182627371040317,0.0,2.681808610655193,313,True
prostate,excluded_at_or_below_-1,ENSG00000123009.4,NME2P1,0.5129472843921985,15.079585004114577,0.14304429737455435,0.5899999923174345,219.24827677616378,3.5563952905540117,0.0,2.1290948996982877,0.10206269178705997,-0.7451991814655103,1.626747501707893,0.19287121338363203,0.4294336132031825,0.36532693710389796,-0.07137743525513773,-0.7451991814655103,1.626747501707893,15.052483811825445,0.0,1.5362970159160498,282,True
prostate,raw,ENSG00000123009.4,NME2P1,0.5129472843921985,15.079585004114577,0.14304429737455435,0.5899999923174345,219.24827677616378,3.5563952905540117,0.0,2.1290948996982877,0.10206269178705997,-0.7451991814655103,1.626747501707893,0.19287121338363203,0.4294336132031825,0.36532693710389796,-0.07137743525513773,-0.7451991814655103,1.626747501707893,15.052483811825445,0.0,1.5362970159160498,282,True
skin_not_sun_exposed_suprapubic,excluded_at_or_below_-1,ENSG00000123009.4,NME2P1,1.443918216092035,53.064320489182364,0.21155582530011408,0.5101491998192678,757.2397395566109,6.0448492835268866,0.0,2.9076324300664895,0.014594055876956225,-0.8373143008482337,2.392114057144987,0.2572845063936791,0.4275610771443607,0.5920356757261808,1.4936870517673908,-0.8373143008482337,2.392114057144987,53.06309971163827,0.0,0.7744058421961488,651,True
skin_not_sun_exposed_suprapubic,raw,ENSG00000123009.4,NME2P1,1.443918216092035,53.064320489182364,0.21155582530011408,0.5101491998192678,757.2397395566109,6.0448492835268866,0.0,2.9076324300664895,0.014594055876956225,-0.8373143008482337,2.392114057144987,0.2572845063936791,0.4275610771443607,0.5920356757261808,1.4936870517673908,-0.8373143008482337,2.392114057144987,53.06309971163827,0.0,0.7744058421961488,651,True
skin_sun_exposed_lower_leg,excluded_at_or_below_-1,ENSG00000123009.4,NME2P1,0.20487484507274178,49.65552721997242,0.2192040081245215,0.5658243310110237,499.45562904378767,4.008993052460093,0.0,2.6389243545596264,0.0304334062116178,-0.8366249325920528,1.823194998091872,0.24854637345315947,0.40485986104840366,0.3344225097071928,0.29774361901781665,-0.8366249325920528,1.823194998091872,49.63930551093427,0.0,1.5106931486768607,754,True
skin_sun_exposed_lower_leg,raw,ENSG00000123009.4,NME2P1,0.20487484507274178,49.65552721997242,0.2192040081245215,0.5658243310110237,499.45562904378767,4.008993052460093,0.0,2.6389243545596264,0.0304334062116178,-0.8366249325920528,1.823194998091872,0.24854637345315947,0.40485986104840366,0.3344225097071928,0.29774361901781665,-0.8366249325920528,1.823194998091872,49.63930551093427,0.0,1.5106931486768607,754,True
small_intestine_terminal_ileum,excluded_at_or_below_-1,ENSG00000123009.4,NME2P1,0.36914614661460843,12.011711460911963,-0.21858768300514167,0.5078098894846275,265.46894717774194,4.358166122086882,0.0,1.821723767999403,0.19020577437667788,-0.8727246322696973,1.3463243753256395,-0.13416909092750265,0.3837547537639618,0.8770562003634566,1.1150798981342485,-0.8727246322696973,1.3463243753256395,12.010693885116611,0.0,2.284503331219835,203,True
small_intestine_terminal_ileum,raw,ENSG00000123009.4,NME2P1,0.4436148512240441,12.780484259842527,-0.21978873061563856,0.4965477351766799,255.67475767630037,4.460433987971647,0.0,2.2221133649659883,0.08463485779216612,-1.0,1.3463243753256395,-0.15090012298687455,0.3983508802562483,0.6953862119529252,1.0170923239105498,-1.0,1.3463243753256395,12.77984643065088,0.0,1.081620485263859,207,True
spleen,excluded_at_or_below_-1,ENSG00000123009.4,NME2P1,0.8488577532752779,12.799004483787098,-0.07309576758701161,0.5043038146747753,318.96893760747616,3.03411576541336,0.0,2.211850668845436,0.07738087301795468,-0.8618343000601092,1.0088597413781617,-0.04154411110877855,0.3764914014380859,0.26676688063663917,-0.14445501642372927,-0.8618343000601092,1.0088597413781617,12.670630390451649,0.0,0.9804644413009767,275,True
spleen,raw,ENSG00000123009.4,NME2P1,0.6838738510517541,13.935165050970484,-0.07101683105208391,0.510883777020226,231.39740202682304,2.9892828136513017,0.0,2.5715840976693736,0.025464178428807698,-1.0,1.0088597413781617,-0.04846437023434694,0.3838324679053049,0.1910847899202751,-0.08134295406806213,-1.0,1.0088597413781617,13.775310402248515,0.0,0.3507769619950669,277,True
stomach,excluded_at_or_below_-1,ENSG00000123009.4,NME2P1,1.0073343987328987,22.22738219233716,-0.09162865013331593,0.4792462684805859,400.8606016384838,3.7066868169162994,0.0,2.3457631963600587,0.06287131149596736,-0.8865568621837008,1.1644870262376807,-0.050037460422863486,0.36712579579137233,0.39612793406713104,0.03438060111267083,-0.8865568621837008,1.1644870262376807,22.204266519898724,0.0,1.3960113569120318,405,True
stomach,raw,ENSG00000123009.4,NME2P1,1.0465874190277755,23.5787526172104,-0.09161003727859189,0.47440908697976497,290.41922105270055,3.744425542501256,0.0,2.7079106207318513,0.024688621094633902,-1.0,1.1644870262376807,-0.054705581010466124,0.3722109879835951,0.3339156981986038,0.08309512448669265,-1.0,1.1644870262376807,23.55726750454619,0.0,0.5815964514446728,407,True
testis,excluded_at_or_below_-1,ENSG00000123009.4,NME2P1,1.25394095465629,40.04286686831827,1.6785181965475107,0.6373749305410236,404.0134030189415,7.1819370695350075,0.0,3.852181323435906,0.000599360062100063,-0.0576296306139998,4.915360751757873,1.7185832420854101,0.6266908743325662,0.9458935342211746,3.1402744187347382,-0.0576296306139998,4.915360751757873,40.0427687741738,0.0,0.02400003637914727,414,True
testis,raw,ENSG00000123009.4,NME2P1,1.25394095465629,40.04286686831827,1.6785181965475107,0.6373749305410236,404.0134030189415,7.1819370695350075,0.0,3.852181323435906,0.000599360062100063,-0.0576296306139998,4.915360751757873,1.7185832420854101,0.6266908743325662,0.9458935342211746,3.1402744187347382,-0.0576296306139998,4.915360751757873,40.0427687741738,0.0,0.02400003637914727,414,True
thyroid,excluded_at_or_below_-1,ENSG00000123009.4,NME2P1,0.4865733672008516,43.543954201429905,0.0932464842322485,0.606510584715408,694.3129047376474,4.287325412834626,0.0,2.2146462991793805,0.08599961203519291,-0.8565438851933972,1.9319420760353403,0.11960916418118497,0.42943959927041714,0.2745483896384893,0.12547141497631475,-0.8565438851933972,1.9319420760353403,43.53951113164149,0.0,3.7443810655231315,682,True
thyroid,raw,ENSG00000123009.4,NME2P1,0.254116402947254,45.972684705850874,0.09307809248458383,0.609534376199311,639.1597628436181,4.266447449793294,0.0,2.536109403317946,0.04001138909401024,-1.0,1.9319420760353403,0.11633545317480724,0.43305687307764695,0.23899724490372953,0.15138926394166052,-1.0,1.9319420760353403,45.96725901224253,0.0,1.8392138859239848,684,True
uterus,excluded_at_or_below_-1,ENSG00000123009.4,NME2P1,2.1573470916349673,6.242334337893035,0.45172043113725785,0.339262817954799,138.57615741669605,4.814798636945172,0.0,4.567947678618167,2.019536239885193e-05,-0.6441075561983876,1.6067667387924534,0.3988701172414109,0.4832813046554706,0.01360317310438112,-0.4230536693504625,-0.6441075561983876,1.6067667387924534,6.242166287573891,0.0,0.00012606281033145095,153,True
uterus,raw,ENSG00000123009.4,NME2P1,2.1573470916349673,6.242334337893035,0.45172043113725785,0.339262817954799,138.57615741669605,4.814798636945172,0.0,4.567947678618167,2.019536239885193e-05,-0.6441075561983876,1.6067667387924534,0.3988701172414109,0.4832813046554706,0.01360317310438112,-0.4230536693504625,-0.6441075561983876,1.6067667387924534,6.242166287573891,0.0,0.00012606281033145095,153,True
vagina,excluded_at_or_below_-1,ENSG00000123009.4,NME2P1,0.4320129816448066,9.048031689923627,0.21654967011308723,0.5913861759542298,198.55548090155375,3.7816551741037143,0.0,2.0341970754804466,0.12563016912761443,-0.634096980161567,1.7979364222228194,0.26595116669543556,0.44871711941755915,0.4901315341403118,0.3776398090661668,-0.634096980161567,1.7979364222228194,9.040831416905588,0.0,1.135801179960099,170,True
vagina,raw,ENSG00000123009.4,NME2P1,0.4320129816448066,9.048031689923627,0.21654967011308723,0.5913861759542298,198.55548090155375,3.7816551741037143,0.0,2.0341970754804466,0.12563016912761443,-0.634096980161567,1.7979364222228194,0.26595116669543556,0.44871711941755915,0.4901315341403118,0.3776398090661668,-0.634096980161567,1.7979364222228194,9.040831416905588,0.0,1.135801179960099,170,True
whole_blood,excluded_at_or_below_-1,ENSG00000123009.4,NME2P1,0.5334256844550381,40.44327790472726,-0.7281666960022978,0.5651942386046508,1214.210363680501,3.8033794002892876,0.0,0.43167293646428145,0.9109736677380451,-0.9006859414278322,0.7918640698347512,-0.49437820884729305,0.297130760194057,1.1158403524042295,1.5565891966021201,-0.9006859414278322,0.7918640698347512,40.414056139605385,0.0,36.81614094966758,660,True
whole_blood,raw,ENSG00000123009.4,NME2P1,-9.071074682199411,2155453462466.6274,-37.613220550057235,7.4641968650110595,12336.071805912075,7.276468254492795,0.0,-6.936970447117427,1.0,-1.0,0.7918640698347512,-0.5844204456279121,0.3316793156282445,0.8620050960203207,0.8633096732142524,-1.0,0.7918640698347512,69.7141002320357,0.0,69.71410023203525,803,True
adipose_subcutaneous,excluded_at_or_below_-1,ENSG00000224443.1,NME2P2,0.3702088111384537,5.2235200890276685,-0.8548921003075988,0.04659258674598807,24.841132568749888,11.25695592044441,0.0,2.321663241675302,0.06754133442927768,-0.9313814643335042,-0.4840211730489476,-0.8239929976245955,0.08799768391613123,1.8817174639064822,3.7425422533640047,-0.9313814643335042,-0.4840211730489476,5.2232871394986375,0.0,0.3527877835090226,53,True
adipose_subcutaneous,raw,ENSG00000224443.1,NME2P2,1.358974359000648,837.4646985795457,-0.9946882624768606,0.00232932489307091,142.97435902814777,310.04362073958384,0.0,3.2249392376888872,0.005536847550706638,-1.0,-0.4840211730489476,-0.9869350544455232,0.051928459547442796,4.918186094026028,28.908042851851114,-1.0,-0.4840211730489476,834.2995769375382,0.0,4.619389569122193,714,True
adipose_visceral_omentum,excluded_at_or_below_-1,ENSG00000224443.1,NME2P2,0.1809972163694771,2.7206227759896997,-0.8435283664642934,0.07577152017955135,14.463285710960918,7.050643970892376,0.0,1.4695510815458794,0.33967018569170654,-0.9222647909993446,-0.4657650454685341,-0.8083203402064667,0.08826156699383174,1.8892847537056647,4.501904860414465,-0.9222647909993446,-0.4657650454685341,2.720595525190129,0.0,0.9241051872333571,37,True
adipose_visceral_omentum,raw,ENSG00000224443.1,NME2P2,0.9487179472715717,756.0274312852258,-0.9948285408360157,0.002663575483343279,79.8974359315244,280.9039109963827,0.0,2.7457632542051216,0.0231664360221569,-1.0,-0.4657650454685341,-0.9879179771510038,0.05149930692428927,5.134364514539631,31.475861593104923,-1.0,-0.4657650454685341,752.5899371026206,0.0,17.434826628807038,587,True
adrenal_gland,excluded_at_or_below_-1,ENSG00000224443.1,NME2P2,,,,,,,,,,-0.9342677807615896,-0.6604555245923808,,,,,,,,,,8,False
adrenal_gland,raw,ENSG00000224443.1,NME2P2,0.20512820512869095,303.18330829395535,-0.9960874018482061,0.0014071259428914428,6.3589743648813535,337.32243739645764,0.0,3.932305703221652,0.00043945913715258314,-1.0,-0.6604555245923808,-0.9956973260215144,0.029145457543898606,8.178375240683755,75.43954256014712,-1.0,-0.6604555245923808,302.71426766274095,0.0,0.13303055087084503,295,True
artery_aorta,excluded_at_or_below_-1,ENSG00000224443.1,NME2P2,0.2506191228505124,1.4809820224632413,-0.8345731304015153,0.01648679541977052,9.083938054002008,16.042580677741288,0.0,2.452050986465289,0.04947962347835036,-0.8631589565088981,-0.6475499305990327,-0.7972953964303646,0.0585474899729671,1.2230248160805988,0.6200190254197837,-0.8631589565088981,-0.6475499305990327,1.480859581333327,0.0,0.07327237450868057,18,True
artery_aorta,raw,ENSG00000224443.1,NME2P2,0.46153846153443195,525.3787836223247,-0.9962832034195848,0.00179636502848149,21.692307694096726,274.5451599503031,0.0,2.9261002353451224,0.013978110326504475,-1.0,-0.6475499305990327,-0.9922697396943782,0.04042429665890062,5.512960611281635,31.381222923119132,-1.0,-0.6475499305990327,519.7515570507009,0.0,7.265144606827175,472,True
artery_coronary,excluded_at_or_below_-1,ENSG00000224443.1,NME2P2,0.21238627672364496,1.0928306541636983,-0.8071568989323269,0.02650490519872437,19.406813652917283,8.359840367213287,4.317742185295187e-16,8.48661043115286,0.0,-0.9662112390411576,-0.6504784577797442,-0.8146903841737175,0.08757427055804012,0.21869460003033217,0.05669201916727884,-0.9662112390411576,-0.6504784577797442,1.0928044455100632,4.718447854656915e-16,0.0,15,True
artery_coronary,raw,ENSG00000224443.1,NME2P2,0.38461538461526745,259.7785254627906,-0.9959084145322239,0.0016591292522463892,21.23076923086803,294.4386213598999,0.0,3.4875978784071724,0.0022844007454767778,-1.0,-0.6504784577797442,-0.9896281931440514,0.047152410970151444,4.952151040806418,25.522980476687952,-1.0,-0.6504784577797442,259.7738661441628,0.0,0.5934276134751106,268,True
artery_tibial,excluded_at_or_below_-1,ENSG00000224443.1,NME2P2,0.32397565217107255,1.75076003140795,-0.8374242505643509,0.050307828516826594,21.269562378173795,8.04793557338295,0.0,2.0459144333145587,0.12333402301021604,-0.9102035783899,-0.551134984563517,-0.7893383778377445,0.09613913475014081,1.2569637248835277,0.7253195602644262,-0.9102035783899,-0.551134984563517,1.7507180764003407,0.0,0.21592310351916078,30,True
artery_tibial,raw,ENSG00000224443.1,NME2P2,0.7689633396131432,806.8078117287604,-0.994398347999848,2.0458595113849167e-05,52.92307971253628,30640.8654546579,,387.2178019177189,,-1.0,-0.551134984563517,-0.9908540540305822,0.047267169119309886,6.027445367525682,40.4332861565119,-1.0,-0.551134984563517,0.0,0.0,0.0,691,True
bladder,excluded_at_or_below_-1,ENSG00000224443.1,NME2P2,,,,,,,,,,-0.8732345790952429,-0.761794003216778,,,,,,,,,,5,False
bladder,raw,ENSG00000224443.1,NME2P2,0.13168404375127452,68.62182467914566,-0.9970281297028728,0.002643980940506227,15.194496892852369,125.82212182888458,0.0,1.589595150034021,0.2841247689010884,-1.0,-0.761794003216778,-0.9882043039069907,0.04630257325171243,3.837269261416806,13.415217354621586,-1.0,-0.761794003216778,68.27516389162712,0.0,19.398665162392486,77,True
brain_amygdala,excluded_at_or_below_-1,ENSG00000224443.1,NME2P2,0.02530723184058307,2.1215027510684696,-0.8836333043098896,0.04927993216865672,5.227908229134723,14.00486348418929,0.0,1.8007511419426099,0.1976353749024144,-0.9463825923160468,-0.3956173915123646,-0.8477200574579492,0.13386420146682734,3.0101160141927075,7.817111599187205,-0.9463825923160468,-0.3956173915123646,2.121458516715892,0.0,0.41927524929106524,14,True
brain_amygdala,raw,ENSG00000224443.1,NME2P2,0.3589743589743589,168.7256589663445,-0.9925117657640588,0.0005968492233383586,24.97435897436021,1414.3205458984073,0.0,17.74311166137206,0.0,-1.0,-0.3956173915123646,-0.9882214409083497,0.05439019080430907,7.866517871462365,77.31382083456322,-1.0,-0.3956173915123646,101.53803150576846,0.0,0.0,181,True
brain_anterior_cingulate_cortex_ba24,excluded_at_or_below_-1,ENSG00000224443.1,NME2P2,0.2536669780147183,3.0944526820714926,-0.9006880212100425,0.025311063287728322,18.163110651649507,17.13519535700923,0.0,2.118876475947314,0.10594710049917644,-0.9386108767168068,-0.59400872915102,-0.8636319150267645,0.07501205589864399,2.0521994732489195,4.546798629085493,-0.9386108767168068,-0.59400872915102,3.0944421645739144,0.0,0.32784717499900157,26,True
brain_anterior_cingulate_cortex_ba24,raw,ENSG00000224443.1,NME2P2,0.6666666666666666,220.7418456790641,-0.9952294114921872,0.001171246337362395,50.66666668783118,484.4512314542277,0.0,5.76021521095532,6.240986719408668e-08,-1.0,-0.59400872915102,-0.9847829604750896,0.049576645242891286,4.178303350779108,21.38875566426649,-1.0,-0.59400872915102,220.63212181266655,0.0,1.3769621421078071e-05,233,True
brain_caudate_basal_ganglia,excluded_at_or_below_-1,ENSG00000224443.1,NME2P2,0.08262025307728522,2.6176015066899923,-0.8822714496938043,0.08195161176134924,10.490849057547344,6.214259775605899,0.0,1.0167927610373366,0.5963485506815394,-0.9411931060909156,-0.5221641659961038,-0.8473917679344639,0.08725996205357885,2.296774492669186,5.731936741496705,-0.9411931060909156,-0.5221641659961038,2.617591559628122,0.0,1.560996932860461,34,True
brain_caudate_basal_ganglia,raw,ENSG00000224443.1,NME2P2,0.871798714799376,294.49450011265276,-0.9948118944484634,0.002421528487285831,58.3589743906377,276.0342615466673,0.0,3.029941325294944,0.010425135109172423,-1.0,-0.5221641659961038,-0.9827044003659059,0.05646693373579876,4.362783341227258,24.09652226927485,-1.0,-0.5221641659961038,286.72502673176893,0.0,2.989147142859765,300,True
brain_cerebellar_hemisphere,excluded_at_or_below_-1,ENSG00000224443.1,NME2P2,0.7104733338604539,8.855191468097491,-0.8298746483210792,0.11981730811329294,139.65918993796862,8.123137952780908,0.0,1.3679845091632097,0.39232030752444513,-0.9457752631854826,-0.1416529052754829,-0.7568054842173931,0.14922415821809465,1.6612046685053012,3.1138007797922427,-0.9457752631854826,-0.1416529052754829,8.85506619599024,0.0,3.4740222931602096,114,True
brain_cerebellar_hemisphere,raw,ENSG00000224443.1,NME2P2,2.9230780744789393,186.23207051556153,-0.991217161375261,0.005003556447109808,554.7692311113785,240.1222621916687,0.0,2.4823961976915148,0.04596946879104243,-1.0,-0.1416529052754829,-0.8999127263566167,0.15327106302327173,1.8871203757620798,4.039824479642339,-1.0,-0.1416529052754829,185.977550570016,0.0,8.549289206762868,277,True
brain_cerebellum,excluded_at_or_below_-1,ENSG00000224443.1,NME2P2,1.2826655027915257,9.050031258629197,-0.8351376141600474,0.04155085879332873,71.41607401004713,16.975349162734776,0.0,3.3194338279014515,0.004048859466946071,-0.9326655476536908,-0.3363866795100781,-0.7583675907174893,0.13153915345957762,1.567216702117827,2.331282102140568,-0.9326655476536908,-0.3363866795100781,9.050027473143087,0.0,0.03664228941075742,96,True
brain_cerebellum,raw,ENSG00000224443.1,NME2P2,,,,,,,,,,,,,,,,,,,,,266,False
brain_cortex,excluded_at_or_below_-1,ENSG00000224443.1,NME2P2,0.494258798442546,5.540486070840207,-0.8965710016865096,0.009322616191236033,20.913911002078724,42.31916612302767,0.0,1.802899227115114,0.1969889090634795,-0.908455866867456,-0.6175994560904405,-0.8402074462850875,0.07369024078745917,1.2348664927690884,0.7515238996193871,-0.908455866867456,-0.6175994560904405,5.537079937810851,0.0,1.0907433363466383,32,True
brain_cortex,raw,ENSG00000224443.1,NME2P2,0.842105289044658,234.36566252790192,-0.9952199307466175,0.003078365122922457,83.58413987918044,173.48039474327925,0.0,2.1959834188864633,0.09063212845483805,-1.0,-0.6175994560904405,-0.9810616232634176,0.05747396875481989,3.413783662369841,12.211097785612981,-1.0,-0.6175994560904405,231.9814654392119,0.0,21.02497397482837,270,True
brain_frontal_cortex_ba9,excluded_at_or_below_-1,ENSG00000224443.1,NME2P2,0.38814144896744107,3.1293711956096115,-0.8954475516961208,0.0258771908021944,23.071027283996926,17.548026597909086,0.0,1.5598522521325697,0.2962462310230122,-0.9239896300820288,-0.5743548648786558,-0.8482462399646884,0.07331445921189683,1.9360619070982972,4.464040417269705,-0.9239896300820288,-0.5743548648786558,3.129354874909235,0.0,0.9270595872253506,31,True
brain_frontal_cortex_ba9,raw,ENSG00000224443.1,NME2P2,0.7948717948663165,249.51607046729896,-0.9942444991207832,0.001933566933867814,62.35897435928928,307.1078663189894,0.0,4.209581400607065,0.00014210438999830635,-1.0,-0.5743548648786558,-0.982511648471767,0.054392300678071506,3.745415918723904,16.636326524833073,-1.0,-0.5743548648786558,249.182153518108,0.0,0.035409877924155064,269,True
brain_hippocampus,excluded_at_or_below_-1,ENSG00000224443.1,NME2P2,0.30641824150213576,4.724490088696494,-0.9053895468086798,0.01912074598634559,25.034088609995084,24.889095303103872,0.0,3.3954835738702527,0.0031365087333323515,-0.9512978739837048,-0.5688787949799219,-0.8601520525795874,0.09153342834414392,2.2010094777038325,4.323247335763282,-0.9512978739837048,-0.5688787949799219,4.724445753346104,0.0,0.014818265365524996,29,True
brain_hippocampus,raw,ENSG00000224443.1,NME2P2,0.7435897434023991,241.01209055794763,-0.9940707677405218,0.002077639658064583,67.43589744612203,289.4208589810815,0.0,4.035926366377522,0.00029235296154995913,-1.0,-0.5688787949799219,-0.9840957236266981,0.05387573518811085,4.741834677546007,27.683019018863007,-1.0,-0.5688787949799219,239.37826424000454,0.0,0.06998294448125397,255,True
brain_hypothalamus,excluded_at_or_below_-1,ENSG00000224443.1,NME2P2,0.32114659717497773,1.6485819111955125,-0.9026836294639132,0.03458853415347861,29.39131269910032,5.412231875717842,0.0,2.323680761539131,0.06722220061664445,-0.9595157187046708,-0.7703124147757422,-0.8854274629872365,0.04149574905455338,0.8999257540722841,0.5791172198298367,-0.9595157187046708,-0.7703124147757422,1.6485804212833963,0.0,0.11082120381218469,34,True
brain_hypothalamus,raw,ENSG00000224443.1,NME2P2,0.8947422266070707,206.025504442168,-0.9971461717584876,0.0027709292889187527,327.60133418962437,115.7703218237726,0.0,1.456523131055824,0.3475034770860508,-1.0,-0.7703124147757422,-0.9848425437415022,0.04165008159104772,2.7988491011766694,7.26050711859215,-1.0,-0.7703124147757422,205.2545182465416,0.0,71.32665877829545,257,True
brain_nucleus_accumbens_basal_ganglia,excluded_at_or_below_-1,ENSG00000224443.1,NME2P2,0.2968015285078478,1.9708181623453231,-0.89183456455872,0.0316805059251654,16.755901854647167,7.181273516510519,0.0,1.9135990164585293,0.16026437570535584,-0.9347020540187818,-0.730963261777348,-0.8740561601158138,0.0469221765078448,1.2237884049277923,1.1857964970314452,-0.9347020540187818,-0.730963261777348,1.9708179283700065,0.0,0.3158519049191418,33,True
brain_nucleus_accumbens_basal_ganglia,raw,ENSG00000224443.1,NME2P2,0.9707123473704371,239.96408985309105,-0.9966627696538872,0.0031828089223334666,178.75235990236536,118.05793458671546,0.0,1.4828274431176702,0.33430453955419265,-1.0,-0.730963261777348,-0.9854170290660416,0.04333322451627415,3.1347300657102064,9.760149909725744,-1.0,-0.730963261777348,239.08128049510162,0.0,79.92595739194172,285,True
brain_putamen_basal_ganglia,excluded_at_or_below_-1,ENSG00000224443.1,NME2P2,-28.071522095198386,28.659221602652963,-0.927616117469286,1.8294309482026205,27.65587787464607,0.14789608007967492,0.0,0.02900117073351453,0.9613457419350256,-0.9651321197801184,-0.7362973002733932,-0.8621972008520448,0.06548750966987535,0.1652418180548048,-1.0559475266047467,-0.9651321197801184,-0.7362973002733932,0.31172738535757105,0.0,0.2996777945580398,20,True
brain_putamen_basal_ganglia,raw,ENSG00000224443.1,NME2P2,0.5648406875637347,225.52097360934977,-0.9967184768842384,0.002977006195618999,95.09722244605908,123.71192254628103,0.0,1.5588729719072856,0.2980376003255168,-1.0,-0.7362973002733932,-0.9891493858938619,0.041291932509659235,4.079164481281126,16.327927945287342,-1.0,-0.7362973002733932,224.50687213214758,0.0,66.91148942685288,254,True
brain_spinal_cord_cervical_c-1,excluded_at_or_below_-1,ENSG00000224443.1,NME2P2,0.3279284920443063,402089852688.6097,-1.6468793321137654,0.14470206552868628,18.169397646858407,10.688712108582616,0.0,-7.100111224000572,1.0,-0.920397288007018,-0.5532123209177984,-0.8172425448530035,0.1019593258663422,0.9777032191531395,0.3030428063636097,-0.920397288007018,-0.5532123209177984,4.545563571859479,0.0,4.54556357185935,20,True
brain_spinal_cord_cervical_c-1,raw,ENSG00000224443.1,NME2P2,0.5128205128205129,187.88758470154997,-0.9942055061547805,0.0013618369668144273,31.743589743589766,457.95389512380194,0.0,6.017351549918505,1.3944329941636268e-08,-1.0,-0.5532123209177984,-0.982082602436569,0.06277779121186387,4.09953616886014,18.062773049025942,-1.0,-0.5532123209177984,184.89292240861585,0.0,2.5782079139391456e-06,204,True
brain_substantia_nigra,excluded_at_or_below_-1,ENSG00000224443.1,NME2P2,,,,,,,,,,-0.9184463023048468,-0.7255713387504347,,,,,,,,,,9,False
brain_substantia_nigra,raw,ENSG00000224443.1,NME2P2,0.23076923076923078,182.13010167099725,-0.9967771285024316,0.0009571316088807573,8.9230769267917,400.7211782608293,0.0,4.761966420664944,1.1912913688297346e-05,-1.0,-0.7255713387504347,-0.9923740447604444,0.036671576904228474,5.242977486429415,28.140109963081823,-1.0,-0.7255713387504347,182.08010773273662,0.0,0.0021691046077759735,183,True
breast_mammary_tissue,excluded_at_or_below_-1,ENSG00000224443.1,NME2P2,0.8862066479189532,6.7051460092054205,-0.8550812837225193,0.046350289734081715,45.65701712082088,13.097552470989672,0.0,1.815414725001363,0.19246070790778874,-0.9145807827586716,-0.425814185746866,-0.7882734878416189,0.10830905409878266,1.4257944774676194,1.5202398052391928,-0.9145807827586716,-0.425814185746866,6.705132256813513,0.0,1.290474500761678,79,True
breast_mammary_tissue,raw,ENSG00000224443.1,NME2P2,2.0789474963751244,418.42315272069493,-0.9928242286682762,0.005367205388922449,486.7414401158468,149.4023862690669,0.0,1.8907555054175524,0.16864694532503108,-1.0,-0.425814185746866,-0.9674583765359687,0.08732681020287232,3.1402712699902406,10.65996553405817,-1.0,-0.425814185746866,415.28410944322655,0.0,70.03639649962604,514,True
cells_cultured_fibroblasts,excluded_at_or_below_-1,ENSG00000224443.1,NME2P2,0.22544848106443194,478958882817.51666,-2.2850043287813206,0.2730572454449964,10.958243095377945,8.307405264461693,0.0,-7.320965442989747,1.0,-0.871467709526778,-0.6810052874323401,-0.8061652270746855,0.059314800890875756,0.9601086281230646,0.013300719763678526,-0.871467709526778,-0.6810052874323401,1.1009394522944946,0.0,1.1009394522944946,15,True
cells_cultured_fibroblasts,raw,ENSG00000224443.1,NME2P2,0.3846153846153846,895.7665150496556,-0.9967475034811434,0.0012576100946237107,19.230769230769234,355.0599077240699,0.0,3.65751253763165,0.0012474815281165751,-1.0,-0.6810052874323401,-0.9955406110523318,0.030355508936286423,7.282653367277771,55.76271731719121,-1.0,-0.6810052874323401,893.9137993690831,0.0,1.1151409524414373,652,True
cells_ebv-transformed_lymphocytes,excluded_at_or_below_-1,ENSG00000224443.1,NME2P2,1.0902769246712665,10.828322019291024,-0.8907585154986786,0.026075664819504997,96.14721379485766,28.96858160218764,0.0,2.3562859382746413,0.0622848403868979,-0.9342043740168652,-0.3566277135796383,-0.8039248873939485,0.12426213786225175,1.5878446694886479,1.9829900511660723,-0.9342043740168652,-0.3566277135796383,10.828273333283361,0.0,0.674437276229257,78,True
cells_ebv-transformed_lymphocytes,raw,ENSG00000224443.1,NME2P2,2.112328163946833,232.5643225249839,-0.991964388144363,0.006593314212274184,570.5649950618679,136.27467354275257,0.0,1.7235749582588489,0.22781871658161537,-1.0,-0.3566277135796383,-0.9532297896536024,0.10320643388684976,2.794008670329804,8.620529668547684,-1.0,-0.3566277135796383,231.13838338303657,0.0,52.65764985507275,327,True
cervix_ectocervix,excluded_at_or_below_-1,ENSG00000224443.1,NME2P2,,,,,,,,,,-0.870236934021155,-0.4382672042960291,,,,,,,,,,2,False
cervix_ectocervix,raw,ENSG00000224443.1,NME2P2,0.051282051282051266,25.256010764128327,-0.9935457542553758,0.0015145567074993885,1.8974358974360364,518.4899663109454,0.0,6.0266359270278755,1.3044856272731367e-08,-1.0,-0.4382672042960291,-0.9711876724298826,0.11655537623648243,4.259355486796547,16.85712176335506,-1.0,-0.4382672042960291,25.122549146321305,0.0,3.277200428183913e-07,24,True
cervix_endocervix,excluded_at_or_below_-1,ENSG00000224443.1,NME2P2,,,,,,,,,,-0.8696542319996151,-0.5125105635755065,,,,,,,,,,7,False
cervix_endocervix,raw,ENSG00000224443.1,NME2P2,0.1794871794442233,23.079522304908267,-0.9956863331830371,0.0028964766076311566,11.743589744249931,235.91204727452174,0.0,2.1061610164691826,0.10960928867364765,-1.0,-0.5125105635755065,-0.9264553361705639,0.12848732599235976,1.7496580192681601,2.601350711659908,-1.0,-0.5125105635755065,22.915689060829635,0.0,2.5117723774240406,23,True
colon_sigmoid,excluded_at_or_below_-1,ENSG00000224443.1,NME2P2,0.333234268890436,2.1699576365445403,-0.8468785212951212,0.06271205277545364,21.777821552366014,8.84637116812939,0.0,1.5494463518755972,0.30107967300499555,-0.9155873528159446,-0.4545939962930746,-0.7858107741731575,0.10991815700393033,1.3595046890166735,1.3400670371420862,-0.9155873528159446,-0.4545939962930746,2.1699323701814,0.0,0.6533225284571709,33,True
colon_sigmoid,raw,ENSG00000224443.1,NME2P2,0.8461538461570699,427.00888284301305,-0.9940677880990827,0.0027565223453223575,47.07692307811287,276.77307031867224,0.0,3.043477786198488,0.009994426247058893,-1.0,-0.4545939962930746,-0.9831306814981245,0.0652805755221031,4.627173886673293,24.061564517763657,-1.0,-0.4545939962930746,416.19504770540897,0.0,4.159630708682809,419,True
colon_transverse,excluded_at_or_below_-1,ENSG00000224443.1,NME2P2,0.337186541902201,3.044746634904901,-0.8632026020750079,0.0709717261968091,33.963848972889664,10.307120992066734,0.0,1.204560606818376,0.4840998907880782,-0.9236529808927032,-0.3459439726931487,-0.7933887731130463,0.11993013725217902,1.771426467839342,3.695334626899194,-0.9236529808927032,-0.3459439726931487,3.044688419555768,0.0,1.4739333313906737,37,True
colon_transverse,raw,ENSG00000224443.1,NME2P2,0.9487179478690094,578.6481677242983,-0.9935278588488117,0.0032692287210376292,63.89743591311942,280.1339376111127,0.0,2.7997398085682716,0.01986725156270422,-1.0,-0.3459439726931487,-0.9840404689043479,0.06428322936780555,5.19752659007167,32.9839927369167,-1.0,-0.3459439726931487,578.3074761686341,0.0,11.489380109634848,479,True
esophagus_gastroesophageal_junction,excluded_at_or_below_-1,ENSG00000224443.1,NME2P2,0.3645052029234737,1.9113736401577366,-0.8638375538677538,0.0315653642763424,37.65465386962181,10.323686874979167,0.0,2.9461977345356303,0.013035999913026116,-0.9295969322212598,-0.6334120046057382,-0.8238314435110055,0.0685781688400932,1.154617612376689,0.9036481460997265,-0.9295969322212598,-0.6334120046057382,1.9113736003767092,0.0,0.0249166660882712,29,True
esophagus_gastroesophageal_junction,raw,ENSG00000224443.1,NME2P2,0.7435897435842427,384.67527557241993,-0.9957276318507297,0.0017856992344040478,55.435897436237155,286.9417559450236,0.0,3.383571468106481,0.0032658490324077058,-1.0,-0.6334120046057382,-0.9873228582179134,0.04904415656997521,4.23954235138912,18.93163909974034,-1.0,-0.6334120046057382,384.6589539977386,0.0,1.2562380727204747,403,True
esophagus_mucosa,excluded_at_or_below_-1,ENSG00000224443.1,NME2P2,0.24372099183930843,2.0347545754872853,-0.8824560982315577,0.1462361255199921,21.475112821342556,5.059971989559446,0.0,0.27350535378932345,0.9632911995897234,-0.9107377979064004,-0.3592319412299811,-0.7602208896106383,0.14010725845789374,1.3605456432272134,1.086202796118208,-0.9107377979064004,-0.3592319412299811,2.034742518444802,0.0,1.9600495614489082,33,True
esophagus_mucosa,raw,ENSG00000224443.1,NME2P2,0.8461538460589937,769.8426830021941,-0.9938540620031793,0.0035039372847549093,67.07692308327219,256.1379206426665,0.0,2.4805435035679135,0.046397830137121635,-1.0,-0.3592319412299811,-0.9871128491158813,0.06287681613782073,6.106091183410562,42.72319446811699,-1.0,-0.3592319412299811,765.2026760634066,0.0,35.50374378446102,614,True
esophagus_muscularis,excluded_at_or_below_-1,ENSG00000224443.1,NME2P2,0.5040360033264327,3.1531616852225124,-0.8705273608160801,0.034071684500100584,20.281156138230873,15.70377106537568,0.0,3.052303989269045,0.009483828671630713,-0.9440644426881154,-0.4921870963489149,-0.8130696203297543,0.10232690573411152,1.6209160973641301,2.572750593068066,-0.9440644426881154,-0.4921870963489149,3.152806515685318,0.0,0.029900676829560546,37,True
esophagus_muscularis,raw,ENSG00000224443.1,NME2P2,0.9487179530406297,639.1367422314798,-0.99490504751167,0.002798071664119738,77.89743593507174,254.08589554708408,0.0,2.575113068417334,0.03631244492229881,-1.0,-0.4921870963489149,-0.9876712583818197,0.05319384381581361,5.403878230633331,34.496237296504326,-1.0,-0.4921870963489149,639.1310562240602,0.0,23.20841127726685,561,True
fallopian_tube,excluded_at_or_below_-1,ENSG00000224443.1,NME2P2,,,,,,,,,,-0.8782034336624122,-0.2860403016621599,,,,,,,,,,7,False
fallopian_tube,raw,ENSG00000224443.1,NME2P2,0.1794871813185511,26.174788799448628,-0.9927760955513434,0.003986835316023384,5.743589743954718,250.69391271709543,0.0,2.562469436226349,0.03752322758466891,-1.0,-0.2860403016621599,-0.9192793317827368,0.18007535431540175,2.380030119479378,4.717532163944177,-1.0,-0.2860403016621599,26.166161171219827,0.0,0.9818388206448084,29,True
heart_atrial_appendage,excluded_at_or_below_-1,ENSG00000224443.1,NME2P2,0.2379192080881568,0.5706725751635459,-0.8896067959085506,0.023877138322857847,14.112787524185185,5.362972268950769,0.0,2.169257271400515,0.09510012632962785,-0.9262318554506048,-0.799060053822078,-0.8735859993938324,0.035049120826523276,0.691870869816776,-0.27885976701605086,-0.9262318554506048,-0.799060053822078,0.570661419245708,0.0,0.05426997306171155,17,True
heart_atrial_appendage,raw,ENSG00000224443.1,NME2P2,0.4358974358974359,443.611305065573,-0.9974841901869735,0.00039355558081524553,23.589743590039784,713.0228065070633,0.0,9.040380905191242,2.1002221704210563e-18,-1.0,-0.799060053822078,-0.9953383123420718,0.02472920304539159,5.508539476289162,30.619681220526218,-1.0,-0.799060053822078,370.0351935060517,0.0,7.771561172376096e-16,461,True
heart_left_ventricle,excluded_at_or_below_-1,ENSG00000224443.1,NME2P2,0.28205128262324897,1.8816069609043529,-0.9494658084217661,0.0006136132879210912,11.89743590024147,231.867567652285,0.0,2.503024035951149,0.04413557026019583,-0.9505518458133662,-0.8488607623842784,-0.9058743188524777,0.030858200923546422,0.17500451238832024,-0.8512623853298424,-0.9505518458133662,-0.8488607623842784,1.8590223953954776,0.0,0.08204901354725108,13,True
heart_left_ventricle,raw,ENSG00000224443.1,NME2P2,0.33333333280186767,516.4276301128438,-0.998449044890113,0.0008373925026927676,14.666666684946659,252.62917593789962,0.0,2.619299484985923,0.03243852800695121,-1.0,-0.8488607623842784,-0.9972928454537217,0.016533882894312464,6.441727762026947,42.32565278328313,-1.0,-0.8488607623842784,515.4182429994322,0.0,16.719409110830664,452,True
kidney_cortex,excluded_at_or_below_-1,ENSG00000224443.1,NME2P2,0.05588860963609613,1.6306929301335873,-0.8963996392981058,0.03928074597755904,4.6847545357136955,12.761193715275052,0.0,1.5855662998156992,0.28450661261265203,-0.940439824395134,-0.5419487826262206,-0.8612134107505895,0.10191294455033724,2.5982492792887983,5.765276086870156,-0.940439824395134,-0.5419487826262206,1.6306742379395402,0.0,0.4639376037108963,13,True
kidney_cortex,raw,ENSG00000224443.1,NME2P2,0.3333333333333261,98.63069208333187,-0.994878836863404,0.002083255721506875,18.666666666666856,307.4705706533649,0.0,3.476490326238442,0.002403994062716355,-1.0,-0.5419487826262206,-0.9826516763438237,0.05776895848367127,5.056298317707892,31.97879527462441,-1.0,-0.5419487826262206,97.41826607368151,0.0,0.2341929332412523,104,True
kidney_medulla,excluded_at_or_below_-1,ENSG00000224443.1,NME2P2,,,,,,,,,,-0.9174363738249964,-0.8946263145999283,,,,,,,,,,2,False
kidney_medulla,raw,ENSG00000224443.1,NME2P2,0.051282051282056616,9.773818721735422,-0.9985698303795286,0.0003804924430086803,1.8974358974358974,386.3370546176633,0.0,5.315651627065008,7.342088535540812e-07,-1.0,-0.8946263145999283,-0.9829147898568112,0.03835285840710304,1.7178922300926773,1.062519239380208,-1.0,-0.8946263145999283,9.73865919675711,0.0,7.150209804004937e-06,11,True
liver,excluded_at_or_below_-1,ENSG00000224443.1,NME2P2,,,,,,,,,,-0.8863408355736813,-0.8464540481433261,,,,,,,,,,4,False
liver,raw,ENSG00000224443.1,NME2P2,0.10256321121593533,324.9150812603964,-0.9984855029916222,0.0008422898270826221,5.589743614890509,255.26242682815024,0.0,2.542856556679423,0.039467426185436576,-1.0,-0.8464540481433261,-0.9980553960702857,0.015763489357332915,8.09882739619662,64.75733187015905,-1.0,-0.8464540481433261,324.6617030974682,0.0,12.813561802237452,262,True
lung,excluded_at_or_below_-1,ENSG00000224443.1,NME2P2,0.3785097718781923,7.685327334983237,-0.8249168525206875,0.05041498298881545,52.52032892852449,18.353782835053085,0.0,2.3867129115980075,0.05794874775655776,-0.9100002473054812,-0.1706269531529272,-0.781133071256521,0.11177123898733783,3.349329026221478,15.277394165785434,-0.9100002473054812,-0.1706269531529272,7.685304719159291,0.0,0.44535378460284475,52,True
lung,raw,ENSG00000224443.1,NME2P2,1.333333341452553,613.6242510810716,-0.9911807557712523,0.004704660448104042,240.66666696890127,246.65718793527444,0.0,2.6510510026715886,0.0301307967141744,-1.0,-0.1706269531529272,-0.9811571518300316,0.06951172306459795,5.09477420264753,37.408018040704505,-1.0,-0.1706269531529272,606.4089213120551,0.0,18.271583933715405,604,True
minor_salivary_gland,excluded_at_or_below_-1,ENSG00000224443.1,NME2P2,0.4736843532948793,6.43709062060974,-0.9138521068980681,0.002531308023522973,13.473685567641192,130.6398787855798,0.0,2.76479684942607,0.02197618609875193,-0.9188008307927952,-0.6800191256847505,-0.828240612880077,0.0741937017797603,0.4223403054179275,-1.0596413272099179,-0.9188008307927952,-0.6800191256847505,6.409759326804422,0.0,0.14086206381406402,23,True
minor_salivary_gland,raw,ENSG00000224443.1,NME2P2,0.5897435896789731,207.56870532989228,-0.9967863825185902,0.001494754301007999,25.435897445269855,299.69912140613417,0.0,3.040460511419523,0.00983145857548273,-1.0,-0.6800191256847505,-0.9781742215261977,0.06295550135819823,2.993219959066027,8.186929428269483,-1.0,-0.6800191256847505,207.56204560958662,0.0,2.040637653253108,181,True
muscle_skeletal,excluded_at_or_below_-1,ENSG00000224443.1,NME2P2,0.21016434395456668,2.524501274327241,-0.8773826919797681,0.01395631999333959,9.486552033569517,27.600503782916082,0.0,5.733520008714131,7.272180813194276e-08,-0.9339645563168312,-0.6050041255308816,-0.8622251855168337,0.078041598755962,2.44371846197903,5.621632686905333,-0.9339645563168312,-0.6050041255308816,2.524497936679427,0.0,1.8358605458068666e-07,16,True
muscle_skeletal,raw,ENSG00000224443.1,NME2P2,0.4102564147949557,882.2659958717456,-0.9957090362656352,0.002087641962127484,31.435897473379836,264.67190910637424,0.0,2.9067911159468434,0.01498838902112761,-1.0,-0.6050041255308816,-0.9973051381030188,0.02182402114896074,10.994485088443076,153.3458586901394,-1.0,-0.6050041255308816,861.1388351650654,0.0,12.907083862654659,818,True
nerve_tibial,excluded_at_or_below_-1,ENSG00000224443.1,NME2P2,1.1895096894771757,28.255169953402287,-0.8129638148857959,0.0576031106379662,151.973560567808,30.88116134356573,0.0,2.517371794054609,0.04206471851941078,-0.915500270360381,0.4448737570558374,-0.7231504287226844,0.18803252178814792,3.1947887123235623,14.26574092183597,-0.915500270360381,0.4448737570558374,28.25419671557077,0.0,1.188504831832545,132,True
nerve_tibial,raw,ENSG00000224443.1,NME2P2,3.3846154327554583,579.7368552270717,-0.9797973674803393,0.007523962940378317,1843.2307746715123,267.78298115050035,0.0,3.7973122849416288,0.0007500978688169148,-1.0,0.4448737570558374,-0.9454565023752154,0.13808237759165892,4.104302932665734,25.706562673254293,-1.0,0.4448737570558374,571.4007921977641,0.0,0.4286065164678381,670,True
ovary,excluded_at_or_below_-1,ENSG00000224443.1,NME2P2,0.13051972873411613,3.4168553879963017,-0.7893601471796893,0.16980861134837097,38.717042992427906,4.8609699108654265,0.0,1.1226910501155136,0.5324764656605838,-0.924164828216304,-0.2056897791872007,-0.7384893442451688,0.13159726965208893,1.502010974861956,3.5287957753457952,-0.924164828216304,-0.2056897791872007,3.4168044450946953,0.0,1.8193679547773955,55,True
ovary,raw,ENSG00000224443.1,NME2P2,,,,,,,,,,,,,,,,,,,,,193,False
pancreas,excluded_at_or_below_-1,ENSG00000224443.1,NME2P2,0.24196517171990328,1.3495786658337587,-0.9200573213342176,0.010969512822938997,7.004612364225309,21.448540371289873,0.0,3.9794144153559223,0.0003641991942348036,-0.9509241144540522,-0.7536892105367354,-0.8824534370668551,0.05993277624322621,1.0440567852041305,-0.15359996814820542,-0.9509241144540522,-0.7536892105367354,1.349497772525019,0.0,0.0004914860013752742,15,True
pancreas,raw,ENSG00000224443.1,NME2P2,0.38461538461538874,428.0556217818853,-0.9974111083341338,0.001066620359945386,11.23076925818156,323.14666610155325,0.0,3.432566865281275,0.0027996939425595883,-1.0,-0.7536892105367354,-0.9951292860663061,0.026260837835873678,6.349728138386144,44.30071404700586,-1.0,-0.7536892105367354,422.52164500370384,0.0,1.18293129011718,362,True
pituitary,excluded_at_or_below_-1,ENSG00000224443.1,NME2P2,0.15690049559474653,1.9997309178279576,-0.8339720875831015,0.042022141471058615,26.216310931323687,7.977535605850422,0.0,1.8976778767212215,0.16520153971798301,-0.890359955953041,-0.5969264682093756,-0.8046324624287912,0.08025940400124817,1.7077072174168182,1.8818118516184423,-0.890359955953041,-0.5969264682093756,1.9997277896778185,0.0,0.3303581098716145,26,True
pituitary,raw,ENSG00000224443.1,NME2P2,0.6666666666666666,289.40488173832154,-0.9950055405372699,0.00042557028003677,66.66666666666752,1322.8574677121883,0.0,16.597099563217462,0.0,-1.0,-0.5969264682093756,-0.9837713866554266,0.0585887856685517,4.093196129273209,18.334133987943463,-1.0,-0.5969264682093756,185.34515820174803,0.0,0.0,313,True
prostate,excluded_at_or_below_-1,ENSG00000224443.1,NME2P2,0.28791351609572907,2.080963691468828,-0.8416393654328461,0.09462504353913041,35.49474448367031,6.773486338886237,0.0,1.4089232627689763,0.37063759916947187,-0.9359104349727916,-0.388425327057132,-0.7832739837927808,0.1190185337082158,1.3653329348017742,1.8837190894904259,-0.9359104349727916,-0.388425327057132,2.080959810353938,0.0,0.7712819480777431,35,True
prostate,raw,ENSG00000224443.1,NME2P2,0.8974359031547706,256.4759795701367,-0.9917694120684081,0.002883515189829909,59.58974359214178,295.90875429057957,0.0,4.036673404813386,0.0002896335390480444,-1.0,-0.388425327057132,-0.9731013809671891,0.08269359321718692,3.6945417606216515,15.379135829910162,-1.0,-0.388425327057132,256.3549524889849,0.0,0.07424899214187786,282,True
skin_not_sun_exposed_suprapubic,excluded_at_or_below_-1,ENSG00000224443.1,NME2P2,0.7894910740840196,8.368379538785808,-0.8541395855656787,0.032746054054287314,43.83373291457119,17.67253210342273,0.0,3.0656547561021488,0.009104402813618514,-0.9251246892487812,-0.4449328667701652,-0.808023967137848,0.10158603376821851,1.616749751857663,2.4018704396397066,-0.9251246892487812,-0.4449328667701652,8.367355437215847,0.0,0.07617977438513412,72,True
skin_not_sun_exposed_suprapubic,raw,ENSG00000224443.1,NME2P2,1.846153853091783,618.272567667724,-0.992365638428075,0.002653164414067334,269.0769231205823,291.79754034891175,0.0,4.0693360795251605,0.0002553685557765231,-1.0,-0.4449328667701652,-0.9787676277018819,0.06897899348925385,3.9764503233981316,18.19152434328302,-1.0,-0.4449328667701652,613.9933415260218,0.0,0.15679459288190167,651,True
skin_sun_exposed_lower_leg,excluded_at_or_below_-1,ENSG00000224443.1,NME2P2,0.8553787038799098,16.439118806030017,-0.8572773874612731,0.03422154345088577,89.86247333262556,25.268106708646613,0.0,3.242914695316373,0.005204517936900099,-0.935750362905704,-0.2458325288781385,-0.8123175395561999,0.09817917840085623,2.6457038395873984,10.839659114562684,-0.935750362905704,-0.2458325288781385,16.43879555109713,0.0,0.08555600630671856,92,True
skin_sun_exposed_lower_leg,raw,ENSG00000224443.1,NME2P2,2.35897434754787,887.8618710221365,-0.9929276080253768,0.004319884100290239,748.9743641329029,244.57878238937917,0.0,2.315310414985166,0.06939862202039075,-1.0,-0.2458325288781385,-0.9770997528370959,0.07030971154991993,4.067758759236024,22.902980431763567,-1.0,-0.2458325288781385,876.8827496770687,0.0,60.854454501039804,754,True
small_intestine_terminal_ileum,excluded_at_or_below_-1,ENSG00000224443.1,NME2P2,0.45411756113976154,451760754776.50024,-1.9511539986780584,0.2127126974184025,24.89667004621178,11.960467466903925,0.0,-7.0528863811923985,1.0,-0.8903251913149733,-0.1521730208680105,-0.7295996010369972,0.16075296808607728,1.7880358916441654,4.32567263313096,-0.8903251913149733,-0.1521730208680105,7.133595749895814,0.0,7.133595749895813,26,True
small_intestine_terminal_ileum,raw,ENSG00000224443.1,NME2P2,0.6666666649183279,196.729497282815,-0.990834373918928,0.004855017604109571,50.66666676325451,244.2928855126785,0.0,2.669846696440565,0.028873998897212365,-1.0,-0.1521730208680105,-0.9660366648645503,0.10585499114161852,4.007706406342873,19.843260094649253,-1.0,-0.1521730208680105,192.9831278542252,0.0,5.572194620843487,207,True
spleen,excluded_at_or_below_-1,ENSG00000224443.1,NME2P2,0.325533945600392,8.72376783072435,-0.8337397858635083,0.09644271302337254,68.97675219743584,14.904537796377346,0.0,1.3236235381457697,0.4164528313336966,-0.924004685336093,0.1826795864906714,-0.7553585985973826,0.18327123107864293,3.0742627046682043,11.061294760538416,-0.924004685336093,0.1826795864906714,8.723701866385804,0.0,3.6330103419674216,62,True
spleen,raw,ENSG00000224443.1,NME2P2,1.5897435897435899,238.06043220537669,-0.9869195877918805,0.0051512145078535035,335.4358974363907,321.10156008626427,0.0,3.5910941619594197,0.0016167925548106277,-1.0,0.1826795864906714,-0.9452427188196307,0.13363652661301778,4.108531400112607,23.76564374815897,-1.0,0.1826795864906714,233.19077958044045,0.0,0.37702111627614454,277,True
stomach,excluded_at_or_below_-1,ENSG00000224443.1,NME2P2,0.324288777246892,0.3748702202268037,-0.7904269144538405,0.012209131551720076,14.882058847861932,0.7313907428318773,0.7653276766683472,13.506828217371655,0.0,-0.9070335196653304,-0.7841127013586412,-0.8399270815965255,0.03801959727491568,-0.1442361186056099,-0.9478921710463277,-0.9070335196653304,-0.7841127013586412,0.3748645942170591,0.2868942489573646,0.0,15,True
stomach,raw,ENSG00000224443.1,NME2P2,0.38461538461301764,394.9648257165379,-0.9972106921478453,0.0009830053464159921,15.230769230836376,306.5762254369429,0.0,4.012874404532634,0.00032152433999416033,-1.0,-0.7841127013586412,-0.9941005066927466,0.031010156778381075,5.304389852523967,27.309022101359453,-1.0,-0.7841127013586412,391.3700486459656,0.0,0.12583499658437902,407,True
testis,excluded_at_or_below_-1,ENSG00000224443.1,NME2P2,0.6238513448332507,3.342898642231306,-0.8689227319534978,0.03242352158977275,39.42506199683091,10.92606470737219,0.0,2.3263172352154786,0.06681213424174334,-0.9222579559306316,-0.6184220265746905,-0.8270641517010425,0.07128776253128154,1.2653581084256205,1.0207776744533499,-0.9222579559306316,-0.6184220265746905,3.3428806748016715,0.0,0.22334499239897887,50,True
testis,raw,ENSG00000224443.1,NME2P2,1.316022501777997,344.52953209816627,-0.9952306286429209,0.0026273873141238403,435.52826409827526,202.8204340483547,0.0,2.5671546866795123,0.03758302484712402,-1.0,-0.6184220265746905,-0.9791140279832177,0.06153325497442148,3.207591884128325,10.518201386480634,-1.0,-0.6184220265746905,339.76051982884456,0.0,12.769228058799106,414,True
thyroid,excluded_at_or_below_-1,ENSG00000224443.1,NME2P2,0.19771351990727112,8.711615907091403,-0.8026553671461485,0.13423571754832306,99.74980724734658,9.006087017563278,0.0,1.3778363836854288,0.3870575864661419,-0.9334381997742276,0.0521932817924222,-0.7566804581095888,0.1363975001812609,2.887190192517052,13.291520792348372,-0.9334381997742276,0.0521932817924222,8.711313137359065,0.0,3.371779837896994,85,True
thyroid,raw,ENSG00000224443.1,NME2P2,2.179487164435335,884.731135965299,-0.9896906011965185,0.004531216114878172,469.7435897435898,325.17679148051815,0.0,3.2176111750496017,0.005662260282106471,-1.0,0.0521932817924222,-0.9697629224258992,0.0934906702376647,4.3330518241065965,27.53601234033018,-1.0,0.0521932817924222,882.4526068989679,0.0,4.996676346885353,684,True
uterus,excluded_at_or_below_-1,ENSG00000224443.1,NME2P2,0.5223869720730018,0.7817939681606378,-0.8427639574854731,0.03966870833376406,29.71509465070057,8.411742514214044,0.0,2.5667611968857234,0.03710026474834637,-0.914761641562852,-0.6068144734378519,-0.7733294882396258,0.09306508324023302,0.4086611922870943,-1.1564504685027073,-0.914761641562852,-0.6068144734378519,0.7817936964099272,0.0,0.02900475311539663,28,True
uterus,raw,ENSG00000224443.1,NME2P2,0.7179487179487013,135.83150828363023,-0.9956233846950514,0.0018054673218421782,37.897435897436836,304.5520840058238,0.0,3.4281809737951447,0.0028466697824148703,-1.0,-0.6068144734378519,-0.9585178148412385,0.0962862535879066,2.274119862102478,4.0489347717319975,-1.0,-0.6068144734378519,133.86184742545618,0.0,0.3810604760842754,153,True
vagina,excluded_at_or_below_-1,ENSG00000224443.1,NME2P2,0.11856897506368617,2.022002162689143,-0.8041265500152507,0.10861172938560255,17.176928481471077,9.572371791623228,0.0,1.0364293314759256,0.5844660048134673,-0.8837244163294945,-0.068967531411614,-0.7099145509342533,0.1977452373636333,1.9900342712932513,3.533510050099955,-0.8837244163294945,-0.068967531411614,2.021928929786217,0.0,1.18174872360892,21,True
vagina,raw,ENSG00000224443.1,NME2P2,0.5384615384615385,161.17040874562832,-0.9895466462019201,0.004133203726808552,29.692307692557335,314.9845871205401,0.0,3.5767108738538034,0.0016853767043223313,-1.0,-0.068967531411614,-0.9641659151154078,0.11744092364151362,4.525415361504339,24.755915075772762,-1.0,-0.068967531411614,159.46079359743453,0.0,0.2687515067818691,170,True
whole_blood,excluded_at_or_below_-1,ENSG00000224443.1,NME2P2,0.22057118286648636,1.18092101898601,-0.8147560374051016,0.05757661253198836,19.233800414524033,5.589482867955351,0.0,3.3935782101055363,0.003156696683816469,-0.9529181530139867,-0.587192465745937,-0.7893340004918908,0.08815644793226335,0.7568419251644504,0.2865927565011308,-0.9529181530139867,-0.587192465745937,1.1809098577168473,0.0,0.003727774231740949,22,True
whole_blood,raw,ENSG00000224443.1,NME2P2,0.5641025641089736,793.7356241904281,-0.9950908146704871,0.0019301902547951418,19.589743590307837,298.859335594312,0.0,3.5968664000622135,0.001554219060705143,-1.0,-0.587192465745937,-0.9942283287805999,0.03724985818526196,7.24286670011254,57.033921480470795,-1.0,-0.587192465745937,792.1957814807581,0.0,1.2312457833876067,803,True
adipose_subcutaneous,excluded_at_or_below_-1,ENSG00000229338.1,NME2P3,0.9413170756369252,16.980980078217225,-0.8230580651577184,0.045929892534048784,83.67201135958784,26.026224785894723,0.0,2.517285806677263,0.042073813221397485,-0.9048128083268908,0.0222044463099648,-0.738359613092544,0.15327469514328163,2.2828646842506464,6.503888295166833,-0.9048128083268908,0.0222044463099648,16.980399836473087,0.0,0.7144301711444171,97,True
adipose_subcutaneous,raw,ENSG00000229338.1,NME2P3,2.487179468264506,756.0658146618676,-0.988265418386936,0.002290737075741151,777.7435897435896,623.8254936181686,0.0,7.244482416472921,4.0480946311094666e-12,-1.0,0.0222044463099648,-0.9644550174649534,0.10588200668395362,4.029755624014766,21.07660226333353,-1.0,0.0222044463099648,749.6754920196862,0.0,3.034757334319238e-09,714,True
adipose_visceral_omentum,excluded_at_or_below_-1,ENSG00000229338.1,NME2P3,0.5921881260137806,1.2246114982117378,-0.8239097625147161,0.034335363861937904,17.77412400091246,7.547834652878819,0.0,3.3010557713017885,0.004302868405011588,-0.9040553317921058,-0.6406576313857633,-0.7931039233300782,0.07273732860325673,0.5547739284278314,-0.632408608109611,-0.9040553317921058,-0.6406576313857633,1.2245977887887705,0.0,0.005269283134226255,35,True
adipose_visceral_omentum,raw,ENSG00000229338.1,NME2P3,0.9190394646077775,546.4859899654272,-0.9955093945435678,0.003246069448352635,59.26141151329075,154.59810212762147,0.0,1.9564199844757035,0.14871291151881705,-1.0,-0.6406576313857633,-0.987663777370618,0.05206918002235774,4.46288575445593,19.97060434237869,-1.0,-0.6406576313857633,542.1033649544528,0.0,80.6177697465245,587,True
adrenal_gland,excluded_at_or_below_-1,ENSG00000229338.1,NME2P3,0.5905342010967365,3.8616243249739597,-0.828911677133654,0.028727238855294737,33.796273325052425,23.517973757406835,0.0,3.4028231516816843,0.003059449431204436,-0.898033990807872,-0.3511857752635782,-0.7592068563520133,0.11808390591239996,1.3541372563319116,1.9720196266555226,-0.898033990807872,-0.3511857752635782,3.8613061512002824,0.0,0.011813470907995893,38,True
adrenal_gland,raw,ENSG00000229338.1,NME2P3,0.9743589743606296,261.6686000407015,-0.9923054111890961,0.0028146452110596435,70.97435897435932,322.1294394998459,0.0,3.866132687170248,0.0005688494416609442,-1.0,-0.3511857752635782,-0.9689825781063611,0.09101465150796571,3.385784809451548,12.576722509508837,-1.0,-0.3511857752635782,261.25125337520717,0.0,0.14861262961570798,295,True
artery_aorta,excluded_at_or_below_-1,ENSG00000229338.1,NME2P3,0.16465227765523513,1.2125010348687129,-0.8065159398998681,0.09151660880013883,17.29548895691046,4.973853829102582,0.0,0.5107910316592081,0.8776982682244926,-0.8395702566358313,-0.4846478379257717,-0.7389210633893067,0.0910568421822747,1.327073091808462,1.1744316062397422,-0.8395702566358313,-0.4846478379257717,1.2124935491074962,0.0,1.0642034882850182,22,True
artery_aorta,raw,ENSG00000229338.1,NME2P3,0.5641025641022844,518.8458269138355,-0.9944915512097257,0.0024631727013723586,31.589743589756218,292.7232400777689,0.0,3.162637756785612,0.006864649797195684,-1.0,-0.4846478379257717,-0.9878310665139083,0.05835304759520151,5.231086871027914,29.187399577632505,-1.0,-0.4846478379257717,508.68972068483794,0.0,3.4919767879346986,472,True
artery_coronary,excluded_at_or_below_-1,ENSG00000229338.1,NME2P3,0.12665442194607315,1454828865041.4075,-5.573716889304533,0.9067618056128975,12.718797479483657,8.249444059010527,0.0,-7.372102499983414,1.0,-0.8468912160794019,-0.2843596173386029,-0.7107331055586964,0.14811015185972468,1.6175456703346607,1.9942647287731035,-0.8468912160794019,-0.2843596173386029,2.295394250089369,0.0,2.295394250089394,19,True
artery_coronary,raw,ENSG00000229338.1,NME2P3,0.48717948424057717,275.2958574362693,-0.9923778192232768,0.004136358294299182,19.743589857687407,242.07016710624802,0.0,2.606010084802855,0.03392488664793666,-1.0,-0.2843596173386029,-0.9794922724090122,0.08373264410495376,4.967231595121094,28.376312094680245,-1.0,-0.2843596173386029,272.00174944460935,0.0,9.227628517948833,268,True
artery_tibial,excluded_at_or_below_-1,ENSG00000229338.1,NME2P3,0.13642012162469086,2.027993996131138,-0.7158089586101807,0.10687763751222344,15.842036452401338,6.1228874235494795,0.0,2.453596967760067,0.049288939977442686,-0.9012368559931706,-0.2530784630235244,-0.6910117972052805,0.12485075806113735,1.5186745319590367,3.5538793152279133,-0.9012368559931706,-0.2530784630235244,2.027966370009865,0.0,0.09995631268768856,29,True
artery_tibial,raw,ENSG00000229338.1,NME2P3,0.7435897475656088,679.3729886295747,-0.9912691821643808,0.0036842237025262155,49.43589743990205,283.35937524942375,0.0,3.3513819981331165,0.003639604355417512,-1.0,-0.2530784630235244,-0.9870323330230869,0.06690892227611017,5.905749690837167,39.83580460528743,-1.0,-0.2530784630235244,679.3727495598374,0.0,2.472648018249955,691,True
bladder,excluded_at_or_below_-1,ENSG00000229338.1,NME2P3,,,,,,,,,,,,,,,,,,,,,0,False
bladder,raw,ENSG00000229338.1,NME2P3,0.0,77.0,-0.9875,1.0001e-06,0.0,-17675.90193946968,0.0,,,-1.0,-1.0,-1.0,0.0,,,,-1.0,6.288505735813509e-188,0.0,,77,True
brain_amygdala,excluded_at_or_below_-1,ENSG00000229338.1,NME2P3,,,,,,,,,,,,,,,,,,,,,0,False
brain_amygdala,raw,ENSG00000229338.1,NME2P3,0.0,181.0,-0.9875,1.0001e-06,0.0,-17675.90193946968,0.0,,,-1.0,-1.0,-1.0,0.0,,,,-1.0,1.478207192444474e-187,0.0,,181,True
brain_anterior_cingulate_cortex_ba24,excluded_at_or_below_-1,ENSG00000229338.1,NME2P3,,,,,,,,,,-0.8633938492876678,-0.8633938492876678,,,,,,,,,,1,False
brain_anterior_cingulate_cortex_ba24,raw,ENSG00000229338.1,NME2P3,-0.18145289147200666,220.87751494597128,-0.9983627005567698,0.0018882106721290364,188.32489622252217,101.08765021832116,0.0,1.2262885240825983,0.4716950525413242,-1.0,-0.8633938492876678,-0.9994137075076723,0.008949366489780926,15.165892995297941,228.00431034482716,-1.0,-0.8633938492876678,220.77390466628495,0.0,104.13795856131658,233,True
brain_caudate_basal_ganglia,excluded_at_or_below_-1,ENSG00000229338.1,NME2P3,,,,,,,,,,-0.915132949103803,-0.915132949103803,,,,,,,,,,1,False
brain_caudate_basal_ganglia,raw,ENSG00000229338.1,NME2P3,0.025641025641025647,313.74128211761246,-0.9989759125807367,0.00016737656120118977,0.9743589830007424,708.4137420896469,0.0,8.652814390406668,5.7300105981046e-17,-1.0,-0.915132949103803,-0.999717109830346,0.004899801468024897,17.233784972593977,295.0033444816054,-1.0,-0.915132949103803,302.25911257263147,0.0,1.7319479184152442e-14,300,True
brain_cerebellar_hemisphere,excluded_at_or_below_-1,ENSG00000229338.1,NME2P3,,,,,,,,,,-0.8518364060086109,-0.5980059021461048,,,,,,,,,,4,False
brain_cerebellar_hemisphere,raw,ENSG00000229338.1,NME2P3,0.10256410255774252,281.38065164763384,-0.9953204766166811,0.0019741381800652364,3.5897435897959857,284.62428082223516,0.0,3.3522706267262854,0.0036290882457456776,-1.0,-0.5980059021461048,-0.9960017528684416,0.035519248178398605,9.623507659564316,95.76574424057019,-1.0,-0.5980059021461048,281.3566387525198,0.0,1.0210680705592814,277,True
brain_cerebellum,excluded_at_or_below_-1,ENSG00000229338.1,NME2P3,,,,,,,,,,-0.867199450016586,0.447108359474534,,,,,,,,,,6,False
brain_cerebellum,raw,ENSG00000229338.1,NME2P3,0.06376563098841487,247.45918012017685,-0.9819155373178774,0.014915116983563638,163.63228328925305,135.4964213841666,0.0,1.7147228829295658,0.2313210783367246,-1.0,0.447108359474534,-0.9906439281581835,0.09319162975190015,14.104008350914203,212.1512170278438,-1.0,0.447108359474534,245.9324589238096,0.0,56.88936159625787,266,True
brain_cortex,excluded_at_or_below_-1,ENSG00000229338.1,NME2P3,,,,,,,,,,-0.879539231178989,-0.8452210922888957,,,,,,,,,,2,False
brain_cortex,raw,ENSG00000229338.1,NME2P3,0.051282051062084354,295.52244525708727,-0.9983277395013501,0.0008386656686843187,1.8974358984009507,258.17856276030295,0.0,2.819876340856689,0.019163860685662355,-1.0,-0.8452210922888957,-0.9989805937906218,0.011914616630396528,11.756092217747529,138.17612868390123,-1.0,-0.8452210922888957,289.34580547684664,0.0,5.544982706138829,270,True
brain_frontal_cortex_ba9,excluded_at_or_below_-1,ENSG00000229338.1,NME2P3,,,,,,,,,,-0.8641066351877273,-0.7481137007768359,,,,,,,,,,3,False
brain_frontal_cortex_ba9,raw,ENSG00000229338.1,NME2P3,0.07692307692307691,286.200666096306,-0.9968490622273649,8.702242549088843e-06,2.7692307692782827,40422.33017763256,,512.0632879533954,,-1.0,-0.7481137007768359,-0.9980420015702096,0.019334229520313315,10.645610137264605,119.63415125938518,-1.0,-0.7481137007768359,0.0,0.0,0.0,269,True
brain_hippocampus,excluded_at_or_below_-1,ENSG00000229338.1,NME2P3,,,,,,,,,,-0.9350771507323328,-0.7982494734269281,,,,,,,,,,2,False
brain_hippocampus,raw,ENSG00000229338.1,NME2P3,-0.17947499571072176,240.06109391363026,-0.9974950312303672,0.0024350560500288865,185.4340564017742,115.71633847396384,0.0,1.4548169465314156,0.3483359821267653,-1.0,-0.7982494734269281,-0.9989542220555264,0.0132569058210309,14.129621934957557,206.7818512728566,-1.0,-0.7982494734269281,239.1844649370718,0.0,83.31655550331973,255,True
brain_hypothalamus,excluded_at_or_below_-1,ENSG00000229338.1,NME2P3,,,,,,,,,,-0.8543421069036456,-0.8401435139770678,,,,,,,,,,3,False
brain_hypothalamus,raw,ENSG00000229338.1,NME2P3,0.076923076923077,316.4598194031047,-0.998125005339729,0.0002625892228767788,4.769230769230769,850.8329673295244,0.0,10.098064379349749,0.0,-1.0,-0.8401435139770678,-0.9982000674198582,0.016607621237779865,9.114775119428687,81.21069935354647,-1.0,-0.8401435139770678,316.2420964545674,0.0,0.0,257,True
brain_nucleus_accumbens_basal_ganglia,excluded_at_or_below_-1,ENSG00000229338.1,NME2P3,,,,,,,,,,-0.8964674473312686,-0.8783519418829555,,,,,,,,,,2,False
brain_nucleus_accumbens_basal_ganglia,raw,ENSG00000229338.1,NME2P3,0.05128205128205129,311.1360234186238,-0.9985976035063499,0.0003835768105865645,1.8974358974358974,443.33505256557527,0.0,5.170511059080586,1.569761689957705e-06,-1.0,-0.8783519418829555,-0.9992098925937343,0.00944579096916593,11.927107520563737,141.16134813481904,-1.0,-0.8783519418829555,310.35742737253037,0.0,0.00048718719968321444,285,True
brain_putamen_basal_ganglia,excluded_at_or_below_-1,ENSG00000229338.1,NME2P3,,,,,,,,,,,,,,,,,,,,,0,False
brain_putamen_basal_ganglia,raw,ENSG00000229338.1,NME2P3,0.0,254.0,-0.9875,1.0001e-06,0.0,-17675.90193946968,0.0,,,-1.0,-1.0,-1.0,0.0,,,,-1.0,2.0743902037618585e-187,0.0,,254,True
brain_spinal_cord_cervical_c-1,excluded_at_or_below_-1,ENSG00000229338.1,NME2P3,,,,,,,,,,-0.8614751474534988,-0.7961899387223685,,,,,,,,,,3,False
brain_spinal_cord_cervical_c-1,raw,ENSG00000229338.1,NME2P3,0.07692307692312327,270.1874575928611,-0.9979599589845709,0.0009326529496514779,2.769230785332541,305.95078184412694,0.0,3.0933839569110004,0.00835822082247848,-1.0,-0.7961899387223685,-0.9975774371548518,0.020170980900749754,8.438214675652963,71.36560292940447,-1.0,-0.7961899387223685,270.18679357435957,0.0,2.2582808840119077,204,True
brain_substantia_nigra,excluded_at_or_below_-1,ENSG00000229338.1,NME2P3,,,,,,,,,,-0.7292306783067277,-0.7292306783067277,,,,,,,,,,1,False
brain_substantia_nigra,raw,ENSG00000229338.1,NME2P3,0.025641025556358506,201.67371220581595,-0.9970669603397264,0.0014085293272773003,0.9743589748818716,268.9171572159117,0.0,2.944876181282709,0.013412494350043535,-1.0,-0.7292306783067277,-0.9985203862202553,0.020015844211760826,13.416612631565929,178.00549450549454,-1.0,-0.7292306783067277,196.77714328686105,0.0,2.6392723225527313,183,True
breast_mammary_tissue,excluded_at_or_below_-1,ENSG00000229338.1,NME2P3,0.06708798772157909,3.984874277612826,-0.9536292836751734,0.2927044657958244,27.682018172683943,4.621877888200522,0.0,-0.30003971328014123,1.0,-0.8915290702916825,0.0029760934993681,-0.7214339184987025,0.17116157493142375,2.3071529952282086,6.848978539829506,-0.8915290702916825,0.0029760934993681,3.8093928122030776,0.0,3.809392812203078,38,True
breast_mammary_tissue,raw,ENSG00000229338.1,NME2P3,0.9743589743589741,489.84731269334924,-0.9867969696818446,0.0037985443109224523,90.97435897435898,368.49655421882204,0.0,4.915542116138807,5.679121345126127e-06,-1.0,0.0029760934993681,-0.9794056204337561,0.08623288709152203,5.8104006409983695,44.38664939095338,-1.0,0.0029760934993681,488.5933839918089,0.0,0.002774781116115288,514,True
cells_cultured_fibroblasts,excluded_at_or_below_-1,ENSG00000229338.1,NME2P3,0.18753410418172473,0.7950100739908843,-0.6965736281714879,0.1129603492400418,24.617111220133687,1.5277982936181838,0.3081646342962648,3.2878972890624314,0.0,-0.9591945193292948,-0.5745406952346448,-0.7225021858069359,0.09561616736308738,-0.5357760135323045,-0.0008649054779383825,-0.9591945193292948,-0.5745406952346448,0.791437703588264,0.24389311049455298,0.0,23,True
cells_cultured_fibroblasts,raw,ENSG00000229338.1,NME2P3,0.5897435634607523,670.9221645309751,-0.9941104233189948,0.002233076187605645,23.435898625751864,265.7147136812626,0.0,3.729885825277067,0.0009611259062160085,-1.0,-0.5745406952346448,-0.9902109666772386,0.05416269181745218,5.729059681166579,32.59477047609678,-1.0,-0.5745406952346448,665.164340020697,0.0,0.6393066790849654,652,True
cells_ebv-transformed_lymphocytes,excluded_at_or_below_-1,ENSG00000229338.1,NME2P3,,,,,,,,,,-0.8682248407189097,-0.6326714329708748,,,,,,,,,,3,False
cells_ebv-transformed_lymphocytes,raw,ENSG00000229338.1,NME2P3,0.07692307978540726,343.34887874461714,-0.9958688051020267,0.0019077964512077567,4.769230770686771,269.23136855662824,0.0,3.062376937446237,0.009261272872698335,-1.0,-0.6326714329708748,-0.9980540352037441,0.022828238100567052,13.801058351827974,205.94992242236899,-1.0,-0.6326714329708748,340.8984377605992,0.0,3.1571534539774464,327,True
cervix_ectocervix,excluded_at_or_below_-1,ENSG00000229338.1,NME2P3,,,,,,,,,,-0.6799601854308407,-0.6799601854308407,,,,,,,,,,1,False
cervix_ectocervix,raw,ENSG00000229338.1,NME2P3,0.025641025641025612,33.36497061093192,-0.9968609497001426,0.0014102620418007692,0.974358974387766,317.7887126450499,0.0,3.1478458438556074,0.0070676275529049214,-1.0,-0.6799601854308407,-0.986665007726285,0.0653278535891155,4.587317109255642,19.04347826086956,-1.0,-0.6799601854308407,33.290439642020964,0.0,0.23528442846226555,24,True
cervix_endocervix,excluded_at_or_below_-1,ENSG00000229338.1,NME2P3,,,,,,,,,,-0.8196675162501534,0.0857849450835472,,,,,,,,,,7,False
cervix_endocervix,raw,ENSG00000229338.1,NME2P3,0.17948717950512236,20.240735172743253,-0.9892089244443122,0.005603076212921766,11.743589743592713,271.3279013139597,0.0,2.7236619356081837,0.02450354269784437,-1.0,0.0857849450835472,-0.8781199979667748,0.24730375212521735,2.7670125944571264,8.095601972057663,-1.0,0.0857849450835472,20.236088478591594,0.0,0.49585585807252563,23,True
colon_sigmoid,excluded_at_or_below_-1,ENSG00000229338.1,NME2P3,,,,,,,,,,-0.8461414959149071,-0.7039150248819985,,,,,,,,,,4,False
colon_sigmoid,raw,ENSG00000229338.1,NME2P3,-0.08973621050671333,386.4199060923544,-0.9963314322163657,0.0036884643568748728,871.6970204381263,112.11691617458303,0.0,1.406584912344578,0.3730488446192542,-1.0,-0.7039150248819985,-0.9981086568912386,0.020079050278986432,11.449805024539117,139.72045420390504,-1.0,-0.7039150248819985,385.18740311117136,0.0,143.69371569251288,419,True
colon_transverse,excluded_at_or_below_-1,ENSG00000229338.1,NME2P3,,,,,,,,,,-0.9102212017667242,-0.667751510794051,,,,,,,,,,6,False
colon_transverse,raw,ENSG00000229338.1,NME2P3,-0.3896369187115811,435.1329463579112,-0.995929268761502,0.0044683310027679056,1645.941300564461,103.86729091897386,0.0,1.2883744115405946,0.436842054893532,-1.0,-0.667751510794051,-0.9975148527586644,0.024437918888081306,11.020451605558574,128.21933448706358,-1.0,-0.667751510794051,434.3631240888083,0.0,189.74807969692927,479,True
esophagus_gastroesophageal_junction,excluded_at_or_below_-1,ENSG00000229338.1,NME2P3,,,,,,,,,,-0.8743039387902837,-0.6528355476130188,,,,,,,,,,7,False
esophagus_gastroesophageal_junction,raw,ENSG00000229338.1,NME2P3,0.1794871794861227,449.57661656422476,-0.9962653221324469,0.001695024366534279,9.743589743609176,286.5345504390348,0.0,3.115962339932428,0.007973917096259817,-1.0,-0.6528355476130188,-0.9965320754581194,0.027832947893573448,8.919225145078377,86.09545590949996,-1.0,-0.6528355476130188,439.34064227826576,0.0,3.5032658585443555,403,True
esophagus_mucosa,excluded_at_or_below_-1,ENSG00000229338.1,NME2P3,,,,,,,,,,-0.8621751844971207,-0.7331954725699606,,,,,,,,,,9,False
esophagus_mucosa,raw,ENSG00000229338.1,NME2P3,0.2307692306653553,852.4504252404342,-0.9975295561108773,0.0014757231259501268,6.92307692495604,253.31638392557173,0.0,2.3674734044909758,0.06180826662218001,-1.0,-0.7331954725699606,-0.9969777279575142,0.025237251484077367,8.490583028243266,72.17876404881733,-1.0,-0.7331954725699606,836.6184013140189,0.0,51.7099332094399,614,True
esophagus_muscularis,excluded_at_or_below_-1,ENSG00000229338.1,NME2P3,0.48717948717948717,2.7438418100797586,-0.8690303378977591,0.0006197987043779459,15.743589743589745,609.988294254583,0.0,8.14609185838695,3.907725991745786e-15,-0.872600475615219,-0.6016945093328778,-0.7641984229241957,0.0811468484740956,0.44737337507111796,-0.7655024142616567,-0.872600475615219,-0.6016945093328778,2.727453526402439,0.0,1.0658141036401503e-14,22,True
esophagus_muscularis,raw,ENSG00000229338.1,NME2P3,0.564102564086075,586.6470935526135,-0.995609897458825,0.0020103710381980835,21.58974359048299,277.10331761170477,0.0,3.088257060996718,0.008640032995667648,-1.0,-0.6016945093328778,-0.9907528793303607,0.04843188865881629,5.573907605067746,31.76775641900386,-1.0,-0.6016945093328778,576.5756046698585,0.0,4.981632248844596,561,True
fallopian_tube,excluded_at_or_below_-1,ENSG00000229338.1,NME2P3,,,,,,,,,,-0.8821254626621522,-0.565067053982027,,,,,,,,,,3,False
fallopian_tube,raw,ENSG00000229338.1,NME2P3,0.07692311083752378,39.630162517779915,-0.9962643801592588,0.0026109469523198756,2.7692307698177854,233.55706487909805,0.0,2.0233901106081063,0.1293242373137694,-1.0,-0.565067053982027,-0.9757720509845048,0.08628838947206427,4.056743387150256,16.20741289888626,-1.0,-0.565067053982027,39.56596578178425,0.0,5.116838348311948,29,True
heart_atrial_appendage,excluded_at_or_below_-1,ENSG00000229338.1,NME2P3,0.600809749239456,4.719895082155558,-0.8665521774540625,0.012822664658374908,26.16096838105588,28.001736832699002,0.0,5.879571272001675,3.114305120570832e-08,-0.9198622098012156,-0.6126606218850044,-0.8381664396413682,0.060337397966206435,1.6419150276619694,3.4038515281723773,-0.9198622098012156,-0.6126606218850044,4.719873940640447,0.0,1.4699127581785376e-07,38,True
heart_atrial_appendage,raw,ENSG00000229338.1,NME2P3,0.974358958386251,456.3215162155861,-0.995672581813112,0.0018400213186639473,96.97435898570396,294.3774089936817,0.0,3.325990534936205,0.004008252746680452,-1.0,-0.6126606218850044,-0.9866601403608938,0.04772863285937616,3.935064940813932,16.811760637588254,-1.0,-0.6126606218850044,451.01066103372375,0.0,1.8077647208705883,461,True
heart_left_ventricle,excluded_at_or_below_-1,ENSG00000229338.1,NME2P3,0.3999837936212314,0.01889979707380668,-1.164691229543713,0.0413066666706092,31.60000001050583,10.649641022678269,0.0,-7.387763997933157,1.0,-0.9489077630129032,-0.8536341278516257,-0.9043142374787533,0.027418667241001338,0.2596345969226331,-0.7747506485284199,-0.9489077630129032,-0.8536341278516257,2.65898414397725e-14,0.0,2.65898414397725e-14,16,True
heart_left_ventricle,raw,ENSG00000229338.1,NME2P3,0.41025641025642606,465.553216465534,-0.9983325950158143,0.0006287393472302803,25.43589746836924,325.4679949960958,0.0,3.7504679053280587,0.0008864222981500782,-1.0,-0.8536341278516257,-0.9966128933620797,0.018393543766641596,5.623088020797221,31.635810271663964,-1.0,-0.8536341278516257,463.37596464701755,0.0,0.4107467874899082,452,True
kidney_cortex,excluded_at_or_below_-1,ENSG00000229338.1,NME2P3,,,,,,,,,,-0.9170522142199824,-0.6138655961178983,,,,,,,,,,5,False
kidney_cortex,raw,ENSG00000229338.1,NME2P3,0.12820512820512758,114.67543564221766,-0.9958364403770814,0.0017220607423628022,4.358974358978258,313.6871627659646,0.0,3.419253654433505,0.002979056467849424,-1.0,-0.6138655961178983,-0.9919975875287756,0.04343919189366775,7.036796178889263,54.936569900519224,-1.0,-0.6138655961178983,111.34201862347291,0.0,0.331694160723668,104,True
kidney_medulla,excluded_at_or_below_-1,ENSG00000229338.1,NME2P3,,,,,,,,,,,,,,,,,,,,,0,False
kidney_medulla,raw,ENSG00000229338.1,NME2P3,0.0,11.0,-0.9875,1.0001e-06,0.0,-17675.90193946968,0.0,,,-1.0,-1.0,-1.0,0.0,,,,-1.0,8.983579622590726e-189,0.0,,11,True
liver,excluded_at_or_below_-1,ENSG00000229338.1,NME2P3,,,,,,,,,,,,,,,,,,,,,0,False
liver,raw,ENSG00000229338.1,NME2P3,0.0,262.0,-0.9875,1.0001e-06,0.0,-17675.90193946968,0.0,,,-1.0,-1.0,-1.0,0.0,,,,-1.0,2.1397253282897912e-187,0.0,,262,True
lung,excluded_at_or_below_-1,ENSG00000229338.1,NME2P3,0.20512820512741212,2.221537906428391,-0.8803047219380583,0.0010343591854571812,6.358974358980005,308.92518829077915,0.0,4.57180678217119,2.9206546216642627e-05,-0.8836485523644464,-0.6543560995875138,-0.7814066192786541,0.06992557239667786,0.08175834083402517,-0.5553863761070503,-0.8836485523644464,-0.6543560995875138,2.200333122561672,0.0,6.426413103610695e-05,10,True
lung,raw,ENSG00000229338.1,NME2P3,0.26315789470933515,657.8328396348703,-0.9962362482329576,0.0017390163554388744,7.437673134220869,278.0258744596441,0.0,3.0607813306125755,0.009475035941754232,-1.0,-0.6543560995875138,-0.9963809042926929,0.029193863038074155,8.534373352294569,75.29745712627611,-1.0,-0.6543560995875138,641.5290154893037,0.0,6.0785104794393465,604,True
minor_salivary_gland,excluded_at_or_below_-1,ENSG00000229338.1,NME2P3,,,,,,,,,,-0.8786582883762337,-0.6830456481000978,,,,,,,,,,9,False
minor_salivary_gland,raw,ENSG00000229338.1,NME2P3,0.23076923076931077,174.0457611135209,-0.99618229915457,0.001256945195225466,8.923076923492445,352.31615545329373,0.0,4.295369705217845,9.934478765565574e-05,-1.0,-0.6830456481000978,-0.990137452553114,0.045421439057956814,4.813312178019302,23.175902929744378,-1.0,-0.6830456481000978,172.62676947864733,0.0,0.017149569757538036,181,True
muscle_skeletal,excluded_at_or_below_-1,ENSG00000229338.1,NME2P3,-0.22125983086500328,2.616712159471732,-0.9515027033989593,0.2475620055298169,21.46303323821696,2.1215022951282694,0.0,-0.2115091223163811,1.0,-0.9144774450492724,-0.580127843977617,-0.8087824609699727,0.07808473493679316,0.7462798417962134,0.10611463384608344,-0.9144774450492724,-0.580127843977617,2.28313815941711,0.0,2.28313815941711,46,True
muscle_skeletal,raw,ENSG00000229338.1,NME2P3,1.1794871816384618,877.5677304995398,-0.9947584340476705,1.8981664685140526e-05,67.74358974358975,30891.716484216664,,390.5186284141074,,-1.0,-0.580127843977617,-0.9892469354579692,0.04773629503065161,4.883599322762156,25.063513666569833,-1.0,-0.580127843977617,0.0,0.0,0.0,818,True
nerve_tibial,excluded_at_or_below_-1,ENSG00000229338.1,NME2P3,0.5694606021823033,4.891071256839166,-0.7885394694385688,0.04175453728819309,54.59897309334812,22.421363945838007,0.0,3.068831234938137,0.009015133957150421,-0.8791464552854424,-0.1265505719783588,-0.6972387447471009,0.14195635278913546,1.7413047713224985,4.3739864093691585,-0.8791464552854424,-0.1265505719783588,4.891012509601261,0.0,0.044093132960153825,42,True
nerve_tibial,raw,ENSG00000229338.1,NME2P3,1.0769230769215625,909.2904930287284,-0.991900054087957,0.004621563822751354,134.76923077106613,264.7997562572597,0.0,2.4786097958678224,0.04726311291286634,-1.0,-0.1265505719783588,-0.9810209362378779,0.08141850084832387,5.1572116928619005,31.768363490068225,-1.0,-0.1265505719783588,891.5276918495251,0.0,42.13637396483119,670,True
ovary,excluded_at_or_below_-1,ENSG00000229338.1,NME2P3,0.20183192063934446,3.25909780549829,-0.7620621867513433,0.05782612629376872,6.994467443823385,24.50725959890242,0.0,1.6688939099178526,0.24843625891979856,-0.8303020004354036,0.2400211805600745,-0.6444755482102699,0.24169178337867334,2.6593041748146096,7.147435780420965,-0.8303020004354036,0.2400211805600745,3.2589854611463207,0.0,0.8096501558412064,20,True
ovary,raw,ENSG00000229338.1,NME2P3,0.5128205128205129,201.8376331327187,-0.9865480755904406,0.005167230338895006,33.74358974358995,335.69838452544815,0.0,3.6816423291253697,0.001185686446668699,-1.0,0.2400211805600745,-0.9631580878974374,0.13259965099500187,5.364301449975625,37.54622060610165,-1.0,0.2400211805600745,193.95998021485792,0.0,0.22997571973688602,193,True
pancreas,excluded_at_or_below_-1,ENSG00000229338.1,NME2P3,,,,,,,,,,-0.909832181909784,-0.8654097250073814,,,,,,,,,,5,False
pancreas,raw,ENSG00000229338.1,NME2P3,0.12820489967105142,460.4895487445965,-0.998599235049338,0.0005577723488208547,4.358974358976396,337.6976500634302,0.0,3.5515937552499834,0.0018399612950017999,-1.0,-0.8654097250073814,-0.9984074623834752,0.01361684578024961,8.584925694535395,72.98108468222416,-1.0,-0.8654097250073814,456.4101247715493,0.0,0.8397769642265914,362,True
pituitary,excluded_at_or_below_-1,ENSG00000229338.1,NME2P3,,,,,,,,,,-0.847965888945009,-0.6337522132508763,,,,,,,,,,5,False
pituitary,raw,ENSG00000229338.1,NME2P3,0.1282051282051283,348.86201143673566,-0.9959004798859027,0.0013536632415669238,4.358974428299884,378.3474165053937,0.0,4.282894568272897,0.0001058156555869616,-1.0,-0.6337522132508763,-0.9963463374638638,0.03015114465570358,8.997666159931475,86.88293348653986,-1.0,-0.6337522132508763,342.713765520847,0.0,0.03626448177726385,313,True
prostate,excluded_at_or_below_-1,ENSG00000229338.1,NME2P3,,,,,,,,,,-0.8327936724034182,-0.5800049114606378,,,,,,,,,,6,False
prostate,raw,ENSG00000229338.1,NME2P3,0.15384615384615394,359.7060483012275,-0.9956238314347917,0.0016959412401957525,5.076923076923077,346.57681497176355,0.0,3.6492048129181467,0.0012961025022166575,-1.0,-0.5800049114606378,-0.9941404233726674,0.04172806396601253,7.579444716078979,59.52524810415927,-1.0,-0.5800049114606378,356.1431921280148,0.0,0.4615980824645414,282,True
skin_not_sun_exposed_suprapubic,excluded_at_or_below_-1,ENSG00000229338.1,NME2P3,,,,,,,,,,-0.8441355117297452,-0.6484756934119942,,,,,,,,,,9,False
skin_not_sun_exposed_suprapubic,raw,ENSG00000229338.1,NME2P3,0.23080504003653857,711.8533771932234,-0.9957913242658408,0.0005758216021214659,8.923076973086765,853.0046003277008,0.0,10.336476229704905,0.0,-1.0,-0.6484756934119942,-0.997015139271197,0.02604242322110902,9.277898991107884,91.31548473453729,-1.0,-0.6484756934119942,690.4070351836257,0.0,0.0,651,True
skin_sun_exposed_lower_leg,excluded_at_or_below_-1,ENSG00000229338.1,NME2P3,0.1545054049255359,1.4210286930720788,-0.799284605856332,0.05926763679480151,14.21841214269336,6.204458154882312,0.0,2.7777533057872597,0.021111225109339417,-0.9156962132777052,-0.539264774187445,-0.7899127110309625,0.08142737717700813,1.2723299496310847,2.46470285254751,-0.9156962132777052,-0.539264774187445,1.4210194040846007,0.0,0.02999946052436936,22,True
skin_sun_exposed_lower_leg,raw,ENSG00000229338.1,NME2P3,0.5641025641025508,819.4242634017245,-0.9949367402059812,0.002064863121925236,29.58974358974418,312.0872601646275,0.0,3.4677991942843933,0.002507034614870427,-1.0,-0.539264774187445,-0.993870132152097,0.0379052030953252,6.973075475082405,54.41786697385354,-1.0,-0.539264774187445,799.8634315471667,0.0,2.005285310057787,754,True
small_intestine_terminal_ileum,excluded_at_or_below_-1,ENSG00000229338.1,NME2P3,,,,,,,,,,-0.8566588301493825,-0.6558873481881031,,,,,,,,,,5,False
small_intestine_terminal_ileum,raw,ENSG00000229338.1,NME2P3,0.12820510763605403,257.6374185618497,-0.9966403459437986,0.0019068358222295112,6.358974360707249,252.7210288518437,0.0,2.4917028911312253,0.04495022243818901,-1.0,-0.6558873481881031,-0.9948005075412563,0.03489936103998855,7.283688170937982,56.23628944745589,-1.0,-0.6558873481881031,257.09898406448536,0.0,11.556656522331028,207,True
spleen,excluded_at_or_below_-1,ENSG00000229338.1,NME2P3,,,,,,,,,,-0.7645106521760656,-0.7404647629843077,,,,,,,,,,2,False
spleen,raw,ENSG00000229338.1,NME2P3,0.05128205128205128,311.94617946198974,-0.996843063104141,0.000245569402693102,1.8974358974358976,1476.461094710365,0.0,18.180534401753206,0.0,-1.0,-0.7404647629843077,-0.9982129076359582,0.021018376839913554,11.682692907519757,134.81297647787756,-1.0,-0.7404647629843077,241.76764660979654,0.0,0.0,277,True
stomach,excluded_at_or_below_-1,ENSG00000229338.1,NME2P3,,,,,,,,,,-0.8853144844645837,-0.7470418578665108,,,,,,,,,,10,False
stomach,raw,ENSG00000229338.1,NME2P3,0.2564102564102565,436.72402801871107,-0.9971522558384737,0.00101412204758735,19.435897436152803,348.78397303754105,0.0,3.9712364256165196,0.00038053134084595333,-1.0,-0.7470418578665108,-0.9952965842592212,0.030346133103934362,6.516524007053324,41.67466317713239,-1.0,-0.7470418578665108,431.76615042835795,0.0,0.1643005521544023,407,True
testis,excluded_at_or_below_-1,ENSG00000229338.1,NME2P3,5.1618958014811644,29.350444235720893,-0.8154550405263351,0.06951455180712891,1409.4366294996175,29.212733101459566,0.0,2.3161370553821206,0.06840937400648338,-0.9293029299912046,0.6204738054689223,-0.5620360565463811,0.26931548094089647,1.0637570552777038,1.130733046706827,-0.9293029299912046,0.6204738054689223,29.350443860276066,0.0,2.007845491293919,299,True
testis,raw,ENSG00000229338.1,NME2P3,7.666666689011263,927.175258711066,-0.9962130823726008,0.011215599730408614,3016.6666667429304,203.8536126336006,0.0,0.47750547424918194,0.9005898923747325,-1.0,0.6204738054689223,-0.6836927075057198,0.3015106179476681,0.9701694797608106,0.7000114258514691,-1.0,0.6204738054689223,918.5920921043287,0.0,827.2747533645178,414,True
thyroid,excluded_at_or_below_-1,ENSG00000229338.1,NME2P3,0.1893877874654381,1557193213291.9326,-6.057178747515588,0.9968971914978627,14.862104832729125,8.193674527601964,0.0,-7.399209985159599,1.0,-0.8413811835812103,-0.2813529868664046,-0.6866196419388901,0.15089181541989424,1.210555176540666,0.8235091979205507,-0.8413811835812103,-0.2813529868664046,2.0091427831395854,0.0,2.0091427831396067,21,True
thyroid,raw,ENSG00000229338.1,NME2P3,0.5384615384500329,753.2670664129384,-0.9923485369282707,0.0037153717971923493,19.692307694733987,270.63228246611845,0.0,2.9124414563876284,0.014606451090251247,-1.0,-0.2813529868664046,-0.990378673217422,0.05994630580519007,7.373800356570738,61.410821263188936,-1.0,-0.2813529868664046,742.1521000185584,0.0,10.8402083504484,684,True
uterus,excluded_at_or_below_-1,ENSG00000229338.1,NME2P3,0.49999971133847504,24.54888434453585,-0.7749183797401973,0.011356316035094021,17.500002395025696,133.20580627914785,0.0,14.93624494847979,0.0,-0.8948583396765762,0.294741305376321,-0.5855913335540717,0.32005517745066286,1.44885642935523,1.234429797941738,-0.8948583396765762,0.294741305376321,24.432933597288383,0.0,0.0,29,True
uterus,raw,ENSG00000229338.1,NME2P3,0.7435898032821681,125.70224382811311,-0.9848232023365318,0.007187195332280798,63.435897516470405,251.77797417181296,0.0,2.9863155371148378,0.011573945241341189,-1.0,0.294741305376321,-0.9214519521115561,0.2131300542780614,3.5694199798871673,13.919625287433199,-1.0,0.294741305376321,125.69703526410707,0.0,1.4548106031457078,153,True
vagina,excluded_at_or_below_-1,ENSG00000229338.1,NME2P3,,,,,,,,,,-0.7361254689676044,-0.7361254689676044,,,,,,,,,,1,False
vagina,raw,ENSG00000229338.1,NME2P3,0.02631578940425093,194.57808427333973,-0.9972657724717879,0.0015020599533860277,0.9743767326766181,245.8677884763038,0.0,2.574319117086214,0.036520450396432,-1.0,-0.7361254689676044,-0.99844779687628,0.020238252675036632,12.92307692307693,165.00591715976347,-1.0,-0.7361254689676044,193.86401820744524,0.0,7.080001260598056,170,True
whole_blood,excluded_at_or_below_-1,ENSG00000229338.1,NME2P3,,,,,,,,,,-0.8381690593707044,-0.7046695829647844,,,,,,,,,,3,False
whole_blood,raw,ENSG00000229338.1,NME2P3,2.367674336130061,743.450416516279,-0.9963078958025906,0.0028347485408418017,3147.8033695344584,145.49398346294095,0.0,1.8419354501618188,0.18467726687260727,-1.0,-0.7046695829647844,-0.9992211862173803,0.013269801098783986,18.382628913129512,358.81960374175105,-1.0,-0.7046695829647844,738.103791663901,0.0,136.31099091279756,803,True
adipose_subcutaneous,excluded_at_or_below_-1,ENSG00000103024.8,NME3,1.170457865174539,59.00975557554602,5.730473552355526,0.46223891292133995,812.5488642797678,3.8097849945340467,0.0007022811049530837,5.0576960973970735,0.0,4.077354102684631,6.975710425478412,5.684315875921739,0.37585655497835896,-0.5490966787980143,0.9147677996254897,4.077354102684631,6.975710425478412,59.00879131010307,0.04144075916320511,0.0,714,True
adipose_subcutaneous,raw,ENSG00000103024.8,NME3,1.170457865174539,59.00975557554602,5.730473552355526,0.46223891292133995,812.5488642797678,3.8097849945340467,0.0007022811049530837,5.0576960973970735,0.0,4.077354102684631,6.975710425478412,5.684315875921739,0.37585655497835896,-0.5490966787980143,0.9147677996254897,4.077354102684631,6.975710425478412,59.00879131010307,0.04144075916320511,0.0,714,True
adipose_visceral_omentum,excluded_at_or_below_-1,ENSG00000103024.8,NME3,-1.2183874983006129,32.184635791155166,5.507258507156995,0.8176008598411498,589.5621494392694,2.3274704347123114,0.04013993627547415,2.679516463381014,0.0,3.95814667376272,6.8528415784170695,5.50102093204941,0.5191345757406391,-0.053323590017896605,-0.4465444466431632,3.95814667376272,6.8528415784170695,31.296088979868063,1.256223017323473,0.0,587,True
adipose_visceral_omentum,raw,ENSG00000103024.8,NME3,-1.2183874983006129,32.184635791155166,5.507258507156995,0.8176008598411498,589.5621494392694,2.3274704347123114,0.04013993627547415,2.679516463381014,0.0,3.95814667376272,6.8528415784170695,5.50102093204941,0.5191345757406391,-0.053323590017896605,-0.4465444466431632,3.95814667376272,6.8528415784170695,31.296088979868063,1.256223017323473,0.0,587,True
adrenal_gland,excluded_at_or_below_-1,ENSG00000103024.8,NME3,1.0963407113693209,24.056325614622263,6.371335176638968,0.3986144994980471,334.340021788282,6.270094734844321,0.0,3.329854380730467,0.0039110122435176775,5.432772379129831,8.138642987166056,6.437352464228294,0.3798760067341374,0.7894261621141463,2.015183117205547,5.432772379129831,8.138642987166056,24.05616231176462,0.0,0.09408394533335995,295,True
adrenal_gland,raw,ENSG00000103024.8,NME3,1.0963407113693209,24.056325614622263,6.371335176638968,0.3986144994980471,334.340021788282,6.270094734844321,0.0,3.329854380730467,0.0039110122435176775,5.432772379129831,8.138642987166056,6.437352464228294,0.3798760067341374,0.7894261621141463,2.015183117205547,5.432772379129831,8.138642987166056,24.05616231176462,0.0,0.09408394533335995,295,True
artery_aorta,excluded_at_or_below_-1,ENSG00000103024.8,NME3,1.413354159416278,26.24278070790779,6.498113816022836,0.536466916286422,468.01157595343545,2.9791990497866627,0.008101035244410354,3.342362228478774,0.0,5.230224152445152,7.628241379331301,6.488178415672732,0.4229329648558008,-0.0787338823375319,-0.081569339460009,5.230224152445152,7.628241379331301,26.144213571851903,0.21179519558296378,0.0,472,True
artery_aorta,raw,ENSG00000103024.8,NME3,1.413354159416278,26.24278070790779,6.498113816022836,0.536466916286422,468.01157595343545,2.9791990497866627,0.008101035244410354,3.342362228478774,0.0,5.230224152445152,7.628241379331301,6.488178415672732,0.4229329648558008,-0.0787338823375319,-0.081569339460009,5.230224152445152,7.628241379331301,26.144213571851903,0.21179519558296378,0.0,472,True
artery_coronary,excluded_at_or_below_-1,ENSG00000103024.8,NME3,1.5876556620604017,11.988733455737528,6.307677680212858,0.570747774013175,344.58804023274234,2.5598484049835024,0.03337565059936111,3.284790171411213,0.0,4.982003306614464,7.340780330214219,6.2520374319251,0.4797674760732319,-0.3097140539580179,-0.255241700184047,4.982003306614464,7.340780330214219,11.934239298534461,0.3983130009970506,0.0,268,True
artery_coronary,raw,ENSG00000103024.8,NME3,1.5876556620604017,11.988733455737528,6.307677680212858,0.570747774013175,344.58804023274234,2.5598484049835024,0.03337565059936111,3.284790171411213,0.0,4.982003306614464,7.340780330214219,6.2520374319251,0.4797674760732319,-0.3097140539580179,-0.255241700184047,4.982003306614464,7.340780330214219,11.934239298534461,0.3983130009970506,0.0,268,True
artery_tibial,excluded_at_or_below_-1,ENSG00000103024.8,NME3,0.3976322860669532,49.305096914445414,6.151688654706394,0.48464509231320824,615.2123417238187,2.6282308713811187,0.03160694599141015,4.6634648872736015,0.0,4.553538678687526,7.052372417874043,6.111958502114134,0.35398455801036505,-0.47090954003866076,0.47583729526840646,4.553538678687526,7.052372417874043,49.30412952990719,1.558352959205267,0.0,691,True
artery_tibial,raw,ENSG00000103024.8,NME3,0.3976322860669532,49.305096914445414,6.151688654706394,0.48464509231320824,615.2123417238187,2.6282308713811187,0.03160694599141015,4.6634648872736015,0.0,4.553538678687526,7.052372417874043,6.111958502114134,0.35398455801036505,-0.47090954003866076,0.47583729526840646,4.553538678687526,7.052372417874043,49.30412952990719,1.558352959205267,0.0,691,True
bladder,excluded_at_or_below_-1,ENSG00000103024.8,NME3,0.5684668344733578,3.923268367450569,6.133733734272097,0.3095030412451156,45.80144241634659,3.464010747984875,0.0017004515083880749,3.7830352084725676,0.0,5.305810050528838,6.891838372731391,6.105500323358154,0.3111779362084056,-0.15813878897425446,0.07508237158544784,5.305810050528838,6.891838372731391,3.920177965734787,0.006666072534983414,0.0,77,True
bladder,raw,ENSG00000103024.8,NME3,0.5684668344733578,3.923268367450569,6.133733734272097,0.3095030412451156,45.80144241634659,3.464010747984875,0.0017004515083880749,3.7830352084725676,0.0,5.305810050528838,6.891838372731391,6.105500323358154,0.3111779362084056,-0.15813878897425446,0.07508237158544784,5.305810050528838,6.891838372731391,3.920177965734787,0.006666072534983414,0.0,77,True
brain_amygdala,excluded_at_or_below_-1,ENSG00000103024.8,NME3,1.0635726651054627,12.911202709747856,5.231092600420334,0.4776651066406391,123.03935642319833,3.689971640298065,0.0011048741306914362,5.658794376149138,0.0,3.3197768762202404,6.477418292634924,5.191837208615471,0.514722239143815,-0.37433971790491755,1.0081050172426549,3.3197768762202404,6.477418292634924,12.910915666440918,0.014264936723389354,0.0,181,True
brain_amygdala,raw,ENSG00000103024.8,NME3,1.0635726651054627,12.911202709747856,5.231092600420334,0.4776651066406391,123.03935642319833,3.689971640298065,0.0011048741306914362,5.658794376149138,0.0,3.3197768762202404,6.477418292634924,5.191837208615471,0.514722239143815,-0.37433971790491755,1.0081050172426549,3.3197768762202404,6.477418292634924,12.910915666440918,0.014264936723389354,0.0,181,True
brain_anterior_cingulate_cortex_ba24,excluded_at_or_below_-1,ENSG00000103024.8,NME3,1.4796305336293774,13.485368565271477,5.316990584540638,0.40033202342004026,342.9054104305395,3.3221488258957064,0.0039633668755126245,4.453450267073621,0.0,4.056319067838162,6.257416130553377,5.240355971130405,0.40479247297373716,-0.505084440993157,0.427096493220287,4.056319067838162,6.257416130553377,13.484696628797005,0.053444799944910804,0.0,233,True
brain_anterior_cingulate_cortex_ba24,raw,ENSG00000103024.8,NME3,1.4796305336293774,13.485368565271477,5.316990584540638,0.40033202342004026,342.9054104305395,3.3221488258957064,0.0039633668755126245,4.453450267073621,0.0,4.056319067838162,6.257416130553377,5.240355971130405,0.40479247297373716,-0.505084440993157,0.427096493220287,4.056319067838162,6.257416130553377,13.484696628797005,0.053444799944910804,0.0,233,True
brain_caudate_basal_ganglia,excluded_at_or_below_-1,ENSG00000103024.8,NME3,2.1798574751752877,20.193882991682493,5.529210963329795,0.5026290913711777,334.6528915633184,2.622024406518512,0.032144940436329816,6.851647455032489,0.0,3.094050230646851,6.4611110525850295,5.329010187992417,0.5651474718566677,-0.8543222690349017,0.7984949455026396,3.094050230646851,6.4611110525850295,20.19376623460443,0.6491274127965276,0.0,300,True
brain_caudate_basal_ganglia,raw,ENSG00000103024.8,NME3,2.1798574751752877,20.193882991682493,5.529210963329795,0.5026290913711777,334.6528915633184,2.622024406518512,0.032144940436329816,6.851647455032489,0.0,3.094050230646851,6.4611110525850295,5.329010187992417,0.5651474718566677,-0.8543222690349017,0.7984949455026396,3.094050230646851,6.4611110525850295,20.19376623460443,0.6491274127965276,0.0,300,True
brain_cerebellar_hemisphere,excluded_at_or_below_-1,ENSG00000103024.8,NME3,0.6422068445925055,21.636734488849754,6.824190717451215,0.47472978524847953,188.71647935221165,4.3334832811335025,0.0,4.29873129765998,1.3528974353204563e-05,5.381172604716798,8.278874537607967,6.790290130416519,0.41247082920485073,-0.4743356045731641,1.3241708196942898,5.381172604716798,8.278874537607967,21.634731247507208,0.0,0.00029269572418599843,277,True
brain_cerebellar_hemisphere,raw,ENSG00000103024.8,NME3,0.6422068445925055,21.636734488849754,6.824190717451215,0.47472978524847953,188.71647935221165,4.3334832811335025,0.0,4.29873129765998,1.3528974353204563e-05,5.381172604716798,8.278874537607967,6.790290130416519,0.41247082920485073,-0.4743356045731641,1.3241708196942898,5.381172604716798,8.278874537607967,21.634731247507208,0.0,0.00029269572418599843,277,True
brain_cerebellum,excluded_at_or_below_-1,ENSG00000103024.8,NME3,1.3841718337629236,22.011222207773066,6.82054743157757,0.3116147112625557,129.64381451669794,3.7662110868983456,0.0008316018174350924,6.710692113350612,0.0,5.341880813669703,7.650412744443269,6.755473027929567,0.3406742859683114,-0.8675802713485995,1.9147669988731417,5.341880813669703,7.650412744443269,22.01086212674498,0.01830427294791437,0.0,266,True
brain_cerebellum,raw,ENSG00000103024.8,NME3,1.3841718337629236,22.011222207773066,6.82054743157757,0.3116147112625557,129.64381451669794,3.7662110868983456,0.0008316018174350924,6.710692113350612,0.0,5.341880813669703,7.650412744443269,6.755473027929567,0.3406742859683114,-0.8675802713485995,1.9147669988731417,5.341880813669703,7.650412744443269,22.01086212674498,0.01830427294791437,0.0,266,True
brain_cortex,excluded_at_or_below_-1,ENSG00000103024.8,NME3,1.0793972860827905,23.59970769829972,5.352131445823076,0.40409014392554304,212.0721861297907,3.624163370508514,0.0014056187285258414,6.806377580136564,0.0,3.4073119580550957,6.38768133514885,5.304646223208108,0.4067501612823458,-0.7347547981414109,1.9829367410877445,3.4073119580550957,6.38768133514885,23.599650277668168,0.03317211041695045,0.0,270,True
brain_cortex,raw,ENSG00000103024.8,NME3,1.0793972860827905,23.59970769829972,5.352131445823076,0.40409014392554304,212.0721861297907,3.624163370508514,0.0014056187285258414,6.806377580136564,0.0,3.4073119580550957,6.38768133514885,5.304646223208108,0.4067501612823458,-0.7347547981414109,1.9829367410877445,3.4073119580550957,6.38768133514885,23.599650277668168,0.03317211041695045,0.0,270,True
brain_frontal_cortex_ba9,excluded_at_or_below_-1,ENSG00000103024.8,NME3,0.5837795349766375,21.521033154046705,5.4151488950195965,0.47629169700199336,189.81089842720468,5.167619820862403,0.0,3.615219663313107,0.001450307385343737,4.197582358898296,7.155546865612921,5.412004876261918,0.40662898913757106,0.32859735787641736,1.3754645365119247,4.197582358898296,7.155546865612921,21.520555628929834,0.0,0.031211420765337672,269,True
brain_frontal_cortex_ba9,raw,ENSG00000103024.8,NME3,0.5837795349766375,21.521033154046705,5.4151488950195965,0.47629169700199336,189.81089842720468,5.167619820862403,0.0,3.615219663313107,0.001450307385343737,4.197582358898296,7.155546865612921,5.412004876261918,0.40662898913757106,0.32859735787641736,1.3754645365119247,4.197582358898296,7.155546865612921,21.520555628929834,0.0,0.031211420765337672,269,True
brain_hippocampus,excluded_at_or_below_-1,ENSG00000103024.8,NME3,1.172897781321608,15.197803643327836,5.339198513016073,0.6271032265759522,201.20437474463534,2.471809093512363,0.04711786935735339,4.802478565793618,0.0,3.2096405139276003,6.435270209160961,5.212239783299427,0.5618240819597222,-0.6893356131726305,0.5838878504658473,3.2096405139276003,6.435270209160961,15.197418117210521,0.7160699614158008,0.0,255,True
brain_hippocampus,raw,ENSG00000103024.8,NME3,1.172897781321608,15.197803643327836,5.339198513016073,0.6271032265759522,201.20437474463534,2.471809093512363,0.04711786935735339,4.802478565793618,0.0,3.2096405139276003,6.435270209160961,5.212239783299427,0.5618240819597222,-0.6893356131726305,0.5838878504658473,3.2096405139276003,6.435270209160961,15.197418117210521,0.7160699614158008,0.0,255,True
brain_hypothalamus,excluded_at_or_below_-1,ENSG00000103024.8,NME3,1.9415524807345983,16.10432912424845,5.536767262254317,0.4865858029621187,212.33253079767505,3.216973647365213,0.005659234033422885,5.781019459751045,0.0,3.5477027598305417,6.643625340099716,5.375960636830428,0.5493619590124934,-0.68536164831569,0.40704360842561904,3.5477027598305417,6.643625340099716,16.104284455076506,0.09113791467209209,0.0,257,True
brain_hypothalamus,raw,ENSG00000103024.8,NME3,1.9415524807345983,16.10432912424845,5.536767262254317,0.4865858029621187,212.33253079767505,3.216973647365213,0.005659234033422885,5.781019459751045,0.0,3.5477027598305417,6.643625340099716,5.375960636830428,0.5493619590124934,-0.68536164831569,0.40704360842561904,3.5477027598305417,6.643625340099716,16.104284455076506,0.09113791467209209,0.0,257,True
brain_nucleus_accumbens_basal_ganglia,excluded_at_or_below_-1,ENSG00000103024.8,NME3,1.4186501837904584,24.302090684140204,5.484294893313488,0.41962428287690007,235.74232365516085,3.532978931943426,0.0019479891489344613,7.140092476902066,0.0,3.365692537197533,6.532597490728998,5.3961890476627605,0.4541925401997152,-0.9046071389955541,1.6840012433945484,3.365692537197533,6.532597490728998,24.301788683832555,0.047339620655804104,0.0,285,True
brain_nucleus_accumbens_basal_ganglia,raw,ENSG00000103024.8,NME3,1.4186501837904584,24.302090684140204,5.484294893313488,0.41962428287690007,235.74232365516085,3.532978931943426,0.0019479891489344613,7.140092476902066,0.0,3.365692537197533,6.532597490728998,5.3961890476627605,0.4541925401997152,-0.9046071389955541,1.6840012433945484,3.365692537197533,6.532597490728998,24.301788683832555,0.047339620655804104,0.0,285,True
brain_putamen_basal_ganglia,excluded_at_or_below_-1,ENSG00000103024.8,NME3,1.9600875007443332,12.303058907252595,5.4065959953015765,0.5561249056909492,396.2688630917374,2.4655805374105864,0.047820902896272985,4.511781171152291,0.0,3.632384557182644,6.376160126436081,5.250282085348378,0.559979521798715,-0.6401892423831519,0.0948894448594424,3.632384557182644,6.376160126436081,12.302499350517884,0.5883166268225772,0.0,254,True
brain_putamen_basal_ganglia,raw,ENSG00000103024.8,NME3,1.9600875007443332,12.303058907252595,5.4065959953015765,0.5561249056909492,396.2688630917374,2.4655805374105864,0.047820902896272985,4.511781171152291,0.0,3.632384557182644,6.376160126436081,5.250282085348378,0.559979521798715,-0.6401892423831519,0.0948894448594424,3.632384557182644,6.376160126436081,12.302499350517884,0.5883166268225772,0.0,254,True
brain_spinal_cord_cervical_c-1,excluded_at_or_below_-1,ENSG00000103024.8,NME3,1.1711259785092545,13.801755661816964,5.751263028373493,0.5303565465350591,218.01141055337473,1.8545460178847692,0.17912648900885014,6.672920810109419,0.0,3.248792870886839,6.446752484566551,5.530039960166012,0.5829698256796477,-1.3416661363050988,2.0411337520815644,3.248792870886839,6.446752484566551,13.80165370539419,2.4722417707632482,0.0,204,True
brain_spinal_cord_cervical_c-1,raw,ENSG00000103024.8,NME3,1.1711259785092545,13.801755661816964,5.751263028373493,0.5303565465350591,218.01141055337473,1.8545460178847692,0.17912648900885014,6.672920810109419,0.0,3.248792870886839,6.446752484566551,5.530039960166012,0.5829698256796477,-1.3416661363050988,2.0411337520815644,3.248792870886839,6.446752484566551,13.80165370539419,2.4722417707632482,0.0,204,True
brain_substantia_nigra,excluded_at_or_below_-1,ENSG00000103024.8,NME3,0.75253668005489,10.436924545701096,5.247918543912778,0.5892717538492469,196.8183105820372,3.1575504390806097,0.005701463374515712,3.6804376996080053,0.0,3.714360928653016,6.563600513460752,5.253380650273888,0.5099482496319044,-0.2023374091507313,0.3577337488246175,3.714360928653016,6.563600513460752,10.42486977540155,0.05943701320854777,0.0,183,True
brain_substantia_nigra,raw,ENSG00000103024.8,NME3,0.75253668005489,10.436924545701096,5.247918543912778,0.5892717538492469,196.8183105820372,3.1575504390806097,0.005701463374515712,3.6804376996080053,0.0,3.714360928653016,6.563600513460752,5.253380650273888,0.5099482496319044,-0.2023374091507313,0.3577337488246175,3.714360928653016,6.563600513460752,10.42486977540155,0.05943701320854777,0.0,183,True
breast_mammary_tissue,excluded_at_or_below_-1,ENSG00000103024.8,NME3,-0.4689058836282506,34.42569833079092,5.889549043501321,0.8070203896631275,356.9608900731871,2.368645683892944,0.06023720207590756,4.052697568388218,0.0,3.5768788373555944,7.241215732075242,5.865728234171024,0.5399411587973898,-0.29466802513973783,0.21521085138731433,3.5768788373555944,7.241215732075242,34.416353380749285,2.073144833312039,0.0,514,True
breast_mammary_tissue,raw,ENSG00000103024.8,NME3,-0.4689058836282506,34.42569833079092,5.889549043501321,0.8070203896631275,356.9608900731871,2.368645683892944,0.06023720207590756,4.052697568388218,0.0,3.5768788373555944,7.241215732075242,5.865728234171024,0.5399411587973898,-0.29466802513973783,0.21521085138731433,3.5768788373555944,7.241215732075242,34.416353380749285,2.073144833312039,0.0,514,True
cells_cultured_fibroblasts,excluded_at_or_below_-1,ENSG00000103024.8,NME3,2.17985962216289,30.195012302885154,4.9006042312601785,0.8051402032115718,1120.7679177680243,2.9945552218416616,0.0,2.3013728018214894,0.06016929572158478,3.5903864433506447,6.6054647021186765,5.020544641258197,0.5940454398566897,0.39957331012700686,-0.5583708634575393,3.5903864433506447,6.6054647021186765,29.853951769139826,0.0,1.7962912524553034,652,True
cells_cultured_fibroblasts,raw,ENSG00000103024.8,NME3,2.17985962216289,30.195012302885154,4.9006042312601785,0.8051402032115718,1120.7679177680243,2.9945552218416616,0.0,2.3013728018214894,0.06016929572158478,3.5903864433506447,6.6054647021186765,5.020544641258197,0.5940454398566897,0.39957331012700686,-0.5583708634575393,3.5903864433506447,6.6054647021186765,29.853951769139826,0.0,1.7962912524553034,652,True
cells_ebv-transformed_lymphocytes,excluded_at_or_below_-1,ENSG00000103024.8,NME3,0.7507466557351998,19.266794480537826,5.340509879474115,0.6040448725640414,201.24356164982322,3.8155165953136234,0.0,2.6641515875385937,0.028087327510459916,4.202586195949515,6.970209450248115,5.424730647404492,0.47049127251905976,0.5142319570533601,0.043746685328437174,4.202586195949515,6.970209450248115,19.253414148438214,0.0,0.5407769488817068,327,True
cells_ebv-transformed_lymphocytes,raw,ENSG00000103024.8,NME3,0.7507466557351998,19.266794480537826,5.340509879474115,0.6040448725640414,201.24356164982322,3.8155165953136234,0.0,2.6641515875385937,0.028087327510459916,4.202586195949515,6.970209450248115,5.424730647404492,0.47049127251905976,0.5142319570533601,0.043746685328437174,4.202586195949515,6.970209450248115,19.253414148438214,0.0,0.5407769488817068,327,True
cervix_ectocervix,excluded_at_or_below_-1,ENSG00000103024.8,NME3,0.5252589537275638,0.23796246624904208,6.393155234043197,0.3843701089253884,17.319522268720245,2.9190660512842856,0.014113010427938291,5.047813077710678,0.0,5.021206531147937,7.186530270137315,6.107652623875135,0.6219667823337922,-0.09180443921010745,-0.9863066525201942,5.021206531147937,7.186530270137315,0.23795704565211284,0.0033582902666896564,0.0,24,True
cervix_ectocervix,raw,ENSG00000103024.8,NME3,0.5252589537275638,0.23796246624904208,6.393155234043197,0.3843701089253884,17.319522268720245,2.9190660512842856,0.014113010427938291,5.047813077710678,0.0,5.021206531147937,7.186530270137315,6.107652623875135,0.6219667823337922,-0.09180443921010745,-0.9863066525201942,5.021206531147937,7.186530270137315,0.23795704565211284,0.0033582902666896564,0.0,24,True
cervix_endocervix,excluded_at_or_below_-1,ENSG00000103024.8,NME3,0.13387319919387994,3123533119569.7847,-15.963453022854125,4.164725322744581,24.943979289493754,7.924213918664134,0.0,-7.545826400915348,1.0,6.258292779238483,7.372608268006994,6.631353966365733,0.3094992411361221,0.8548458471613475,0.0041849769601101094,6.258292779238483,7.372608268006994,1.2778557641227684,0.0,1.2778557641227684,23,True
cervix_endocervix,raw,ENSG00000103024.8,NME3,0.13387319919387994,3123533119569.7847,-15.963453022854125,4.164725322744581,24.943979289493754,7.924213918664134,0.0,-7.545826400915348,1.0,6.258292779238483,7.372608268006994,6.631353966365733,0.3094992411361221,0.8548458471613475,0.0041849769601101094,6.258292779238483,7.372608268006994,1.2778557641227684,0.0,1.2778557641227684,23,True
colon_sigmoid,excluded_at_or_below_-1,ENSG00000103024.8,NME3,-0.07644832844000497,23.641875981004628,6.210604854432401,0.5972766915637487,366.1882760629339,2.3682613539520814,0.05479539228748539,3.194330944844061,0.0,4.861516237791893,7.210812562717418,6.187321910481388,0.4081573438891455,-0.24398775484516091,-0.09806266631862925,4.861516237791893,7.210812562717418,23.498006938965332,1.287582508194659,0.0,419,True
colon_sigmoid,raw,ENSG00000103024.8,NME3,-0.07644832844000497,23.641875981004628,6.210604854432401,0.5972766915637487,366.1882760629339,2.3682613539520814,0.05479539228748539,3.194330944844061,0.0,4.861516237791893,7.210812562717418,6.187321910481388,0.4081573438891455,-0.24398775484516091,-0.09806266631862925,4.861516237791893,7.210812562717418,23.498006938965332,1.287582508194659,0.0,419,True
colon_transverse,excluded_at_or_below_-1,ENSG00000103024.8,NME3,-1.2429360384787553,28.150815462156555,5.6654425238706265,0.8315353777828778,649.0218370224059,3.231441028943929,0.0,1.9755103759062038,0.13742759652784445,4.50387342960551,7.565479129570415,5.705678108204387,0.5030991608992654,0.22777908873736608,-0.40705781518565276,4.50387342960551,7.565479129570415,27.998691148242127,0.0,3.847792830428349,479,True
colon_transverse,raw,ENSG00000103024.8,NME3,-1.2429360384787553,28.150815462156555,5.6654425238706265,0.8315353777828778,649.0218370224059,3.231441028943929,0.0,1.9755103759062038,0.13742759652784445,4.50387342960551,7.565479129570415,5.705678108204387,0.5030991608992654,0.22777908873736608,-0.40705781518565276,4.50387342960551,7.565479129570415,27.998691148242127,0.0,3.847792830428349,479,True
esophagus_gastroesophageal_junction,excluded_at_or_below_-1,ENSG00000103024.8,NME3,0.1517106131893568,26.67159761266257,6.02773436908659,0.5579244835470125,357.3829235053255,3.501598229625165,0.0,3.2300132484488264,0.0032581641160437835,4.7534547825814,7.4091575401206065,6.053845435249079,0.40193081478130527,0.22586397697359512,0.12114036746172374,4.7534547825814,7.4091575401206065,26.61328673031764,0.0,0.08671045583470513,403,True
esophagus_gastroesophageal_junction,raw,ENSG00000103024.8,NME3,0.1517106131893568,26.67159761266257,6.02773436908659,0.5579244835470125,357.3829235053255,3.501598229625165,0.0,3.2300132484488264,0.0032581641160437835,4.7534547825814,7.4091575401206065,6.053845435249079,0.40193081478130527,0.22586397697359512,0.12114036746172374,4.7534547825814,7.4091575401206065,26.61328673031764,0.0,0.08671045583470513,403,True
esophagus_mucosa,excluded_at_or_below_-1,ENSG00000103024.8,NME3,-0.14973087684109668,33.87868458660767,4.988344937448996,0.8300306516450338,554.6677547380162,3.1613222998994623,0.0,2.2459053103955067,0.07403737198416167,3.6701775135752728,6.8437891775978335,5.04905477082215,0.5554311073917778,0.29865931919350996,-0.30903014013492136,3.6701775135752728,6.8437891775978335,33.649663854824105,0.0,2.491332679961612,614,True
esophagus_mucosa,raw,ENSG00000103024.8,NME3,-0.14973087684109668,33.87868458660767,4.988344937448996,0.8300306516450338,554.6677547380162,3.1613222998994623,0.0,2.2459053103955067,0.07403737198416167,3.6701775135752728,6.8437891775978335,5.04905477082215,0.5554311073917778,0.29865931919350996,-0.30903014013492136,3.6701775135752728,6.8437891775978335,33.649663854824105,0.0,2.491332679961612,614,True
esophagus_muscularis,excluded_at_or_below_-1,ENSG00000103024.8,NME3,-1.5748424471946603,30.399048247490374,5.792293887523889,0.647623002069665,561.7105134899732,2.091802892923101,0.08744042652908737,2.6864886364655374,0.0,4.562046998323958,6.750211210123766,5.793133065474374,0.40000393403163875,-0.06605372814156785,-0.3601252358969913,4.562046998323958,6.750211210123766,29.57550529187452,2.586094797534789,0.0,561,True
esophagus_muscularis,raw,ENSG00000103024.8,NME3,-1.5748424471946603,30.399048247490374,5.792293887523889,0.647623002069665,561.7105134899732,2.091802892923101,0.08744042652908737,2.6864886364655374,0.0,4.562046998323958,6.750211210123766,5.793133065474374,0.40000393403163875,-0.06605372814156785,-0.3601252358969913,4.562046998323958,6.750211210123766,29.57550529187452,2.586094797534789,0.0,561,True
fallopian_tube,excluded_at_or_below_-1,ENSG00000103024.8,NME3,0.538970585543416,5.687711258655447,6.665608251230704,0.03241986768834622,25.16307239901505,30.158128680740028,0.0,46.92076578228195,0.0,5.589982151347389,7.356962490485108,6.543170175137339,0.41073888678314907,-0.6910301163445657,0.15146649351331298,5.589982151347389,7.356962490485108,5.68138585516884,0.0,0.0,29,True
fallopian_tube,raw,ENSG00000103024.8,NME3,0.538970585543416,5.687711258655447,6.665608251230704,0.03241986768834622,25.16307239901505,30.158128680740028,0.0,46.92076578228195,0.0,5.589982151347389,7.356962490485108,6.543170175137339,0.41073888678314907,-0.6910301163445657,0.15146649351331298,5.589982151347389,7.356962490485108,5.68138585516884,0.0,0.0,29,True
heart_atrial_appendage,excluded_at_or_below_-1,ENSG00000103024.8,NME3,0.8557798432824978,28.23131178370245,4.623727270692052,0.6762198446177942,585.9704748434563,3.253170753675459,0.0016588733640275175,3.373334037539635,0.0,3.0107350894537497,6.179262219652758,4.623714622441352,0.5180994536446115,-0.05218257418140443,0.030150181089856343,3.0107350894537497,6.179262219652758,28.135863767972413,0.04667383497859634,0.0,461,True
heart_atrial_appendage,raw,ENSG00000103024.8,NME3,0.8557798432824978,28.23131178370245,4.623727270692052,0.6762198446177942,585.9704748434563,3.253170753675459,0.0016588733640275175,3.373334037539635,0.0,3.0107350894537497,6.179262219652758,4.623714622441352,0.5180994536446115,-0.05218257418140443,0.030150181089856343,3.0107350894537497,6.179262219652758,28.135863767972413,0.04667383497859634,0.0,461,True
heart_left_ventricle,excluded_at_or_below_-1,ENSG00000103024.8,NME3,1.3689364322319495,33.10825953885606,4.022519863447517,0.6951119568615595,479.2200923015793,3.9989143544972743,0.00026160020535332567,4.3573922192923416,0.0,1.880781505852442,5.988059762253159,3.9615486588758917,0.5993946027467828,-0.23081080553621222,0.5828778346624026,1.880781505852442,5.988059762253159,33.10537422737683,0.008660372696180474,0.0,452,True
heart_left_ventricle,raw,ENSG00000103024.8,NME3,1.3689364322319495,33.10825953885606,4.022519863447517,0.6951119568615595,479.2200923015793,3.9989143544972743,0.00026160020535332567,4.3573922192923416,0.0,1.880781505852442,5.988059762253159,3.9615486588758917,0.5993946027467828,-0.23081080553621222,0.5828778346624026,1.880781505852442,5.988059762253159,33.10537422737683,0.008660372696180474,0.0,452,True
kidney_cortex,excluded_at_or_below_-1,ENSG00000103024.8,NME3,1.1861076682980496,3.5349008664407737,5.12653685034562,0.6855185685099431,79.46308597659944,3.674489458733694,0.0,2.558998051053477,0.03671897863653844,3.886101369134252,6.907689867665828,5.321832356459827,0.685937263479588,0.29220725525157704,-0.597080164817354,3.886101369134252,6.907689867665828,3.53076403479849,0.0,0.12964604916442402,104,True
kidney_cortex,raw,ENSG00000103024.8,NME3,1.1861076682980496,3.5349008664407737,5.12653685034562,0.6855185685099431,79.46308597659944,3.674489458733694,0.0,2.558998051053477,0.03671897863653844,3.886101369134252,6.907689867665828,5.321832356459827,0.685937263479588,0.29220725525157704,-0.597080164817354,3.886101369134252,6.907689867665828,3.53076403479849,0.0,0.12964604916442402,104,True
kidney_medulla,excluded_at_or_below_-1,ENSG00000103024.8,NME3,0.2105263565026812,7.276106302084763,5.200889527442379,0.012896378826181776,6.315790613830791,135.95581317798286,0.0,15.346576334980263,0.0,5.060942303510576,6.440686483867197,5.691614552384582,0.49894228247914496,0.13313553396697786,-1.4495337488037479,5.060942303510576,6.440686483867197,7.262353286021369,0.0,0.0,11,True
kidney_medulla,raw,ENSG00000103024.8,NME3,0.2105263565026812,7.276106302084763,5.200889527442379,0.012896378826181776,6.315790613830791,135.95581317798286,0.0,15.346576334980263,0.0,5.060942303510576,6.440686483867197,5.691614552384582,0.49894228247914496,0.13313553396697786,-1.4495337488037479,5.060942303510576,6.440686483867197,7.262353286021369,0.0,0.0,11,True
liver,excluded_at_or_below_-1,ENSG00000103024.8,NME3,1.2730836690350085,14.550042438251948,4.605424753515984,0.4928884421816201,145.86217582293784,2.6624906587435078,0.028754799888648652,4.2224106634668965,0.0,3.1338100911060307,5.5333686709177545,4.527951930191089,0.4468864351219523,-0.5993991042972029,0.43060008208016276,3.1338100911060307,5.5333686709177545,14.547963077223882,0.418323767073022,0.0,262,True
liver,raw,ENSG00000103024.8,NME3,1.2730836690350085,14.550042438251948,4.605424753515984,0.4928884421816201,145.86217582293784,2.6624906587435078,0.028754799888648652,4.2224106634668965,0.0,3.1338100911060307,5.5333686709177545,4.527951930191089,0.4468864351219523,-0.5993991042972029,0.43060008208016276,3.1338100911060307,5.5333686709177545,14.547963077223882,0.418323767073022,0.0,262,True
lung,excluded_at_or_below_-1,ENSG00000103024.8,NME3,-0.18998947658374793,39.66310436613437,5.879658843694274,0.6286988301984077,484.4939045602421,2.4168604991081355,0.05362533628516472,4.034770142912209,0.0,4.085972701474155,6.95409159484983,5.88199414956931,0.4293084348163982,-0.12365224726505525,0.1361092189289863,4.085972701474155,6.95409159484983,39.65117852998339,2.1263077827734627,0.0,604,True
lung,raw,ENSG00000103024.8,NME3,-0.18998947658374793,39.66310436613437,5.879658843694274,0.6286988301984077,484.4939045602421,2.4168604991081355,0.05362533628516472,4.034770142912209,0.0,4.085972701474155,6.95409159484983,5.88199414956931,0.4293084348163982,-0.12365224726505525,0.1361092189289863,4.085972701474155,6.95409159484983,39.65117852998339,2.1263077827734627,0.0,604,True
minor_salivary_gland,excluded_at_or_below_-1,ENSG00000103024.8,NME3,0.7065567948854283,11.163947639785242,5.668308041438201,0.45812245924374545,204.3779963410958,3.1185964492380984,0.007584077632097643,4.203355080929895,0.0,4.306666901807923,6.678550845443254,5.591114826741712,0.41861399155764123,-0.5916108535310128,0.6979598702956697,4.306666901807923,6.678550845443254,11.162307479796219,0.08465580648011872,0.0,181,True
minor_salivary_gland,raw,ENSG00000103024.8,NME3,0.7065567948854283,11.163947639785242,5.668308041438201,0.45812245924374545,204.3779963410958,3.1185964492380984,0.007584077632097643,4.203355080929895,0.0,4.306666901807923,6.678550845443254,5.591114826741712,0.41861399155764123,-0.5916108535310128,0.6979598702956697,4.306666901807923,6.678550845443254,11.162307479796219,0.08465580648011872,0.0,181,True
muscle_skeletal,excluded_at_or_below_-1,ENSG00000103024.8,NME3,2.4797958601671373,52.68902334243189,3.6307231443997927,0.5805560203887578,1110.5465422999036,3.4804969229737854,0.001776090701651826,3.866788685451151,0.0,2.043348004860893,5.05951968287048,3.6540525070168672,0.48190929305110836,0.08555071175235714,0.23829096441168707,2.043348004860893,5.05951968287048,52.658933898278214,0.09352704285563007,0.0,818,True
muscle_skeletal,raw,ENSG00000103024.8,NME3,2.4797958601671373,52.68902334243189,3.6307231443997927,0.5805560203887578,1110.5465422999036,3.4804969229737854,0.001776090701651826,3.866788685451151,0.0,2.043348004860893,5.05951968287048,3.6540525070168672,0.48190929305110836,0.08555071175235714,0.23829096441168707,2.043348004860893,5.05951968287048,52.658933898278214,0.09352704285563007,0.0,818,True
nerve_tibial,excluded_at_or_below_-1,ENSG00000103024.8,NME3,2.353741321293972,46.996528859914974,6.257460268807719,0.3482721522905234,982.5995065228446,3.3148703867307066,0.0041033888509409205,4.864328550783081,0.0,5.059543476815783,7.073798815450967,6.227708359907282,0.31126945001685713,-0.4621438437046452,0.8224178454565427,5.059543476815783,7.073798815450967,46.995940916134195,0.19284261999474328,0.0,670,True
nerve_tibial,raw,ENSG00000103024.8,NME3,2.353741321293972,46.996528859914974,6.257460268807719,0.3482721522905234,982.5995065228446,3.3148703867307066,0.0041033888509409205,4.864328550783081,0.0,5.059543476815783,7.073798815450967,6.227708359907282,0.31126945001685713,-0.4621438437046452,0.8224178454565427,5.059543476815783,7.073798815450967,46.995940916134195,0.19284261999474328,0.0,670,True
ovary,excluded_at_or_below_-1,ENSG00000103024.8,NME3,-0.030488640236545565,9.734501344863533,6.50106389666902,0.5841532040626147,265.3023587503418,2.319885472920357,0.03780371208275665,2.633458146028956,0.0,5.413291119842994,7.4593127553426175,6.505677951896967,0.39182101141717113,0.018982714733508013,-0.3839594455520059,5.413291119842994,7.4593127553426175,9.430779402173389,0.3565184692357547,0.0,193,True
ovary,raw,ENSG00000103024.8,NME3,-0.030488640236545565,9.734501344863533,6.50106389666902,0.5841532040626147,265.3023587503418,2.319885472920357,0.03780371208275665,2.633458146028956,0.0,5.413291119842994,7.4593127553426175,6.505677951896967,0.39182101141717113,0.018982714733508013,-0.3839594455520059,5.413291119842994,7.4593127553426175,9.430779402173389,0.3565184692357547,0.0,193,True
pancreas,excluded_at_or_below_-1,ENSG00000103024.8,NME3,0.8809623979720579,25.282095069679052,4.45558092846731,0.6106095173660806,335.8263461504705,4.751892649247339,0.0,2.9953118343424823,0.011254022006640382,3.162306728452066,6.507287229645365,4.48840237840018,0.5125505977232419,0.5134413677428229,1.1703017833286493,3.162306728452066,6.507287229645365,25.281427462596906,0.0,0.28451774102334804,362,True
pancreas,raw,ENSG00000103024.8,NME3,0.8809623979720579,25.282095069679052,4.45558092846731,0.6106095173660806,335.8263461504705,4.751892649247339,0.0,2.9953118343424823,0.011254022006640382,3.162306728452066,6.507287229645365,4.48840237840018,0.5125505977232419,0.5134413677428229,1.1703017833286493,3.162306728452066,6.507287229645365,25.281427462596906,0.0,0.28451774102334804,362,True
pituitary,excluded_at_or_below_-1,ENSG00000103024.8,NME3,0.916124342860986,20.233932382653528,7.007667834574528,0.3802415971937904,195.89475788025123,3.1501973021666427,0.006843540633020058,4.184930567749186,0.0,5.882459644267089,7.854665830861176,6.961985232184961,0.31652270222195616,-0.41197725188876644,0.36493680205736734,5.882459644267089,7.854665830861176,20.23065239007741,0.1384492916639991,0.0,313,True
pituitary,raw,ENSG00000103024.8,NME3,0.916124342860986,20.233932382653528,7.007667834574528,0.3802415971937904,195.89475788025123,3.1501973021666427,0.006843540633020058,4.184930567749186,0.0,5.882459644267089,7.854665830861176,6.961985232184961,0.31652270222195616,-0.41197725188876644,0.36493680205736734,5.882459644267089,7.854665830861176,20.23065239007741,0.1384492916639991,0.0,313,True
prostate,excluded_at_or_below_-1,ENSG00000103024.8,NME3,-0.08443008832133303,20.075965639555942,6.818006134593793,0.6675312681904755,262.9027379270259,3.4120292448015213,0.001631729705128962,3.6383222416658856,0.0,5.100660236715811,8.428538142972643,6.7934962110662545,0.4790502159905131,-0.31734768908223593,0.7602879365009283,5.100660236715811,8.428538142972643,20.04914300645652,0.03271478220601369,0.0,282,True
prostate,raw,ENSG00000103024.8,NME3,-0.08443008832133303,20.075965639555942,6.818006134593793,0.6675312681904755,262.9027379270259,3.4120292448015213,0.001631729705128962,3.6383222416658856,0.0,5.100660236715811,8.428538142972643,6.7934962110662545,0.4790502159905131,-0.31734768908223593,0.7602879365009283,5.100660236715811,8.428538142972643,20.04914300645652,0.03271478220601369,0.0,282,True
skin_not_sun_exposed_suprapubic,excluded_at_or_below_-1,ENSG00000103024.8,NME3,1.173142395713673,48.417099912704074,5.594949756080703,0.4059601900736664,392.26282804994696,3.9460403407865985,0.00018244480422797342,4.089821310839853,0.0,4.420937088623438,6.727689060387744,5.598113763562481,0.32792994405664705,-0.0970340548693151,0.7188340059719214,4.420937088623438,6.727689060387744,48.405718821918235,0.0088313718939792,0.0,651,True
skin_not_sun_exposed_suprapubic,raw,ENSG00000103024.8,NME3,1.173142395713673,48.417099912704074,5.594949756080703,0.4059601900736664,392.26282804994696,3.9460403407865985,0.00018244480422797342,4.089821310839853,0.0,4.420937088623438,6.727689060387744,5.598113763562481,0.32792994405664705,-0.0970340548693151,0.7188340059719214,4.420937088623438,6.727689060387744,48.405718821918235,0.0088313718939792,0.0,651,True
skin_sun_exposed_lower_leg,excluded_at_or_below_-1,ENSG00000103024.8,NME3,0.539760066270543,55.19013155026336,5.42958831817458,0.46493907743680035,748.1154189011152,3.1763057773763155,0.006375164679437247,4.373503023936809,0.0,3.9917485779700623,6.473835606619774,5.423064270487235,0.34629293929448995,-0.2047324353706423,0.4217141089159302,3.9917485779700623,6.473835606619774,55.18625542557318,0.3518214663795163,0.0,754,True
skin_sun_exposed_lower_leg,raw,ENSG00000103024.8,NME3,0.539760066270543,55.19013155026336,5.42958831817458,0.46493907743680035,748.1154189011152,3.1763057773763155,0.006375164679437247,4.373503023936809,0.0,3.9917485779700623,6.473835606619774,5.423064270487235,0.34629293929448995,-0.2047324353706423,0.4217141089159302,3.9917485779700623,6.473835606619774,55.18625542557318,0.3518214663795163,0.0,754,True
small_intestine_terminal_ileum,excluded_at_or_below_-1,ENSG00000103024.8,NME3,0.9492146239963355,10.377630375981768,5.774185525802,0.4965050352410475,195.76222465411686,3.6301205562037553,0.0,2.485181916855949,0.04427585917208825,4.901682695933473,7.0486557915677714,5.820974511833246,0.4120207924100379,0.39492941725140246,-0.0846568540139625,4.901682695933473,7.0486557915677714,10.363257055526834,0.0,0.458842109954656,207,True
small_intestine_terminal_ileum,raw,ENSG00000103024.8,NME3,0.9492146239963355,10.377630375981768,5.774185525802,0.4965050352410475,195.76222465411686,3.6301205562037553,0.0,2.485181916855949,0.04427585917208825,4.901682695933473,7.0486557915677714,5.820974511833246,0.4120207924100379,0.39492941725140246,-0.0846568540139625,4.901682695933473,7.0486557915677714,10.363257055526834,0.0,0.458842109954656,207,True
spleen,excluded_at_or_below_-1,ENSG00000103024.8,NME3,0.9720700159539195,16.567736180089046,6.219303750349189,0.5079256679370819,227.19585219938256,3.6166841779297996,0.0,3.355829963440295,0.002144628540787865,5.014031632322362,7.518263663949448,6.260634897928516,0.42395383781535173,0.21065266107583416,0.1549516491041616,5.014031632322362,7.518263663949448,16.5437113233451,0.0,0.03548011547460128,277,True
spleen,raw,ENSG00000103024.8,NME3,0.9720700159539195,16.567736180089046,6.219303750349189,0.5079256679370819,227.19585219938256,3.6166841779297996,0.0,3.355829963440295,0.002144628540787865,5.014031632322362,7.518263663949448,6.260634897928516,0.42395383781535173,0.21065266107583416,0.1549516491041616,5.014031632322362,7.518263663949448,16.5437113233451,0.0,0.03548011547460128,277,True
stomach,excluded_at_or_below_-1,ENSG00000103024.8,NME3,0.8345578758628514,22.960674410204323,5.338761221593633,0.784077399453234,592.9838769740605,3.0613366113903204,0.0007212424609683369,3.087582466572281,0.0,3.6269238475233103,7.036047199449818,5.432642074008329,0.5853319767880079,0.22005793875600238,-0.3187991242441166,3.6269238475233103,7.036047199449818,22.765233212827145,0.01641925282693757,0.0,407,True
stomach,raw,ENSG00000103024.8,NME3,0.8345578758628514,22.960674410204323,5.338761221593633,0.784077399453234,592.9838769740605,3.0613366113903204,0.0007212424609683369,3.087582466572281,0.0,3.6269238475233103,7.036047199449818,5.432642074008329,0.5853319767880079,0.22005793875600238,-0.3187991242441166,3.6269238475233103,7.036047199449818,22.765233212827145,0.01641925282693757,0.0,407,True
testis,excluded_at_or_below_-1,ENSG00000103024.8,NME3,1.1401346183561598,26.056187228815904,5.011822063769456,0.5170515830000209,374.29719352174254,4.115335905543528,0.0,2.9656065011835127,0.012101638469389484,3.927564652591018,6.516432824938739,5.076467075225297,0.418868246815928,0.41310587834120976,0.15728481127382432,3.927564652591018,6.516432824938739,26.050682579326743,0.0,0.315255942455835,414,True
testis,raw,ENSG00000103024.8,NME3,1.1401346183561598,26.056187228815904,5.011822063769456,0.5170515830000209,374.29719352174254,4.115335905543528,0.0,2.9656065011835127,0.012101638469389484,3.927564652591018,6.516432824938739,5.076467075225297,0.418868246815928,0.41310587834120976,0.15728481127382432,3.927564652591018,6.516432824938739,26.050682579326743,0.0,0.315255942455835,414,True
thyroid,excluded_at_or_below_-1,ENSG00000103024.8,NME3,-0.29636691528483816,50.441187277659616,6.546872300366194,0.6574138666586178,1315.3716476139552,2.291735097499573,0.07235981820509052,4.897275703658297,0.0,4.270315886190092,7.612212410155768,6.498929988725187,0.4487376423073459,-0.5387169511926567,0.7595992113515369,4.270315886190092,7.612212410155768,50.440866062577854,3.6498918983954534,0.0,684,True
thyroid,raw,ENSG00000103024.8,NME3,-0.29636691528483816,50.441187277659616,6.546872300366194,0.6574138666586178,1315.3716476139552,2.291735097499573,0.07235981820509052,4.897275703658297,0.0,4.270315886190092,7.612212410155768,6.498929988725187,0.4487376423073459,-0.5387169511926567,0.7595992113515369,4.270315886190092,7.612212410155768,50.440866062577854,3.6498918983954534,0.0,684,True
uterus,excluded_at_or_below_-1,ENSG00000103024.8,NME3,1.3180600604832295,4.849756254571852,6.346165532093171,0.6446172591688519,146.4159967313168,2.617497998871671,0.0,2.1301232911732315,0.07330157565499996,5.375227143308599,7.539255763162158,6.405520381829119,0.5053293089308764,0.11891194434651237,-0.6412677714631934,5.375227143308599,7.539255763162158,4.691993222701274,0.0,0.34393049618658456,153,True
uterus,raw,ENSG00000103024.8,NME3,1.3180600604832295,4.849756254571852,6.346165532093171,0.6446172591688519,146.4159967313168,2.617497998871671,0.0,2.1301232911732315,0.07330157565499996,5.375227143308599,7.539255763162158,6.405520381829119,0.5053293089308764,0.11891194434651237,-0.6412677714631934,5.375227143308599,7.539255763162158,4.691993222701274,0.0,0.34393049618658456,153,True
vagina,excluded_at_or_below_-1,ENSG00000103024.8,NME3,1.3684801763810932,6.17516868263831,6.058900078026561,0.7799171506306295,149.25683442659263,2.2015845006361077,0.08086780353779162,3.0907809907455888,0.0,4.354381632113322,7.273040259038119,5.897259042018586,0.6461150756506832,-0.3355068413147851,-0.5967866872625125,4.354381632113322,7.273040259038119,6.123130527679293,0.49516411654862336,0.0,170,True
vagina,raw,ENSG00000103024.8,NME3,1.3684801763810932,6.17516868263831,6.058900078026561,0.7799171506306295,149.25683442659263,2.2015845006361077,0.08086780353779162,3.0907809907455888,0.0,4.354381632113322,7.273040259038119,5.897259042018586,0.6461150756506832,-0.3355068413147851,-0.5967866872625125,4.354381632113322,7.273040259038119,6.123130527679293,0.49516411654862336,0.0,170,True
whole_blood,excluded_at_or_below_-1,ENSG00000103024.8,NME3,1.8865303401862068,50.8641345765928,4.366991693399141,0.8952168707584086,929.639163691751,4.030051092741143,0.0,2.969218743957179,0.011884139320039806,2.4874348971100497,6.918070133197356,4.31860227454845,0.6973948304261033,-0.09630203637590565,-0.051123548409279795,2.4874348971100497,6.918070133197356,50.848971357810434,0.0,0.6042962598969328,803,True
whole_blood,raw,ENSG00000103024.8,NME3,1.8865303401862068,50.8641345765928,4.366991693399141,0.8952168707584086,929.639163691751,4.030051092741143,0.0,2.969218743957179,0.011884139320039806,2.4874348971100497,6.918070133197356,4.31860227454845,0.6973948304261033,-0.09630203637590565,-0.051123548409279795,2.4874348971100497,6.918070133197356,50.848971357810434,0.0,0.6042962598969328,803,True
adipose_subcutaneous,excluded_at_or_below_-1,ENSG00000103202.13,NME4,0.040650680062005576,50.60833568817963,5.413529615419948,0.6632997513339141,661.8948322266049,2.727495598569975,0.024174604578785,4.372995347795312,0.0,3.3624909293606215,6.692789834972647,5.380937464150297,0.4728244481167413,-0.33664055647376345,0.38885806387488264,3.3624909293606215,6.692789834972647,50.60474323282895,1.2233496574645861,0.0,714,True
adipose_subcutaneous,raw,ENSG00000103202.13,NME4,0.040650680062005576,50.60833568817963,5.413529615419948,0.6632997513339141,661.8948322266049,2.727495598569975,0.024174604578785,4.372995347795312,0.0,3.3624909293606215,6.692789834972647,5.380937464150297,0.4728244481167413,-0.33664055647376345,0.38885806387488264,3.3624909293606215,6.692789834972647,50.60474323282895,1.2233496574645861,0.0,714,True
adipose_visceral_omentum,excluded_at_or_below_-1,ENSG00000103202.13,NME4,1.7280733711156717,40.38294384859863,5.467889930426203,0.6583275247953525,453.1356017620807,2.929384869276757,0.01368931203805586,4.8759913864231414,0.0,3.198077629262208,6.831541603323364,5.395625060515203,0.5667718329599363,-0.5982006744327851,0.9606718207581353,3.198077629262208,6.831541603323364,40.382538230465535,0.5528091667255628,0.0,587,True
adipose_visceral_omentum,raw,ENSG00000103202.13,NME4,1.7280733711156717,40.38294384859863,5.467889930426203,0.6583275247953525,453.1356017620807,2.929384869276757,0.01368931203805586,4.8759913864231414,0.0,3.198077629262208,6.831541603323364,5.395625060515203,0.5667718329599363,-0.5982006744327851,0.9606718207581353,3.198077629262208,6.831541603323364,40.382538230465535,0.5528091667255628,0.0,587,True
adrenal_gland,excluded_at_or_below_-1,ENSG00000103202.13,NME4,0.45223810581455753,22.57872454054609,5.84113807254535,0.47456458614015623,293.0002552965363,4.365330036614034,0.0,3.80948323923124,0.0006331347117405658,4.562798021980418,7.306002430595113,5.807583253839788,0.38578045032499536,-0.038892020902778573,1.2036301700642333,4.562798021980418,7.306002430595113,22.57704263792811,0.0,0.014294309382519077,295,True
adrenal_gland,raw,ENSG00000103202.13,NME4,0.45223810581455753,22.57872454054609,5.84113807254535,0.47456458614015623,293.0002552965363,4.365330036614034,0.0,3.80948323923124,0.0006331347117405658,4.562798021980418,7.306002430595113,5.807583253839788,0.38578045032499536,-0.038892020902778573,1.2036301700642333,4.562798021980418,7.306002430595113,22.57704263792811,0.0,0.014294309382519077,295,True
artery_aorta,excluded_at_or_below_-1,ENSG00000103202.13,NME4,-0.8491206067178523,28.354859558610535,6.088050917570343,0.5298633383459734,483.0958334921202,2.860409303721115,0.0,2.729040185715234,0.007544569967922528,5.065561541314522,7.159760355968235,6.093257888549989,0.3461406444974166,0.03581322342030401,-0.15518905870354516,5.065561541314522,7.159760355968235,27.880419282541368,0.0,0.2103457740121497,472,True
artery_aorta,raw,ENSG00000103202.13,NME4,-0.8491206067178523,28.354859558610535,6.088050917570343,0.5298633383459734,483.0958334921202,2.860409303721115,0.0,2.729040185715234,0.007544569967922528,5.065561541314522,7.159760355968235,6.093257888549989,0.3461406444974166,0.03581322342030401,-0.15518905870354516,5.065561541314522,7.159760355968235,27.880419282541368,0.0,0.2103457740121497,472,True
artery_coronary,excluded_at_or_below_-1,ENSG00000103202.13,NME4,0.36988345245914134,18.2417391493613,5.999834952238579,0.5535503924483294,217.52784858914302,2.6278204945127905,0.031630542527011696,4.564893504137286,0.0,4.213047823383862,7.02841444314687,5.940713570823572,0.4389255820688871,-0.6927513032542176,1.1808652093368233,4.213047823383862,7.02841444314687,18.24116149494477,0.5769778344079388,0.0,268,True
artery_coronary,raw,ENSG00000103202.13,NME4,0.36988345245914134,18.2417391493613,5.999834952238579,0.5535503924483294,217.52784858914302,2.6278204945127905,0.031630542527011696,4.564893504137286,0.0,4.213047823383862,7.02841444314687,5.940713570823572,0.4389255820688871,-0.6927513032542176,1.1808652093368233,4.213047823383862,7.02841444314687,18.24116149494477,0.5769778344079388,0.0,268,True
artery_tibial,excluded_at_or_below_-1,ENSG00000103202.13,NME4,1.4977810280268025,41.66444509733149,6.044011732016076,0.5622951507537437,594.1868310308215,3.055783049233224,0.007595399440220681,3.555140349190834,0.0,4.630478280077935,7.258999366172299,6.002371732847266,0.4393557192122591,-0.28140376999474453,0.2333940040045297,4.630478280077935,7.258999366172299,41.58937654599713,0.31588792733659377,0.0,691,True
artery_tibial,raw,ENSG00000103202.13,NME4,1.4977810280268025,41.66444509733149,6.044011732016076,0.5622951507537437,594.1868310308215,3.055783049233224,0.007595399440220681,3.555140349190834,0.0,4.630478280077935,7.258999366172299,6.002371732847266,0.4393557192122591,-0.28140376999474453,0.2333940040045297,4.630478280077935,7.258999366172299,41.58937654599713,0.31588792733659377,0.0,691,True
bladder,excluded_at_or_below_-1,ENSG00000103202.13,NME4,1.263058636276924,1.7109781541219218,7.009233880864492,0.7811774891211443,37.72606518466835,1.2009618695577726,0.48617676410402005,4.535078336693317,0.0,4.504165903662367,7.672616274268432,6.377630999150525,0.8623733809862483,-0.43341197674443815,-0.9427014683596564,4.504165903662367,7.672616274268432,1.7109062442275378,0.8318028615039066,0.0,77,True
bladder,raw,ENSG00000103202.13,NME4,1.263058636276924,1.7109781541219218,7.009233880864492,0.7811774891211443,37.72606518466835,1.2009618695577726,0.48617676410402005,4.535078336693317,0.0,4.504165903662367,7.672616274268432,6.377630999150525,0.8623733809862483,-0.43341197674443815,-0.9427014683596564,4.504165903662367,7.672616274268432,1.7109062442275378,0.8318028615039066,0.0,77,True
brain_amygdala,excluded_at_or_below_-1,ENSG00000103202.13,NME4,0.42255882016762036,11.500680422711547,4.567749394410094,0.5587297744885551,132.5232000526601,2.1833153201271194,0.09222171960947688,4.742464178067776,0.0,2.694089000229257,5.43033713144539,4.494758073030111,0.44978428255712916,-0.754710438805096,1.2645815849585942,2.694089000229257,5.43033713144539,11.500508347009285,1.0605966561443387,0.0,181,True
brain_amygdala,raw,ENSG00000103202.13,NME4,0.42255882016762036,11.500680422711547,4.567749394410094,0.5587297744885551,132.5232000526601,2.1833153201271194,0.09222171960947688,4.742464178067776,0.0,2.694089000229257,5.43033713144539,4.494758073030111,0.44978428255712916,-0.754710438805096,1.2645815849585942,2.694089000229257,5.43033713144539,11.500508347009285,1.0605966561443387,0.0,181,True
brain_anterior_cingulate_cortex_ba24,excluded_at_or_below_-1,ENSG00000103202.13,NME4,0.955553269810237,15.931689552202858,4.555165731232047,0.3832968072024937,249.23247475778055,3.3897559242320483,0.0031885548783754025,4.808531802825838,0.0,3.2519008380132153,5.473897284600581,4.48024917303757,0.3582564439105261,-0.6535150452077891,0.8072444212321774,3.2519008380132153,5.473897284600581,15.931374476397039,0.05079806180594115,0.0,233,True
brain_anterior_cingulate_cortex_ba24,raw,ENSG00000103202.13,NME4,0.955553269810237,15.931689552202858,4.555165731232047,0.3832968072024937,249.23247475778055,3.3897559242320483,0.0031885548783754025,4.808531802825838,0.0,3.2519008380132153,5.473897284600581,4.48024917303757,0.3582564439105261,-0.6535150452077891,0.8072444212321774,3.2519008380132153,5.473897284600581,15.931374476397039,0.05079806180594115,0.0,233,True
brain_caudate_basal_ganglia,excluded_at_or_below_-1,ENSG00000103202.13,NME4,1.9214610298597812,24.45671757014176,4.407026548212512,0.38504824489235684,291.8114682338362,4.0553827857447855,0.00026839134864415016,6.933596081131895,0.0,2.5192147828152107,5.51118653194045,4.262996720604289,0.44388609179225336,-0.8509703427962636,1.0046548627897822,2.5192147828152107,5.51118653194045,24.456704889352647,0.006563968008645338,0.0,300,True
brain_caudate_basal_ganglia,raw,ENSG00000103202.13,NME4,1.9214610298597812,24.45671757014176,4.407026548212512,0.38504824489235684,291.8114682338362,4.0553827857447855,0.00026839134864415016,6.933596081131895,0.0,2.5192147828152107,5.51118653194045,4.262996720604289,0.44388609179225336,-0.8509703427962636,1.0046548627897822,2.5192147828152107,5.51118653194045,24.456704889352647,0.006563968008645338,0.0,300,True
brain_cerebellar_hemisphere,excluded_at_or_below_-1,ENSG00000103202.13,NME4,1.5420783573871908,17.536349973026315,5.0557640184164985,0.39566256959292684,152.56600120342176,3.019867364099464,0.010462348849261885,5.136015264597435,0.0,3.6188318243501794,5.900649481899411,4.975190977795913,0.40201394623521586,-0.7318657008695756,0.823837313853407,3.6188318243501794,5.900649481899411,17.53624609920205,0.18347032419635978,0.0,277,True
brain_cerebellar_hemisphere,raw,ENSG00000103202.13,NME4,1.5420783573871908,17.536349973026315,5.0557640184164985,0.39566256959292684,152.56600120342176,3.019867364099464,0.010462348849261885,5.136015264597435,0.0,3.6188318243501794,5.900649481899411,4.975190977795913,0.40201394623521586,-0.7318657008695756,0.823837313853407,3.6188318243501794,5.900649481899411,17.53624609920205,0.18347032419635978,0.0,277,True
brain_cerebellum,excluded_at_or_below_-1,ENSG00000103202.13,NME4,1.473188720990295,14.9340824569253,5.127202288324939,0.3069579197146095,346.07434020120854,2.6598410802201995,0.029057610981594945,4.543303921428164,0.0,4.141068964859543,5.70452618513852,5.063342677727514,0.2947316895990355,-0.7528803913582339,0.5053634727827068,4.141068964859543,5.70452618513852,14.933552604824383,0.4339333621641708,0.0,266,True
brain_cerebellum,raw,ENSG00000103202.13,NME4,1.473188720990295,14.9340824569253,5.127202288324939,0.3069579197146095,346.07434020120854,2.6598410802201995,0.029057610981594945,4.543303921428164,0.0,4.141068964859543,5.70452618513852,5.063342677727514,0.2947316895990355,-0.7528803913582339,0.5053634727827068,4.141068964859543,5.70452618513852,14.933552604824383,0.4339333621641708,0.0,266,True
brain_cortex,excluded_at_or_below_-1,ENSG00000103202.13,NME4,1.2497190566628744,19.968434745726274,4.535440022942965,0.34118037455104183,182.23844160395134,3.4433182065716075,0.002663129380145257,5.654299139788222,0.0,3.171334947398768,5.3661438336497325,4.473353575360022,0.34378630581377095,-0.7501985523536,1.1475555273590405,3.171334947398768,5.3661438336497325,19.968242686503203,0.05317801376829734,0.0,270,True
brain_cortex,raw,ENSG00000103202.13,NME4,1.2497190566628744,19.968434745726274,4.535440022942965,0.34118037455104183,182.23844160395134,3.4433182065716075,0.002663129380145257,5.654299139788222,0.0,3.171334947398768,5.3661438336497325,4.473353575360022,0.34378630581377095,-0.7501985523536,1.1475555273590405,3.171334947398768,5.3661438336497325,19.968242686503203,0.05317801376829734,0.0,270,True
brain_frontal_cortex_ba9,excluded_at_or_below_-1,ENSG00000103202.13,NME4,0.4286745105194768,22.18849473074148,4.425081355418685,0.40137018666931,196.19609400735234,4.279781299445208,7.391081862776641e-05,4.553571999428131,0.0,3.1327248881566065,5.639732851321229,4.409570792710805,0.32750447491491486,-0.23958106112770014,1.3737067126932994,3.1327248881566065,5.639732851321229,22.18768360565968,0.0016399098587481786,0.0,269,True
brain_frontal_cortex_ba9,raw,ENSG00000103202.13,NME4,0.4286745105194768,22.18849473074148,4.425081355418685,0.40137018666931,196.19609400735234,4.279781299445208,7.391081862776641e-05,4.553571999428131,0.0,3.1327248881566065,5.639732851321229,4.409570792710805,0.32750447491491486,-0.23958106112770014,1.3737067126932994,3.1327248881566065,5.639732851321229,22.18768360565968,0.0016399098587481786,0.0,269,True
brain_hippocampus,excluded_at_or_below_-1,ENSG00000103202.13,NME4,2.0602097435135813,14.77283582279054,4.372964734431942,0.482998582608153,217.61517862461957,2.728308950830518,0.024189502662957926,5.826913111187195,0.0,2.382889933450935,5.304768382218361,4.192672706082029,0.5584191858862406,-0.7910946442988086,0.32501407272651717,2.382889933450935,5.304768382218361,14.772834291819354,0.35734751444140045,0.0,255,True
brain_hippocampus,raw,ENSG00000103202.13,NME4,2.0602097435135813,14.77283582279054,4.372964734431942,0.482998582608153,217.61517862461957,2.728308950830518,0.024189502662957926,5.826913111187195,0.0,2.382889933450935,5.304768382218361,4.192672706082029,0.5584191858862406,-0.7910946442988086,0.32501407272651717,2.382889933450935,5.304768382218361,14.772834291819354,0.35734751444140045,0.0,255,True
brain_hypothalamus,excluded_at_or_below_-1,ENSG00000103202.13,NME4,1.394328497787987,13.553036607657868,4.699616402615435,0.6123637779873226,275.91484023238047,2.131777927173121,0.10304726257238943,4.5104294982030115,0.0,2.7465707514124467,5.622690272111619,4.554061498382198,0.544996643102674,-0.6868598183234962,0.16062969845352537,2.7465707514124467,5.622690272111619,13.55246827476841,1.396544756814038,0.0,257,True
brain_hypothalamus,raw,ENSG00000103202.13,NME4,1.394328497787987,13.553036607657868,4.699616402615435,0.6123637779873226,275.91484023238047,2.131777927173121,0.10304726257238943,4.5104294982030115,0.0,2.7465707514124467,5.622690272111619,4.554061498382198,0.544996643102674,-0.6868598183234962,0.16062969845352537,2.7465707514124467,5.622690272111619,13.55246827476841,1.396544756814038,0.0,257,True
brain_nucleus_accumbens_basal_ganglia,excluded_at_or_below_-1,ENSG00000103202.13,NME4,1.1226551720262263,21.1552099480464,4.653879011154212,0.4241476679488392,196.77555569571535,2.622082091376879,0.03214059046742389,6.174497133785017,0.0,2.802038080101965,5.44028782084042,4.556025871582966,0.40899296053901574,-0.9505951474571238,1.4585893495103148,2.802038080101965,5.44028782084042,21.154747422780574,0.6799260733573813,0.0,285,True
brain_nucleus_accumbens_basal_ganglia,raw,ENSG00000103202.13,NME4,1.1226551720262263,21.1552099480464,4.653879011154212,0.4241476679488392,196.77555569571535,2.622082091376879,0.03214059046742389,6.174497133785017,0.0,2.802038080101965,5.44028782084042,4.556025871582966,0.40899296053901574,-0.9505951474571238,1.4585893495103148,2.802038080101965,5.44028782084042,21.154747422780574,0.6799260733573813,0.0,285,True
brain_putamen_basal_ganglia,excluded_at_or_below_-1,ENSG00000103202.13,NME4,0.8486646449016636,18.256688486334838,4.173476183800128,0.5018788964156229,320.6478537000245,3.724961232834769,0.000944274998819827,4.592707098856807,0.0,2.543607236378483,5.495397767969528,4.079574929374818,0.44994033495086233,-0.5658463913407235,0.6788091757049677,2.543607236378483,5.495397767969528,18.25609461012902,0.01723877371643423,0.0,254,True
brain_putamen_basal_ganglia,raw,ENSG00000103202.13,NME4,0.8486646449016636,18.256688486334838,4.173476183800128,0.5018788964156229,320.6478537000245,3.724961232834769,0.000944274998819827,4.592707098856807,0.0,2.543607236378483,5.495397767969528,4.079574929374818,0.44994033495086233,-0.5658463913407235,0.6788091757049677,2.543607236378483,5.495397767969528,18.25609461012902,0.01723877371643423,0.0,254,True
brain_spinal_cord_cervical_c-1,excluded_at_or_below_-1,ENSG00000103202.13,NME4,0.4254051119770302,12.708072505958942,4.150605554103948,0.6991858898067881,139.07456210601265,2.007718879248451,0.133243028440389,4.655269689709069,0.0,1.849044483774526,5.14321992891849,4.07215943251888,0.5364828565992619,-0.6872143598580638,1.0152195462179083,1.849044483774526,5.14321992891849,12.707631197371185,1.6932032650413034,0.0,204,True
brain_spinal_cord_cervical_c-1,raw,ENSG00000103202.13,NME4,0.4254051119770302,12.708072505958942,4.150605554103948,0.6991858898067881,139.07456210601265,2.007718879248451,0.133243028440389,4.655269689709069,0.0,1.849044483774526,5.14321992891849,4.07215943251888,0.5364828565992619,-0.6872143598580638,1.0152195462179083,1.849044483774526,5.14321992891849,12.707631197371185,1.6932032650413034,0.0,204,True
brain_substantia_nigra,excluded_at_or_below_-1,ENSG00000103202.13,NME4,1.0660661541388003,9.625954627354236,4.3273780031614,0.4740110234741237,144.84076972591086,2.847959117946378,0.01701535712068476,4.0132356075133435,0.0,2.9822361035404925,5.281946713452188,4.249148621874649,0.43701805634230323,-0.46049025072974104,0.14385927571807944,2.9822361035404925,5.281946713452188,9.62280775198622,0.16373551040373924,0.0,183,True
brain_substantia_nigra,raw,ENSG00000103202.13,NME4,1.0660661541388003,9.625954627354236,4.3273780031614,0.4740110234741237,144.84076972591086,2.847959117946378,0.01701535712068476,4.0132356075133435,0.0,2.9822361035404925,5.281946713452188,4.249148621874649,0.43701805634230323,-0.46049025072974104,0.14385927571807944,2.9822361035404925,5.281946713452188,9.62280775198622,0.16373551040373924,0.0,183,True
breast_mammary_tissue,excluded_at_or_below_-1,ENSG00000103202.13,NME4,0.21600089316770907,38.616435000064946,5.2558841534417775,0.5905798585106987,416.6104224276488,3.936025944354526,0.0,3.7245634328114527,0.0005398010128376947,3.7004952053448408,6.899580485564832,5.243516491495879,0.4329642702714223,-0.10512819066895991,0.46160777477102855,3.7004952053448408,6.899580485564832,38.59956621514269,0.0,0.020836084938029686,514,True
breast_mammary_tissue,raw,ENSG00000103202.13,NME4,0.21600089316770907,38.616435000064946,5.2558841534417775,0.5905798585106987,416.6104224276488,3.936025944354526,0.0,3.7245634328114527,0.0005398010128376947,3.7004952053448408,6.899580485564832,5.243516491495879,0.4329642702714223,-0.10512819066895991,0.46160777477102855,3.7004952053448408,6.899580485564832,38.59956621514269,0.0,0.020836084938029686,514,True
cells_cultured_fibroblasts,excluded_at_or_below_-1,ENSG00000103202.13,NME4,3.1848687890337355,94.78674197505869,6.478746329641215,0.2921992534605668,1324.9166336347807,4.186869421546133,0.00015612557992091412,13.929018985029414,0.0,3.600787118138544,7.343820850111625,6.317325672001014,0.4554039335168743,-2.174558138583334,6.838921369401902,3.600787118138544,7.343820850111625,94.778410446431,0.014797334294931463,0.0,652,True
cells_cultured_fibroblasts,raw,ENSG00000103202.13,NME4,3.1848687890337355,94.78674197505869,6.478746329641215,0.2921992534605668,1324.9166336347807,4.186869421546133,0.00015612557992091412,13.929018985029414,0.0,3.600787118138544,7.343820850111625,6.317325672001014,0.4554039335168743,-2.174558138583334,6.838921369401902,3.600787118138544,7.343820850111625,94.778410446431,0.014797334294931463,0.0,652,True
cells_ebv-transformed_lymphocytes,excluded_at_or_below_-1,ENSG00000103202.13,NME4,1.207957476356787,28.11707549972946,5.664058691834513,0.6086287021481062,249.95467073638213,1.8720283344951076,0.17338646953777478,7.937751410019618,0.0,2.247924476187671,6.469715069288806,5.485201861608127,0.5843810968791046,-1.4304928007676263,3.7994969125524687,2.247924476187671,6.469715069288806,28.116715756735058,4.875058080057415,0.0,327,True
cells_ebv-transformed_lymphocytes,raw,ENSG00000103202.13,NME4,1.207957476356787,28.11707549972946,5.664058691834513,0.6086287021481062,249.95467073638213,1.8720283344951076,0.17338646953777478,7.937751410019618,0.0,2.247924476187671,6.469715069288806,5.485201861608127,0.5843810968791046,-1.4304928007676263,3.7994969125524687,2.247924476187671,6.469715069288806,28.116715756735058,4.875058080057415,0.0,327,True
cervix_ectocervix,excluded_at_or_below_-1,ENSG00000103202.13,NME4,0.5263159495814842,8.449985827125643,6.123809650141047,0.02467324665076518,9.473686200134388,48.03315619964776,0.0,110.6888310052413,0.0,4.192663675063294,6.961825874748558,5.5563313387804145,0.8024259168584368,-0.09200217072343839,-1.0436460369400034,4.192663675063294,6.961825874748558,8.428058221935846,0.0,0.0,24,True
cervix_ectocervix,raw,ENSG00000103202.13,NME4,0.5263159495814842,8.449985827125643,6.123809650141047,0.02467324665076518,9.473686200134388,48.03315619964776,0.0,110.6888310052413,0.0,4.192663675063294,6.961825874748558,5.5563313387804145,0.8024259168584368,-0.09200217072343839,-1.0436460369400034,4.192663675063294,6.961825874748558,8.428058221935846,0.0,0.0,24,True
cervix_endocervix,excluded_at_or_below_-1,ENSG00000103202.13,NME4,0.41366225819406993,0.41208974779293145,6.042176153217203,0.2673326241923303,18.91358455149245,4.078908260557318,0.0,2.244477716076534,0.08032934219829009,5.617896444873089,6.8132232412572815,6.177984431625463,0.33173121521869947,0.28628123296827307,-0.825686566821842,5.617896444873089,6.8132232412572815,0.4119858222386658,0.0,0.0330945500954537,23,True
cervix_endocervix,raw,ENSG00000103202.13,NME4,0.41366225819406993,0.41208974779293145,6.042176153217203,0.2673326241923303,18.91358455149245,4.078908260557318,0.0,2.244477716076534,0.08032934219829009,5.617896444873089,6.8132232412572815,6.177984431625463,0.33173121521869947,0.28628123296827307,-0.825686566821842,5.617896444873089,6.8132232412572815,0.4119858222386658,0.0,0.0330945500954537,23,True
colon_sigmoid,excluded_at_or_below_-1,ENSG00000103202.13,NME4,1.0872196123078963,35.32559123450153,6.776427133604174,0.6397938936471653,294.34027489771756,2.100054991463563,0.11023854254995546,7.165683999789711,0.0,3.5346530558774587,7.726497473480586,6.613108636354123,0.7114299199416301,-2.0448164242366325,5.623378251725704,3.5346530558774587,7.726497473480586,35.325351334108284,3.894215246137222,0.0,419,True
colon_sigmoid,raw,ENSG00000103202.13,NME4,1.0872196123078963,35.32559123450153,6.776427133604174,0.6397938936471653,294.34027489771756,2.100054991463563,0.11023854254995546,7.165683999789711,0.0,3.5346530558774587,7.726497473480586,6.613108636354123,0.7114299199416301,-2.0448164242366325,5.623378251725704,3.5346530558774587,7.726497473480586,35.325351334108284,3.894215246137222,0.0,419,True
colon_transverse,excluded_at_or_below_-1,ENSG00000103202.13,NME4,-47748.83620546489,47764.96434030714,5.506813157764097,174.50680647817094,1175.661634265272,0.015173554211901488,0.6665253282697676,0.026277295091369973,0.0,2.264327743054338,7.379153063767465,5.215260117434262,1.2370127239783713,-0.1161029637341987,-1.2291100806516355,2.264327743054338,7.379153063767465,16.48790931745316,10.989609170297626,0.0,479,True
colon_transverse,raw,ENSG00000103202.13,NME4,-47748.83620546489,47764.96434030714,5.506813157764097,174.50680647817094,1175.661634265272,0.015173554211901488,0.6665253282697676,0.026277295091369973,0.0,2.264327743054338,7.379153063767465,5.215260117434262,1.2370127239783713,-0.1161029637341987,-1.2291100806516355,2.264327743054338,7.379153063767465,16.48790931745316,10.989609170297626,0.0,479,True
esophagus_gastroesophageal_junction,excluded_at_or_below_-1,ENSG00000103202.13,NME4,0.5893717095161427,25.398631895123426,6.263627359399746,0.7201907158495937,324.8410990960458,2.626892835050813,0.031477773373400915,4.0560098713053945,0.0,4.198097279341151,7.60137710361858,6.225844880976071,0.5487390669826165,-0.39670195545707293,0.4581576873662714,4.198097279341151,7.60137710361858,25.39150820840381,0.7992681409929842,0.0,403,True
esophagus_gastroesophageal_junction,raw,ENSG00000103202.13,NME4,0.5893717095161427,25.398631895123426,6.263627359399746,0.7201907158495937,324.8410990960458,2.626892835050813,0.031477773373400915,4.0560098713053945,0.0,4.198097279341151,7.60137710361858,6.225844880976071,0.5487390669826165,-0.39670195545707293,0.4581576873662714,4.198097279341151,7.60137710361858,25.39150820840381,0.7992681409929842,0.0,403,True
esophagus_mucosa,excluded_at_or_below_-1,ENSG00000103202.13,NME4,0.6743232703389345,49.15019591362903,4.070442396501714,0.707064038631799,289.7637506452154,4.272191045055339,0.0,4.122507728386636,9.516034458418998e-05,2.00931312912812,6.206408798248408,4.0991112695117495,0.5451606043639363,0.30218386766408123,0.6627346457512608,2.00931312912812,6.206408798248408,49.14472423925731,0.0,0.004676628893102719,614,True
esophagus_mucosa,raw,ENSG00000103202.13,NME4,0.6743232703389345,49.15019591362903,4.070442396501714,0.707064038631799,289.7637506452154,4.272191045055339,0.0,4.122507728386636,9.516034458418998e-05,2.00931312912812,6.206408798248408,4.0991112695117495,0.5451606043639363,0.30218386766408123,0.6627346457512608,2.00931312912812,6.206408798248408,49.14472423925731,0.0,0.004676628893102719,614,True
esophagus_muscularis,excluded_at_or_below_-1,ENSG00000103202.13,NME4,1.5749332893321188,32.02724017426509,6.121209652325297,0.5907898147724754,512.6342623745829,3.175881034659351,0.001602899514941445,3.264051353713215,0.0,4.757647354540361,7.447938668455903,6.09639635590616,0.4646264240528005,-0.18623248587849228,-0.06526686449098307,4.757647354540361,7.447938668455903,31.871338887961222,0.05108655364404746,0.0,561,True
esophagus_muscularis,raw,ENSG00000103202.13,NME4,1.5749332893321188,32.02724017426509,6.121209652325297,0.5907898147724754,512.6342623745829,3.175881034659351,0.001602899514941445,3.264051353713215,0.0,4.757647354540361,7.447938668455903,6.09639635590616,0.4646264240528005,-0.18623248587849228,-0.06526686449098307,4.757647354540361,7.447938668455903,31.871338887961222,0.05108655364404746,0.0,561,True
fallopian_tube,excluded_at_or_below_-1,ENSG00000103202.13,NME4,0.2810926904756348,1.2239411094454697,6.249764980593757,0.40862932964162635,20.478468853149927,3.2211059446900463,0.004464324663747957,3.6850411842882895,0.0,5.184992340236171,7.1804860526464545,6.212310807603213,0.4496164745622675,-0.2880404898947012,0.037129275582500565,5.184992340236171,7.1804860526464545,1.2225521151031424,0.0054578695601721905,0.0,29,True
fallopian_tube,raw,ENSG00000103202.13,NME4,0.2810926904756348,1.2239411094454697,6.249764980593757,0.40862932964162635,20.478468853149927,3.2211059446900463,0.004464324663747957,3.6850411842882895,0.0,5.184992340236171,7.1804860526464545,6.212310807603213,0.4496164745622675,-0.2880404898947012,0.037129275582500565,5.184992340236171,7.1804860526464545,1.2225521151031424,0.0054578695601721905,0.0,29,True
heart_atrial_appendage,excluded_at_or_below_-1,ENSG00000103202.13,NME4,0.5027744761282489,29.768418897736343,4.348837691028995,0.6896085212752683,319.01881414860384,3.0962246634790356,0.007087752658234975,3.666212658554325,0.0,2.56109391780154,5.858640006978284,4.339514758664547,0.5126105745189463,-0.11428454333040963,0.13317834428910347,2.56109391780154,5.858640006978284,29.73239792334921,0.21073588241691843,0.0,461,True
heart_atrial_appendage,raw,ENSG00000103202.13,NME4,0.5027744761282489,29.768418897736343,4.348837691028995,0.6896085212752683,319.01881414860384,3.0962246634790356,0.007087752658234975,3.666212658554325,0.0,2.56109391780154,5.858640006978284,4.339514758664547,0.5126105745189463,-0.11428454333040963,0.13317834428910347,2.56109391780154,5.858640006978284,29.73239792334921,0.21073588241691843,0.0,461,True
heart_left_ventricle,excluded_at_or_below_-1,ENSG00000103202.13,NME4,3.1629510900201168,37.98173783925673,4.211360166029321,0.5627535100754436,415.35779319355146,3.493158325273633,0.0022404590632866908,8.204499039606572,0.0,0.9465699279824265,5.601381561028774,3.9438551038852236,0.7615632032633796,-1.064919903091291,1.1685683791229877,0.9465699279824265,5.601381561028774,37.98162208741748,0.08509626944408444,0.0,452,True
heart_left_ventricle,raw,ENSG00000103202.13,NME4,3.1629510900201168,37.98173783925673,4.211360166029321,0.5627535100754436,415.35779319355146,3.493158325273633,0.0022404590632866908,8.204499039606572,0.0,0.9465699279824265,5.601381561028774,3.9438551038852236,0.7615632032633796,-1.064919903091291,1.1685683791229877,0.9465699279824265,5.601381561028774,37.98162208741748,0.08509626944408444,0.0,452,True
kidney_cortex,excluded_at_or_below_-1,ENSG00000103202.13,NME4,-0.685610230191314,5.263796558656705,3.9404942569241377,1.4896220687605428,118.42119648433017,2.105569856049782,0.0,1.6349248516541475,0.1726083698368785,2.2183921610409936,6.158337027167101,4.03470841175364,0.8075120692539028,0.32598422605321564,-0.6099938735434844,2.2183921610409936,6.158337027167101,4.690214105963126,0.0,0.8095702110162277,104,True
kidney_cortex,raw,ENSG00000103202.13,NME4,-0.685610230191314,5.263796558656705,3.9404942569241377,1.4896220687605428,118.42119648433017,2.105569856049782,0.0,1.6349248516541475,0.1726083698368785,2.2183921610409936,6.158337027167101,4.03470841175364,0.8075120692539028,0.32598422605321564,-0.6099938735434844,2.2183921610409936,6.158337027167101,4.690214105963126,0.0,0.8095702110162277,104,True
kidney_medulla,excluded_at_or_below_-1,ENSG00000103202.13,NME4,0.18672282209113789,0.43184044123385545,5.571154332230587,0.2976846157449488,9.109219097215018,0.4152117965959706,0.9174193423041839,7.693317300770911,0.0,3.951750965287226,5.658554260650898,4.878008876793195,0.6712737099352062,-0.26664188614698425,-1.6398872498576162,3.951750965287226,5.658554260650898,0.4318362071439585,0.3961748891411437,0.0,11,True
kidney_medulla,raw,ENSG00000103202.13,NME4,0.18672282209113789,0.43184044123385545,5.571154332230587,0.2976846157449488,9.109219097215018,0.4152117965959706,0.9174193423041839,7.693317300770911,0.0,3.951750965287226,5.658554260650898,4.878008876793195,0.6712737099352062,-0.26664188614698425,-1.6398872498576162,3.951750965287226,5.658554260650898,0.4318362071439585,0.3961748891411437,0.0,11,True
liver,excluded_at_or_below_-1,ENSG00000103202.13,NME4,0.39339914010807275,17.64925852892534,5.089003182342443,0.6446421511171064,256.81409718710296,2.7168690553558084,0.024905037251348724,4.445485239752288,0.0,3.0626139268862547,6.3274358764888285,5.04249021781618,0.4931590994690415,-0.41102438849470335,0.603706162654225,3.0626139268862547,6.3274358764888285,17.64829705027782,0.4395314954600369,0.0,262,True
liver,raw,ENSG00000103202.13,NME4,0.39339914010807275,17.64925852892534,5.089003182342443,0.6446421511171064,256.81409718710296,2.7168690553558084,0.024905037251348724,4.445485239752288,0.0,3.0626139268862547,6.3274358764888285,5.04249021781618,0.4931590994690415,-0.41102438849470335,0.603706162654225,3.0626139268862547,6.3274358764888285,17.64829705027782,0.4395314954600369,0.0,262,True
lung,excluded_at_or_below_-1,ENSG00000103202.13,NME4,-0.19020134806270578,40.22483289671873,4.916631459159965,0.6308197177910055,343.24214713186234,3.611212938035432,0.0,2.9724990274066254,0.01060253731845904,3.5907277572776337,6.527437908104028,4.935775728912398,0.4384700108449775,0.24617559265769293,0.09265769566456017,3.5907277572776337,6.527437908104028,40.165100778518266,0.0,0.4258519799039082,604,True
lung,raw,ENSG00000103202.13,NME4,-0.19020134806270578,40.22483289671873,4.916631459159965,0.6308197177910055,343.24214713186234,3.611212938035432,0.0,2.9724990274066254,0.01060253731845904,3.5907277572776337,6.527437908104028,4.935775728912398,0.4384700108449775,0.24617559265769293,0.09265769566456017,3.5907277572776337,6.527437908104028,40.165100778518266,0.0,0.4258519799039082,604,True
minor_salivary_gland,excluded_at_or_below_-1,ENSG00000103202.13,NME4,1.052447192061518,19.063142008164604,5.05676143212947,0.38363709206192337,83.9610692349161,4.618425574027777,2.3349688032436834e-05,9.14209315864798,0.0,2.5767639776731257,6.309612772454123,4.857598178654443,0.5883955412219566,-1.5586768627207628,2.9500117016419445,2.5767639776731257,6.309612772454123,19.063133296629402,0.00044511821539705565,0.0,181,True
minor_salivary_gland,raw,ENSG00000103202.13,NME4,1.052447192061518,19.063142008164604,5.05676143212947,0.38363709206192337,83.9610692349161,4.618425574027777,2.3349688032436834e-05,9.14209315864798,0.0,2.5767639776731257,6.309612772454123,4.857598178654443,0.5883955412219566,-1.5586768627207628,2.9500117016419445,2.5767639776731257,6.309612772454123,19.063133296629402,0.00044511821539705565,0.0,181,True
muscle_skeletal,excluded_at_or_below_-1,ENSG00000103202.13,NME4,0.1919146919073909,58.11914533370111,2.9941421677225435,0.7089742481792616,588.5165260068063,2.776218890088625,0.021138852707700266,4.395548622358871,0.0,0.7905635408544993,4.385917605852858,2.986852614454825,0.5042507457553308,-0.0929843750033172,0.14500846830359215,0.7905635408544993,4.385917605852858,58.1153749346828,1.2284923507970356,0.0,818,True
muscle_skeletal,raw,ENSG00000103202.13,NME4,0.1919146919073909,58.11914533370111,2.9941421677225435,0.7089742481792616,588.5165260068063,2.776218890088625,0.021138852707700266,4.395548622358871,0.0,0.7905635408544993,4.385917605852858,2.986852614454825,0.5042507457553308,-0.0929843750033172,0.14500846830359215,0.7905635408544993,4.385917605852858,58.1153749346828,1.2284923507970356,0.0,818,True
nerve_tibial,excluded_at_or_below_-1,ENSG00000103202.13,NME4,-0.46400580790967894,41.759119537072976,5.168607953233175,0.56060062270622,580.0327826072357,2.944585246234296,0.005469796541855636,3.121028215787972,0.0,3.931418318084682,6.335854800930284,5.148817575215211,0.38255996704724055,-0.15355368832098634,-0.06383576841021643,3.931418318084682,6.335854800930284,41.43872106717656,0.22666137319216262,0.0,670,True
nerve_tibial,raw,ENSG00000103202.13,NME4,-0.46400580790967894,41.759119537072976,5.168607953233175,0.56060062270622,580.0327826072357,2.944585246234296,0.005469796541855636,3.121028215787972,0.0,3.931418318084682,6.335854800930284,5.148817575215211,0.38255996704724055,-0.15355368832098634,-0.06383576841021643,3.931418318084682,6.335854800930284,41.43872106717656,0.22666137319216262,0.0,670,True
ovary,excluded_at_or_below_-1,ENSG00000103202.13,NME4,0.22632237556201307,9.270805729919847,5.960219765087814,0.591064114289,76.16268316115722,2.3660302283356414,0.02949793341116778,2.6199087385307065,0.0,4.865240845879053,6.949091317801196,5.957929507515664,0.41252235760097444,-0.06646180102246389,-0.25051608741197473,4.865240845879053,6.949091317801196,8.97112084372055,0.2646295252716081,0.0,193,True
ovary,raw,ENSG00000103202.13,NME4,0.22632237556201307,9.270805729919847,5.960219765087814,0.591064114289,76.16268316115722,2.3660302283356414,0.02949793341116778,2.6199087385307065,0.0,4.865240845879053,6.949091317801196,5.957929507515664,0.41252235760097444,-0.06646180102246389,-0.25051608741197473,4.865240845879053,6.949091317801196,8.97112084372055,0.2646295252716081,0.0,193,True
pancreas,excluded_at_or_below_-1,ENSG00000103202.13,NME4,1.9472908680063556,25.859953281964245,3.067156680884863,0.5344031402211954,390.5044583382155,5.180965005563194,0.0,3.944959464621599,0.0004159646104384002,1.5764350656844797,5.024940174138235,3.129486581296066,0.5549667907664984,0.34559730281335505,0.9741996822243526,1.5764350656844797,5.024940174138235,25.85990264362653,0.0,0.010756804329131064,362,True
pancreas,raw,ENSG00000103202.13,NME4,1.9472908680063556,25.859953281964245,3.067156680884863,0.5344031402211954,390.5044583382155,5.180965005563194,0.0,3.944959464621599,0.0004159646104384002,1.5764350656844797,5.024940174138235,3.129486581296066,0.5549667907664984,0.34559730281335505,0.9741996822243526,1.5764350656844797,5.024940174138235,25.85990264362653,0.0,0.010756804329131064,362,True
pituitary,excluded_at_or_below_-1,ENSG00000103202.13,NME4,1.0105130597208292,20.570134293065134,5.484724151422959,0.38951672649721414,436.7733644424818,3.3276372197862094,0.0038133064942118206,4.235503897267746,0.0,4.318139657379847,6.401255000304369,5.484430274697103,0.33505671185273067,-0.3087309790496905,0.5861035466582587,4.318139657379847,6.401255000304369,20.567183553352944,0.07842897461164733,0.0,313,True
pituitary,raw,ENSG00000103202.13,NME4,1.0105130597208292,20.570134293065134,5.484724151422959,0.38951672649721414,436.7733644424818,3.3276372197862094,0.0038133064942118206,4.235503897267746,0.0,4.318139657379847,6.401255000304369,5.484430274697103,0.33505671185273067,-0.3087309790496905,0.5861035466582587,4.318139657379847,6.401255000304369,20.567183553352944,0.07842897461164733,0.0,313,True
prostate,excluded_at_or_below_-1,ENSG00000103202.13,NME4,0.7728196217585689,18.411093508791655,6.463711775446993,0.5893394825414181,300.44234275289153,3.71776660030454,0.0,3.632488098014515,0.0003672940247936528,4.949959741822413,8.013001573486147,6.47201390410906,0.48829505990548383,0.02845659749507515,0.47763089860164465,4.949959741822413,8.013001573486147,18.392739238610197,0.0,0.006755543221929283,282,True
prostate,raw,ENSG00000103202.13,NME4,0.7728196217585689,18.411093508791655,6.463711775446993,0.5893394825414181,300.44234275289153,3.71776660030454,0.0,3.632488098014515,0.0003672940247936528,4.949959741822413,8.013001573486147,6.47201390410906,0.48829505990548383,0.02845659749507515,0.47763089860164465,4.949959741822413,8.013001573486147,18.392739238610197,0.0,0.006755543221929283,282,True
skin_not_sun_exposed_suprapubic,excluded_at_or_below_-1,ENSG00000103202.13,NME4,0.6159749016992816,37.92678841603414,3.9444631094033857,0.6157312959747462,565.1120934927021,3.1725848398045944,0.0,2.8821453252633664,0.00925001876573481,2.6896122696659353,5.325767763082953,3.937749494520426,0.4487693992980882,0.05283002469355226,0.02659726858482392,2.6896122696659353,5.325767763082953,37.67941356274832,0.0,0.3485352825373047,651,True
skin_not_sun_exposed_suprapubic,raw,ENSG00000103202.13,NME4,0.6159749016992816,37.92678841603414,3.9444631094033857,0.6157312959747462,565.1120934927021,3.1725848398045944,0.0,2.8821453252633664,0.00925001876573481,2.6896122696659353,5.325767763082953,3.937749494520426,0.4487693992980882,0.05283002469355226,0.02659726858482392,2.6896122696659353,5.325767763082953,37.67941356274832,0.0,0.3485352825373047,651,True
skin_sun_exposed_lower_leg,excluded_at_or_below_-1,ENSG00000103202.13,NME4,-0.3960267068428972,41.81632008693261,3.9385163124031917,0.7109459865934415,617.278160065883,2.7241483753678497,0.0,2.6849893476941906,0.0028018421321065346,2.588732622317402,5.307985822441644,3.940109435862675,0.48416041681273986,0.011298022547293753,-0.20334019716882024,2.588732622317402,5.307985822441644,40.79307610140493,0.0,0.11429575931914449,754,True
skin_sun_exposed_lower_leg,raw,ENSG00000103202.13,NME4,-0.3960267068428972,41.81632008693261,3.9385163124031917,0.7109459865934415,617.278160065883,2.7241483753678497,0.0,2.6849893476941906,0.0028018421321065346,2.588732622317402,5.307985822441644,3.940109435862675,0.48416041681273986,0.011298022547293753,-0.20334019716882024,2.588732622317402,5.307985822441644,40.79307610140493,0.0,0.11429575931914449,754,True
small_intestine_terminal_ileum,excluded_at_or_below_-1,ENSG00000103202.13,NME4,2.227632706073725,9.157667168624128,4.119241525516433,0.9663195216621803,163.1998654130536,5.068705122464593,0.0,2.692267442637826,0.026669235781371783,2.279639179325597,7.582642556098863,4.5618576786716805,1.1498208203265843,0.6069601049380187,-0.3860558711478479,2.279639179325597,7.582642556098863,9.157609772783019,0.0,0.2442264542241448,207,True
small_intestine_terminal_ileum,raw,ENSG00000103202.13,NME4,2.227632706073725,9.157667168624128,4.119241525516433,0.9663195216621803,163.1998654130536,5.068705122464593,0.0,2.692267442637826,0.026669235781371783,2.279639179325597,7.582642556098863,4.5618576786716805,1.1498208203265843,0.6069601049380187,-0.3860558711478479,2.279639179325597,7.582642556098863,9.157609772783019,0.0,0.2442264542241448,207,True
spleen,excluded_at_or_below_-1,ENSG00000103202.13,NME4,1.858567810709843,14.970647541081714,4.669422646624797,0.4163915675462436,311.74081358509045,3.5977146181430735,0.000835502963296765,3.807371126541512,0.0,3.548405797549578,5.728709637847566,4.677180030618439,0.40859970320035616,0.03941032593938329,0.16173316558749562,3.548405797549578,5.728709637847566,14.959994408384418,0.012499119659108215,0.0,277,True
spleen,raw,ENSG00000103202.13,NME4,1.858567810709843,14.970647541081714,4.669422646624797,0.4163915675462436,311.74081358509045,3.5977146181430735,0.000835502963296765,3.807371126541512,0.0,3.548405797549578,5.728709637847566,4.677180030618439,0.40859970320035616,0.03941032593938329,0.16173316558749562,3.548405797549578,5.728709637847566,14.959994408384418,0.012499119659108215,0.0,277,True
stomach,excluded_at_or_below_-1,ENSG00000103202.13,NME4,6.119389471103118,23.8298676389725,4.150096355223581,0.44165490241843036,698.4923168918095,11.726136198746657,0.0,2.982317790121445,0.011713099864656486,3.218726930108885,7.812135580694104,4.991807105261305,1.1608968003396551,0.6829362346492363,-0.8885442627074811,3.218726930108885,7.812135580694104,23.828383473482514,0.0,0.2791042352382309,407,True
stomach,raw,ENSG00000103202.13,NME4,6.119389471103118,23.8298676389725,4.150096355223581,0.44165490241843036,698.4923168918095,11.726136198746657,0.0,2.982317790121445,0.011713099864656486,3.218726930108885,7.812135580694104,4.991807105261305,1.1608968003396551,0.6829362346492363,-0.8885442627074811,3.218726930108885,7.812135580694104,23.828383473482514,0.0,0.2791042352382309,407,True
testis,excluded_at_or_below_-1,ENSG00000103202.13,NME4,1.2976399923600395,21.540834912621314,5.0920773807189725,0.5062422217271698,226.3689633031824,3.4304334276105384,0.0,2.4952169694645443,0.041797619289702714,4.198871279517819,6.320060399752243,5.138583185959775,0.39298200240859765,0.330162052643486,-0.10490848477848758,4.198871279517819,6.320060399752243,21.480813010856632,0.0,0.8978468442610783,414,True
testis,raw,ENSG00000103202.13,NME4,1.2976399923600395,21.540834912621314,5.0920773807189725,0.5062422217271698,226.3689633031824,3.4304334276105384,0.0,2.4952169694645443,0.041797619289702714,4.198871279517819,6.320060399752243,5.138583185959775,0.39298200240859765,0.330162052643486,-0.10490848477848758,4.198871279517819,6.320060399752243,21.480813010856632,0.0,0.8978468442610783,414,True
thyroid,excluded_at_or_below_-1,ENSG00000103202.13,NME4,0.0027580982938000035,57.46112322731229,5.216903029110173,0.6548013755955613,282.5321047679582,2.4777256140069897,0.046441957726818674,5.891663011994357,0.0,2.488977666602854,6.364125898107176,5.207284469740643,0.460602115351459,-0.35466146647683233,1.3201164238287308,2.488977666602854,6.364125898107176,57.46050456522735,2.6685783239799603,0.0,684,True
thyroid,raw,ENSG00000103202.13,NME4,0.0027580982938000035,57.46112322731229,5.216903029110173,0.6548013755955613,282.5321047679582,2.4777256140069897,0.046441957726818674,5.891663011994357,0.0,2.488977666602854,6.364125898107176,5.207284469740643,0.460602115351459,-0.35466146647683233,1.3201164238287308,2.488977666602854,6.364125898107176,57.46050456522735,2.6685783239799603,0.0,684,True
uterus,excluded_at_or_below_-1,ENSG00000103202.13,NME4,-1.3802871306938906,8.362407392229287,5.911577380852533,0.8737106738117911,126.43342620497937,1.7732451188312455,0.08683633356261755,2.011554526489977,0.0,4.668825431988779,7.007100170923742,5.92077786298027,0.4673580615308908,0.06063051326904801,-0.5234581658753656,4.668825431988779,7.007100170923742,7.256584353144982,0.630135179414969,0.0,153,True
uterus,raw,ENSG00000103202.13,NME4,-1.3802871306938906,8.362407392229287,5.911577380852533,0.8737106738117911,126.43342620497937,1.7732451188312455,0.08683633356261755,2.011554526489977,0.0,4.668825431988779,7.007100170923742,5.92077786298027,0.4673580615308908,0.06063051326904801,-0.5234581658753656,4.668825431988779,7.007100170923742,7.256584353144982,0.630135179414969,0.0,153,True
vagina,excluded_at_or_below_-1,ENSG00000103202.13,NME4,-0.9791161686754678,7.861821867210604,5.425078169789115,1.7266084850206846,193.2889049823508,1.1008947756987062,0.48764102090629613,2.088239271152346,0.0,2.8755540100329413,6.769156823402579,5.227902677670222,0.8424786587723829,-0.37939150671943705,-0.7613913311021197,2.8755540100329413,6.769156823402579,6.973434100360956,3.4005325239227955,0.0,170,True
vagina,raw,ENSG00000103202.13,NME4,-0.9791161686754678,7.861821867210604,5.425078169789115,1.7266084850206846,193.2889049823508,1.1008947756987062,0.48764102090629613,2.088239271152346,0.0,2.8755540100329413,6.769156823402579,5.227902677670222,0.8424786587723829,-0.37939150671943705,-0.7613913311021197,2.8755540100329413,6.769156823402579,6.973434100360956,3.4005325239227955,0.0,170,True
whole_blood,excluded_at_or_below_-1,ENSG00000103202.13,NME4,0.14149007446042497,50.09062287190413,3.916047507362504,1.0177276374053335,1284.946241931086,2.767386965645212,0.019673878737250655,3.5124607410596336,0.0,1.3883328349907431,5.907575713050427,3.8259168223278803,0.7158424302843138,-0.3527664974886536,-0.13606033902674897,1.3883328349907431,5.907575713050427,49.98573104121799,0.9834132110977486,0.0,803,True
whole_blood,raw,ENSG00000103202.13,NME4,0.14149007446042497,50.09062287190413,3.916047507362504,1.0177276374053335,1284.946241931086,2.767386965645212,0.019673878737250655,3.5124607410596336,0.0,1.3883328349907431,5.907575713050427,3.8259168223278803,0.7158424302843138,-0.3527664974886536,-0.13606033902674897,1.3883328349907431,5.907575713050427,49.98573104121799,0.9834132110977486,0.0,803,True
adipose_subcutaneous,excluded_at_or_below_-1,ENSG00000112981.5,NME5,-0.3933727693423169,44.77506850590857,0.043719860518652405,0.6066928663160095,534.4311023672997,3.7917262834343863,0.0,2.303205564971921,0.06978140992097825,-0.944347587783159,1.6703576954170756,0.0775985919807121,0.40586443138746775,0.2591052210353018,-0.1619769623565963,-0.944347587783159,1.6703576954170756,44.74096400618295,0.0,3.122087549575186,713,True
adipose_subcutaneous,raw,ENSG00000112981.5,NME5,-0.6151462135890047,45.45509333818971,0.04122650544313907,0.6173093547166809,609.0452993469592,3.7322282679541963,0.0,2.385378796301984,0.057243394094347214,-1.0,1.6703576954170756,0.07608935025524892,0.4075797606046624,0.24066645273573486,-0.1412595259110745,-1.0,1.6703576954170756,45.41170277142964,0.0,2.5995199982403063,714,True
adipose_visceral_omentum,excluded_at_or_below_-1,ENSG00000112981.5,NME5,0.02472115449252139,27.008669169531963,0.10273202979041053,0.7482580857198364,331.6757322739247,2.667624355234349,0.0,1.7643701205675646,0.1877300178784938,-0.8307933188859369,1.5141677185542743,0.14284211905265456,0.4760787958033891,0.22307397941679222,-0.442577309119331,-0.8307933188859369,1.5141677185542743,26.238964079208678,0.0,4.925841195703002,586,True
adipose_visceral_omentum,raw,ENSG00000112981.5,NME5,-0.770253821013907,30.05036779199564,0.11224520155855752,0.7448254430667205,419.2336531925486,2.661855680934316,0.0,2.1118401141777405,0.08094350907796823,-1.0,1.5141677185542743,0.14089519891798225,0.4780055079825092,0.20889877912523247,-0.428702570532554,-1.0,1.5141677185542743,29.180890330131803,0.0,2.3620036613402187,587,True
adrenal_gland,excluded_at_or_below_-1,ENSG00000112981.5,NME5,1.2041155529766223,22.369376269206313,1.8030113904616267,0.5596890297003928,379.35678849582354,2.8277987100454354,0.01834826666361653,6.237802008364162,0.0,-0.6656605600930732,2.9221407485180944,1.6639467832873667,0.553971508941797,-1.0516354237038388,1.8040462906964043,-0.6656605600930732,2.9221407485180944,22.369313695585262,0.4104381327686877,0.0,295,True
adrenal_gland,raw,ENSG00000112981.5,NME5,1.2041155529766223,22.369376269206313,1.8030113904616267,0.5596890297003928,379.35678849582354,2.8277987100454354,0.01834826666361653,6.237802008364162,0.0,-0.6656605600930732,2.9221407485180944,1.6639467832873667,0.553971508941797,-1.0516354237038388,1.8040462906964043,-0.6656605600930732,2.9221407485180944,22.369313695585262,0.4104381327686877,0.0,295,True
artery_aorta,excluded_at_or_below_-1,ENSG00000112981.5,NME5,0.29999404007728003,31.823248546181382,0.17160436785603045,0.554530844292156,305.3307870326326,4.336728701873084,0.0,2.5641104970432624,0.03727450981594062,-0.8338154616623795,1.8720899893347929,0.18115196045395837,0.4016436691659737,0.20647041369385882,0.30400232164301144,-0.8338154616623795,1.8720899893347929,31.820230354637644,0.0,1.1860834886994325,472,True
artery_aorta,raw,ENSG00000112981.5,NME5,0.29999404007728003,31.823248546181382,0.17160436785603045,0.554530844292156,305.3307870326326,4.336728701873084,0.0,2.5641104970432624,0.03727450981594062,-0.8338154616623795,1.8720899893347929,0.18115196045395837,0.4016436691659737,0.20647041369385882,0.30400232164301144,-0.8338154616623795,1.8720899893347929,31.820230354637644,0.0,1.1860834886994325,472,True
artery_coronary,excluded_at_or_below_-1,ENSG00000112981.5,NME5,-0.2875634747736628,14.456242208670817,0.8015639248165181,0.7525746421527562,102.48867977797646,2.4626810906158103,0.020305866869328754,2.6678915895544155,0.0,-0.6181562728473559,2.1120812256098795,0.7993396624600001,0.4988809557641225,-0.06489307250325081,-0.282421043140646,-0.6181562728473559,2.1120812256098795,14.044517596053366,0.28518610454940474,0.0,268,True
artery_coronary,raw,ENSG00000112981.5,NME5,-0.2875634747736628,14.456242208670817,0.8015639248165181,0.7525746421527562,102.48867977797646,2.4626810906158103,0.020305866869328754,2.6678915895544155,0.0,-0.6181562728473559,2.1120812256098795,0.7993396624600001,0.4988809557641225,-0.06489307250325081,-0.282421043140646,-0.6181562728473559,2.1120812256098795,14.044517596053366,0.28518610454940474,0.0,268,True
artery_tibial,excluded_at_or_below_-1,ENSG00000112981.5,NME5,0.8244509744164994,38.79476667861779,-0.19080928897044427,0.6654374751471753,700.7871119224883,4.0535002868554635,0.0,1.5242755835843738,0.3127666150094291,-0.9080348359145906,1.7165058918196552,-0.09993664347970324,0.4473604580781049,0.6116478606725302,0.3141708332221955,-0.9080348359145906,1.7165058918196552,38.78411587504321,0.0,12.130376638370727,686,True
artery_tibial,raw,ENSG00000112981.5,NME5,0.7547979082770507,40.52067034881458,-0.17969957916184504,0.6486839132743861,685.5438369263229,4.133969471467062,0.0,1.7883594099226185,0.20192022008880992,-1.0,1.7165058918196552,-0.10644940293354041,0.45222678623913276,0.5738868794146083,0.2964814964234104,-1.0,1.7165058918196552,40.51275848637749,0.0,8.180345109974144,691,True
bladder,excluded_at_or_below_-1,ENSG00000112981.5,NME5,0.08270285736843701,4.1569126148138995,0.6586833141054264,0.6275069709624552,61.89492445139207,3.4862794474462055,0.0,2.056257623636889,0.11872000886197187,-0.2537078743665957,2.2055958273220724,0.6884147741241715,0.4521787922859376,0.41617608134447837,0.5317900174420802,-0.2537078743665957,2.2055958273220724,4.147363850012425,0.0,0.492375073027297,77,True
bladder,raw,ENSG00000112981.5,NME5,0.08270285736843701,4.1569126148138995,0.6586833141054264,0.6275069709624552,61.89492445139207,3.4862794474462055,0.0,2.056257623636889,0.11872000886197187,-0.2537078743665957,2.2055958273220724,0.6884147741241715,0.4521787922859376,0.41617608134447837,0.5317900174420802,-0.2537078743665957,2.2055958273220724,4.147363850012425,0.0,0.492375073027297,77,True
brain_amygdala,excluded_at_or_below_-1,ENSG00000112981.5,NME5,1.8211392579876058,7.182095426774242,2.9325967017203434,0.8931171510248604,223.1972301313873,2.2766924976266156,0.07480833909406251,4.306044053586263,0.0,0.2132041717313593,4.370394479467522,2.594829832713365,0.8900452961251939,-0.5293220489816914,-0.40739107745307823,0.2132041717313593,4.370394479467522,7.18140711024906,0.5372291382760233,0.0,181,True
brain_amygdala,raw,ENSG00000112981.5,NME5,1.8211392579876058,7.182095426774242,2.9325967017203434,0.8931171510248604,223.1972301313873,2.2766924976266156,0.07480833909406251,4.306044053586263,0.0,0.2132041717313593,4.370394479467522,2.594829832713365,0.8900452961251939,-0.5293220489816914,-0.40739107745307823,0.2132041717313593,4.370394479467522,7.18140711024906,0.5372291382760233,0.0,181,True
brain_anterior_cingulate_cortex_ba24,excluded_at_or_below_-1,ENSG00000112981.5,NME5,1.9492332259663143,12.671665977882464,3.1138426218447552,0.7731324066586608,232.75693574281226,2.693181252125523,0.02660638734823359,5.473544546006957,0.0,0.121526057784449,4.586170252142557,2.793704335386887,0.8745145193695991,-0.7539724582577879,0.02127933693495354,0.121526057784449,4.586170252142557,12.671407556707518,0.3371403777010944,0.0,233,True
brain_anterior_cingulate_cortex_ba24,raw,ENSG00000112981.5,NME5,1.9492332259663143,12.671665977882464,3.1138426218447552,0.7731324066586608,232.75693574281226,2.693181252125523,0.02660638734823359,5.473544546006957,0.0,0.121526057784449,4.586170252142557,2.793704335386887,0.8745145193695991,-0.7539724582577879,0.02127933693495354,0.121526057784449,4.586170252142557,12.671407556707518,0.3371403777010944,0.0,233,True
brain_caudate_basal_ganglia,excluded_at_or_below_-1,ENSG00000112981.5,NME5,4.007181748111093,17.218556850455155,3.356199048402141,0.5873235707595671,480.81494247295694,3.7836835766978343,0.0007785386120537698,8.572350760438756,0.0,-0.2039023340057045,4.927564652591018,2.7981831259032823,1.01114743778427,-0.6462504257317117,-0.26099065344227546,-0.2039023340057045,4.927564652591018,17.21788991324369,0.013404792115551345,0.0,300,True
brain_caudate_basal_ganglia,raw,ENSG00000112981.5,NME5,4.007181748111093,17.218556850455155,3.356199048402141,0.5873235707595671,480.81494247295694,3.7836835766978343,0.0007785386120537698,8.572350760438756,0.0,-0.2039023340057045,4.927564652591018,2.7981831259032823,1.01114743778427,-0.6462504257317117,-0.26099065344227546,-0.2039023340057045,4.927564652591018,17.21788991324369,0.013404792115551345,0.0,300,True
brain_cerebellar_hemisphere,excluded_at_or_below_-1,ENSG00000112981.5,NME5,1.770898347311622,15.41019815950966,2.304595624371798,0.7154248796216993,204.8566271249842,1.850719549496604,0.18039968135690407,5.4045794436760035,0.0,-0.4294826653382704,3.240840931403315,2.0519060406842877,0.7028585415670118,-0.9151715541222877,0.61920002272349,-0.4294826653382704,3.240840931403315,15.410144139230507,2.779985092381146,0.0,277,True
brain_cerebellar_hemisphere,raw,ENSG00000112981.5,NME5,1.770898347311622,15.41019815950966,2.304595624371798,0.7154248796216993,204.8566271249842,1.850719549496604,0.18039968135690407,5.4045794436760035,0.0,-0.4294826653382704,3.240840931403315,2.0519060406842877,0.7028585415670118,-0.9151715541222877,0.61920002272349,-0.4294826653382704,3.240840931403315,15.410144139230507,2.779985092381146,0.0,277,True
brain_cerebellum,excluded_at_or_below_-1,ENSG00000112981.5,NME5,0.17818694878020375,19.719877778580795,1.9938089650581494,0.6541742253706212,194.16541856872803,2.6890675773984194,0.026897265857318043,4.921695516502929,0.0,-0.282824803476565,3.2376937263257526,1.9082951889639153,0.49264255410360996,-0.7278659076779153,1.2028529508963528,-0.282824803476565,3.2376937263257526,19.719564552901854,0.5304023703699462,0.0,266,True
brain_cerebellum,raw,ENSG00000112981.5,NME5,0.17818694878020375,19.719877778580795,1.9938089650581494,0.6541742253706212,194.16541856872803,2.6890675773984194,0.026897265857318043,4.921695516502929,0.0,-0.282824803476565,3.2376937263257526,1.9082951889639153,0.49264255410360996,-0.7278659076779153,1.2028529508963528,-0.282824803476565,3.2376937263257526,19.719564552901854,0.5304023703699462,0.0,266,True
brain_cortex,excluded_at_or_below_-1,ENSG00000112981.5,NME5,0.8271964624649238,15.405907227373495,2.825591123271618,0.7533084070040139,184.50365278512325,2.038256370812446,0.12520629308330591,4.347068627994241,0.0,0.5100403249915877,3.911308090365327,2.6714626797016754,0.631200361668536,-0.9947469565010361,1.2159834797616247,0.5100403249915877,3.911308090365327,15.404655805495578,1.928759849630329,0.0,270,True
brain_cortex,raw,ENSG00000112981.5,NME5,0.8271964624649238,15.405907227373495,2.825591123271618,0.7533084070040139,184.50365278512325,2.038256370812446,0.12520629308330591,4.347068627994241,0.0,0.5100403249915877,3.911308090365327,2.6714626797016754,0.631200361668536,-0.9947469565010361,1.2159834797616247,0.5100403249915877,3.911308090365327,15.404655805495578,1.928759849630329,0.0,270,True
brain_frontal_cortex_ba9,excluded_at_or_below_-1,ENSG00000112981.5,NME5,1.993752421549702,15.868926401003275,3.5040885102937778,0.6645140433899019,527.9578463304781,2.116495252444973,0.10648396105605752,6.148050344296447,0.0,0.6152279435788257,4.498592350051677,3.1866297286638914,0.739619690869095,-0.9947350685657348,0.6878094046310057,0.6152279435788257,4.498592350051677,15.868684728325343,1.6897604066218506,0.0,269,True
brain_frontal_cortex_ba9,raw,ENSG00000112981.5,NME5,1.993752421549702,15.868926401003275,3.5040885102937778,0.6645140433899019,527.9578463304781,2.116495252444973,0.10648396105605752,6.148050344296447,0.0,0.6152279435788257,4.498592350051677,3.1866297286638914,0.739619690869095,-0.9947350685657348,0.6878094046310057,0.6152279435788257,4.498592350051677,15.868684728325343,1.6897604066218506,0.0,269,True
brain_hippocampus,excluded_at_or_below_-1,ENSG00000112981.5,NME5,1.8899267290683905,11.172152532392213,2.898319451114911,1.1090791643125832,217.63073109059422,2.57389115435426,0.03513693310693907,3.63802110878928,0.0,0.0452472430412305,4.916861152633161,2.5933071350650287,0.9912066135037794,-0.4794981779696494,-0.4424890886858046,0.0452472430412305,4.916861152633161,11.157196759281865,0.39202967619184426,0.0,255,True
brain_hippocampus,raw,ENSG00000112981.5,NME5,1.8899267290683905,11.172152532392213,2.898319451114911,1.1090791643125832,217.63073109059422,2.57389115435426,0.03513693310693907,3.63802110878928,0.0,0.0452472430412305,4.916861152633161,2.5933071350650287,0.9912066135037794,-0.4794981779696494,-0.4424890886858046,0.0452472430412305,4.916861152633161,11.157196759281865,0.39202967619184426,0.0,255,True
brain_hypothalamus,excluded_at_or_below_-1,ENSG00000112981.5,NME5,0.7783380525547984,16.835187587663686,3.011059612329073,1.0282986845030466,291.24809887229446,3.038727382452871,0.009827856472648598,4.425852762542707,0.0,-0.2070530508601785,5.220569868118372,2.8211108621320045,0.8873071321068717,-0.6955090842878798,0.6490158815819873,-0.2070530508601785,5.220569868118372,16.834216952380064,0.16544426803741918,0.0,257,True
brain_hypothalamus,raw,ENSG00000112981.5,NME5,0.7783380525547984,16.835187587663686,3.011059612329073,1.0282986845030466,291.24809887229446,3.038727382452871,0.009827856472648598,4.425852762542707,0.0,-0.2070530508601785,5.220569868118372,2.8211108621320045,0.8873071321068717,-0.6955090842878798,0.6490158815819873,-0.2070530508601785,5.220569868118372,16.834216952380064,0.16544426803741918,0.0,257,True
brain_nucleus_accumbens_basal_ganglia,excluded_at_or_below_-1,ENSG00000112981.5,NME5,2.249827793300766,23.297919921055072,3.4122814572384277,0.6194489489502104,372.93279834832026,3.284351811910755,0.004546198720538962,8.68869197366915,0.0,-0.3935094459473537,4.850881914765437,3.02742517490726,0.8784259117566605,-1.0932771313495249,0.8419182745203448,-0.3935094459473537,4.850881914765437,23.297463962705788,0.10591490085905564,0.0,285,True
brain_nucleus_accumbens_basal_ganglia,raw,ENSG00000112981.5,NME5,2.249827793300766,23.297919921055072,3.4122814572384277,0.6194489489502104,372.93279834832026,3.284351811910755,0.004546198720538962,8.68869197366915,0.0,-0.3935094459473537,4.850881914765437,3.02742517490726,0.8784259117566605,-1.0932771313495249,0.8419182745203448,-0.3935094459473537,4.850881914765437,23.297463962705788,0.10591490085905564,0.0,285,True
brain_putamen_basal_ganglia,excluded_at_or_below_-1,ENSG00000112981.5,NME5,2.692343041912238,8.227795956474491,2.686759536618873,1.145495860461611,341.0736313365559,2.053434070975364,0.11931623874759315,3.471297895834809,0.0,-0.1249497242055113,4.350016268569631,2.31797252900602,1.0091549891204978,-0.36105825364664235,-0.837174195928073,-0.1249497242055113,4.350016268569631,8.207857690843062,0.9793307078468994,0.0,254,True
brain_putamen_basal_ganglia,raw,ENSG00000112981.5,NME5,2.692343041912238,8.227795956474491,2.686759536618873,1.145495860461611,341.0736313365559,2.053434070975364,0.11931623874759315,3.471297895834809,0.0,-0.1249497242055113,4.350016268569631,2.31797252900602,1.0091549891204978,-0.36105825364664235,-0.837174195928073,-0.1249497242055113,4.350016268569631,8.207857690843062,0.9793307078468994,0.0,254,True
brain_spinal_cord_cervical_c-1,excluded_at_or_below_-1,ENSG00000112981.5,NME5,0.3432829967055466,9.111795397075042,1.8085426905066182,1.1157437741860154,215.29191166777395,2.2043983700200087,0.04636030950999463,2.5018707354890077,0.0,-0.1653081982204784,3.5477027598305417,1.7280017419517335,0.7669572532204163,-0.19288888591944092,-0.4487466027137681,-0.1653081982204784,3.5477027598305417,8.713267548799152,0.40394978040572094,0.0,204,True
brain_spinal_cord_cervical_c-1,raw,ENSG00000112981.5,NME5,0.3432829967055466,9.111795397075042,1.8085426905066182,1.1157437741860154,215.29191166777395,2.2043983700200087,0.04636030950999463,2.5018707354890077,0.0,-0.1653081982204784,3.5477027598305417,1.7280017419517335,0.7669572532204163,-0.19288888591944092,-0.4487466027137681,-0.1653081982204784,3.5477027598305417,8.713267548799152,0.40394978040572094,0.0,204,True
brain_substantia_nigra,excluded_at_or_below_-1,ENSG00000112981.5,NME5,1.2620740631764376,6.46505322533799,2.382116796281005,1.2248674755503075,149.33570963337246,2.328907916283046,0.02150323789157153,2.4825094887553,0.0,0.2319852946293576,4.399212117740079,2.305243347812398,0.9381723647699032,-0.08168443707563047,-0.611634138124586,0.2319852946293576,4.399212117740079,6.168347005855751,0.13263943306467918,0.0,183,True
brain_substantia_nigra,raw,ENSG00000112981.5,NME5,1.2620740631764376,6.46505322533799,2.382116796281005,1.2248674755503075,149.33570963337246,2.328907916283046,0.02150323789157153,2.4825094887553,0.0,0.2319852946293576,4.399212117740079,2.305243347812398,0.9381723647699032,-0.08168443707563047,-0.611634138124586,0.2319852946293576,4.399212117740079,6.168347005855751,0.13263943306467918,0.0,183,True
breast_mammary_tissue,excluded_at_or_below_-1,ENSG00000112981.5,NME5,-2.615910973430662,25.858864036929983,0.6501932846065595,1.4170028305443305,560.9419870377159,2.37200809422221,0.0,1.505216346076056,0.2788407759305782,-0.8579918153809548,3.026879715153041,0.7267023229285371,0.7693814393150125,0.24289737153186367,-0.6490053174944048,-0.8579918153809548,3.026879715153041,24.30690987770814,0.0,6.777757610774774,514,True
breast_mammary_tissue,raw,ENSG00000112981.5,NME5,-2.615910973430662,25.858864036929983,0.6501932846065595,1.4170028305443305,560.9419870377159,2.37200809422221,0.0,1.505216346076056,0.2788407759305782,-0.8579918153809548,3.026879715153041,0.7267023229285371,0.7693814393150125,0.24289737153186367,-0.6490053174944048,-0.8579918153809548,3.026879715153041,24.30690987770814,0.0,6.777757610774774,514,True
cells_cultured_fibroblasts,excluded_at_or_below_-1,ENSG00000112981.5,NME5,1.5221285325240848,28.93579934647246,-0.027468161476987236,0.8564696274708421,777.1281035331342,3.0841824935540214,0.0,1.4981181291817838,0.319720036816547,-0.9347516935727812,1.840360504282497,0.10535074093502018,0.5646350938942872,0.4774457012340655,-0.35664372322862015,-0.9347516935727812,1.840360504282497,28.686952618017553,0.0,9.17179354718711,651,True
cells_cultured_fibroblasts,raw,ENSG00000112981.5,NME5,1.674737140785747,30.00117622635927,-0.018200231737337966,0.8183922841169649,1007.0296315370354,3.2116649318234782,0.0,1.6965880235661868,0.2326990019182585,-1.0,1.840360504282497,0.10365541771272718,0.5658595128209999,0.47116036629618435,-0.35548318213339236,-1.0,1.840360504282497,29.82846673845626,0.0,6.941054438790744,652,True
cells_ebv-transformed_lymphocytes,excluded_at_or_below_-1,ENSG00000112981.5,NME5,1.503689340704442,17.383495748840918,-0.796755234378391,0.2573113081873688,261.3701564337289,4.8164774910749335,0.0,0.9002582986201084,0.6668219887920912,-0.9605541447323298,0.0795863289169469,-0.6861671608360699,0.20292070145876312,1.1177752918528259,1.1100954746883795,-0.9605541447323298,0.0795863289169469,17.383250526651292,0.0,11.591533687852781,309,True
cells_ebv-transformed_lymphocytes,raw,ENSG00000112981.5,NME5,1.5957282254739218,18.06497453181954,-0.7934506877500979,0.25328272730904716,277.13505498854204,4.874634770960077,0.0,1.1532757949428993,0.5142626992327638,-1.0,0.0795863289169469,-0.7034423629918826,0.20986198551501437,1.0175682366678913,0.9654488977983213,-1.0,0.0795863289169469,18.064704812452252,0.0,9.290003857694794,327,True
cervix_ectocervix,excluded_at_or_below_-1,ENSG00000112981.5,NME5,0.48143266278260055,1.399683173569949,0.027617002139466426,0.10466427198394186,27.464917469142602,20.80315524892147,0.0,8.780323564473374,0.0,-0.6222043530715293,1.5672339009080138,0.3832684406114523,0.5955792226699502,0.3096430401540881,-0.634259206062203,-0.6222043530715293,1.5672339009080138,1.3996021455696148,0.0,0.0,24,True
cervix_ectocervix,raw,ENSG00000112981.5,NME5,0.48143266278260055,1.399683173569949,0.027617002139466426,0.10466427198394186,27.464917469142602,20.80315524892147,0.0,8.780323564473374,0.0,-0.6222043530715293,1.5672339009080138,0.3832684406114523,0.5955792226699502,0.3096430401540881,-0.634259206062203,-0.6222043530715293,1.5672339009080138,1.3996021455696148,0.0,0.0,24,True
cervix_endocervix,excluded_at_or_below_-1,ENSG00000112981.5,NME5,0.12522896257512667,1.4497839610028012,1.4446294491226834,0.6518157292312112,19.421724469567874,4.322624313132855,0.0,3.7564577740679805,0.0007751302485507153,-0.2867344187373319,3.4369413557694486,1.4457133312431212,0.7349943776618739,0.23092886446863745,1.552589124602262,-0.2867344187373319,3.4369413557694486,1.4496254829092998,0.0,0.0011236485608729363,23,True
cervix_endocervix,raw,ENSG00000112981.5,NME5,0.12522896257512667,1.4497839610028012,1.4446294491226834,0.6518157292312112,19.421724469567874,4.322624313132855,0.0,3.7564577740679805,0.0007751302485507153,-0.2867344187373319,3.4369413557694486,1.4457133312431212,0.7349943776618739,0.23092886446863745,1.552589124602262,-0.2867344187373319,3.4369413557694486,1.4496254829092998,0.0,0.0011236485608729363,23,True
colon_sigmoid,excluded_at_or_below_-1,ENSG00000112981.5,NME5,2.546225141151972,22.879288791235798,1.2285603496814739,0.5781850553531437,295.55296609806305,2.258007313773681,0.07813084031349633,4.889197302501303,0.0,-0.7703321006466044,2.1517208386187257,1.0638821549306254,0.557811599935789,-0.7914879598769177,0.4028340238500281,-0.7703321006466044,2.1517208386187257,22.879046482780094,1.7875591272711513,0.0,419,True
colon_sigmoid,raw,ENSG00000112981.5,NME5,2.546225141151972,22.879288791235798,1.2285603496814739,0.5781850553531437,295.55296609806305,2.258007313773681,0.07813084031349633,4.889197302501303,0.0,-0.7703321006466044,2.1517208386187257,1.0638821549306254,0.557811599935789,-0.7914879598769177,0.4028340238500281,-0.7703321006466044,2.1517208386187257,22.879046482780094,1.7875591272711513,0.0,419,True
colon_transverse,excluded_at_or_below_-1,ENSG00000112981.5,NME5,-13.876879808223023,31.912408433169777,-0.24715327134093912,2.7394290459838,1131.4752170474535,1.3494110463596865,0.0,0.3688550581480066,0.889963747857112,-0.9616509164866426,2.3667488391480025,0.2528773247303959,0.7561664870209169,0.39370962781522,-0.953400302123971,-0.9616509164866426,2.3667488391480025,19.072712923382234,0.0,16.974023075096028,479,True
colon_transverse,raw,ENSG00000112981.5,NME5,-13.876879808223023,31.912408433169777,-0.24715327134093912,2.7394290459838,1131.4752170474535,1.3494110463596865,0.0,0.3688550581480066,0.889963747857112,-0.9616509164866426,2.3667488391480025,0.2528773247303959,0.7561664870209169,0.39370962781522,-0.953400302123971,-0.9616509164866426,2.3667488391480025,19.072712923382234,0.0,16.974023075096028,479,True
esophagus_gastroesophageal_junction,excluded_at_or_below_-1,ENSG00000112981.5,NME5,0.8980658361467585,22.415735339114068,0.8563940808969481,0.68933227746414,356.8882039986629,2.832665725611136,0.01343959011356612,3.2728333171379647,0.0,-0.7388880633907033,2.2371246635209263,0.8291859422071292,0.5245868340500102,-0.14900465470125523,-0.1121405080488529,-0.7388880633907033,2.2371246635209263,22.309899128838634,0.2998358997665971,0.0,403,True
esophagus_gastroesophageal_junction,raw,ENSG00000112981.5,NME5,0.8980658361467585,22.415735339114068,0.8563940808969481,0.68933227746414,356.8882039986629,2.832665725611136,0.01343959011356612,3.2728333171379647,0.0,-0.7388880633907033,2.2371246635209263,0.8291859422071292,0.5245868340500102,-0.14900465470125523,-0.1121405080488529,-0.7388880633907033,2.2371246635209263,22.309899128838634,0.2998358997665971,0.0,403,True
esophagus_mucosa,excluded_at_or_below_-1,ENSG00000112981.5,NME5,2.4603069119719416,45.427515651283436,-0.6468287140829753,0.37752898831263765,435.3957710218395,6.802159458662335,0.0,1.214356408629263,0.47839210568310503,-0.9710051741301212,1.1690302531163097,-0.4996381076251867,0.3383684555430951,1.464892199388677,3.0780969015535673,-0.9710051741301212,1.1690302531163097,45.427235555326895,0.0,21.732030872675253,603,True
esophagus_mucosa,raw,ENSG00000112981.5,NME5,2.4567629291384967,45.96989798542554,-0.6452312389192241,0.37790726813144315,806.1429349950886,6.789372483927678,0.0,1.3276240912419461,0.41424702795240037,-1.0,1.1690302531163097,-0.5086022457621947,0.34183450309140107,1.417695796250568,2.9576297134287337,-1.0,1.1690302531163097,45.96989491318976,0.0,19.042892343073028,614,True
esophagus_muscularis,excluded_at_or_below_-1,ENSG00000112981.5,NME5,-0.5392701139689353,40.84811400878278,0.8958873359472336,0.7099196912048279,391.85020332692795,3.6909800727736797,0.0,3.335592645253565,0.0027390876982370275,-0.7785435730096302,2.7487188341190647,0.8771522935793394,0.4771160407478233,-0.06608603746246716,0.00399397409205271,-0.7785435730096302,2.7487188341190647,40.802797884104514,0.0,0.11176244173800248,561,True
esophagus_muscularis,raw,ENSG00000112981.5,NME5,-0.5392701139689353,40.84811400878278,0.8958873359472336,0.7099196912048279,391.85020332692795,3.6909800727736797,0.0,3.335592645253565,0.0027390876982370275,-0.7785435730096302,2.7487188341190647,0.8771522935793394,0.4771160407478233,-0.06608603746246716,0.00399397409205271,-0.7785435730096302,2.7487188341190647,40.802797884104514,0.0,0.11176244173800248,561,True
fallopian_tube,excluded_at_or_below_-1,ENSG00000112981.5,NME5,0.24670826930285628,1.5563429131865003,1.389992460877583,0.9466684120867505,25.923300536271924,5.743021532057012,0.0,0.8878162053004865,0.6742823375814588,0.7956921517457962,5.234346113666354,2.153171897359922,1.2358104892263249,1.2771043556479509,0.5917670691669454,0.7956921517457962,5.234346113666354,1.5563389413569209,0.0,1.0494118594471975,29,True
fallopian_tube,raw,ENSG00000112981.5,NME5,0.24670826930285628,1.5563429131865003,1.389992460877583,0.9466684120867505,25.923300536271924,5.743021532057012,0.0,0.8878162053004865,0.6742823375814588,0.7956921517457962,5.234346113666354,2.153171897359922,1.2358104892263249,1.2771043556479509,0.5917670691669454,0.7956921517457962,5.234346113666354,1.5563389413569209,0.0,1.0494118594471975,29,True
heart_atrial_appendage,excluded_at_or_below_-1,ENSG00000112981.5,NME5,-0.7960934603616396,25.239087760316202,0.7080915329991129,0.7932389673783163,503.21509089077796,2.368591898883016,0.03550267890376532,2.7029021194359637,0.0,-0.8079788422193706,2.036645749985848,0.661432378005951,0.5110797006132991,-0.23252491687870058,-0.3203720216495496,-0.8079788422193706,2.036645749985848,24.584902347319275,0.8728298939173026,0.0,461,True
heart_atrial_appendage,raw,ENSG00000112981.5,NME5,-0.7960934603616396,25.239087760316202,0.7080915329991129,0.7932389673783163,503.21509089077796,2.368591898883016,0.03550267890376532,2.7029021194359637,0.0,-0.8079788422193706,2.036645749985848,0.661432378005951,0.5110797006132991,-0.23252491687870058,-0.3203720216495496,-0.8079788422193706,2.036645749985848,24.584902347319275,0.8728298939173026,0.0,461,True
heart_left_ventricle,excluded_at_or_below_-1,ENSG00000112981.5,NME5,-24.1035548021858,40.4992506830857,0.02889683832836446,2.016616972929051,683.5629224669117,1.0653913974840374,0.0,0.6977448398041586,0.5011012861107176,-0.9660618610929564,1.548106123362856,0.08972544920162862,0.5774389355661291,-0.0389758698115521,-0.802908612098963,-0.9660618610929564,1.548106123362856,17.539239110176297,0.0,8.788935275512742,450,True
heart_left_ventricle,raw,ENSG00000112981.5,NME5,-21.56118079200648,38.22733900218973,0.03971896244454541,1.9068872986307837,664.9679022623402,1.1186720797877396,0.0,0.7710915368733903,0.44708540369246574,-1.0,1.548106123362856,0.08490365517861256,0.5806891205101026,-0.04255566034469686,-0.8079443185456352,-1.0,1.548106123362856,17.78028281336814,0.0,7.9493049193809036,452,True
kidney_cortex,excluded_at_or_below_-1,ENSG00000112981.5,NME5,1.4248046032251551,3.2446161278780883,1.9025535982226802,0.6042842337408079,64.72214031575162,4.103059031902854,0.0,2.7998946284056148,0.019630332964639917,0.7061768803796018,3.6557639683213674,2.1035018527107194,0.6911188107458902,0.2842638740280764,-0.6644003404400798,0.7061768803796018,3.6557639683213674,3.2438988536327367,0.0,0.06367881460042435,104,True
kidney_cortex,raw,ENSG00000112981.5,NME5,1.4248046032251551,3.2446161278780883,1.9025535982226802,0.6042842337408079,64.72214031575162,4.103059031902854,0.0,2.7998946284056148,0.019630332964639917,0.7061768803796018,3.6557639683213674,2.1035018527107194,0.6911188107458902,0.2842638740280764,-0.6644003404400798,0.7061768803796018,3.6557639683213674,3.2438988536327367,0.0,0.06367881460042435,104,True
kidney_medulla,excluded_at_or_below_-1,ENSG00000112981.5,NME5,0.15664697846199063,0.5383532442343337,2.7929670974264185,0.2038627248548794,6.732830522718636,3.564162065621441,0.001743933957621874,7.83576865971825,0.0,1.6634197696366146,3.306750736513237,2.6956181010406413,0.45110608705015864,-0.9765583755105004,0.6361787977294409,1.6634197696366146,3.306750736513237,0.538345819056139,0.0009388395547957618,0.0,11,True
kidney_medulla,raw,ENSG00000112981.5,NME5,0.15664697846199063,0.5383532442343337,2.7929670974264185,0.2038627248548794,6.732830522718636,3.564162065621441,0.001743933957621874,7.83576865971825,0.0,1.6634197696366146,3.306750736513237,2.6956181010406413,0.45110608705015864,-0.9765583755105004,0.6361787977294409,1.6634197696366146,3.306750736513237,0.538345819056139,0.0009388395547957618,0.0,11,True
liver,excluded_at_or_below_-1,ENSG00000112981.5,NME5,0.9551010272364893,21.542611725550003,-0.7792479965195419,0.24620452017427433,251.65016937536683,7.449770384917931,0.0,1.1109648638915666,0.5394990325600557,-0.9726590756679544,0.5177040281445742,-0.6811374400999444,0.21507272756932075,1.5474945750639437,3.7930112303632963,-0.9726590756679544,0.5177040281445742,21.54245711691195,0.0,11.622134773540484,257,True
liver,raw,ENSG00000112981.5,NME5,1.0958055375057012,22.667629554891626,-0.7749609461094721,0.22305802615819556,192.63342071832392,8.195644737294614,0.0,1.4267735062350335,0.3613757465547012,-1.0,0.5177040281445742,-0.6872226034568156,0.21744134023430622,1.4923427626779215,3.62837725881717,-1.0,0.5177040281445742,22.667531942125038,0.0,8.19149627813797,262,True
lung,excluded_at_or_below_-1,ENSG00000112981.5,NME5,3.2568512764784483,43.43711261598199,0.9908874984997079,1.0457896730873917,1188.0220212723118,6.808590127369574,0.0,2.309286704431834,0.06950248837199689,-0.7167953097745485,6.025737561413608,1.3612434520457504,1.0675686005061609,0.9601809916544266,0.9079858466210018,-0.7167953097745485,6.025737561413608,43.436686077389176,0.0,3.0189577690118203,603,True
lung,raw,ENSG00000112981.5,NME5,3.175085431172744,45.48664082898477,0.999327049756726,1.0425940804854181,1040.0752833114889,6.818011006095743,0.0,2.7119619057005533,0.02529010459249712,-1.0,6.025737561413608,1.3573341085820985,1.071001201766522,0.9425728847695748,0.9046568658441401,-1.0,6.025737561413608,45.485430464421476,0.0,1.1503312938799741,604,True
minor_salivary_gland,excluded_at_or_below_-1,ENSG00000112981.5,NME5,1.5306012394207702,11.475289884974158,1.1724767982944952,0.5017702765962381,156.5786796018088,3.5812568621310397,0.0016406012713337244,6.023184556766471,0.0,-0.9645801932729328,2.4431252308115035,0.9650854851843678,0.6888282368365963,-0.9762219668304057,0.7224400482168782,-0.9645801932729328,2.4431252308115035,11.475106782840152,0.018826074776617796,0.0,181,True
minor_salivary_gland,raw,ENSG00000112981.5,NME5,1.5306012394207702,11.475289884974158,1.1724767982944952,0.5017702765962381,156.5786796018088,3.5812568621310397,0.0016406012713337244,6.023184556766471,0.0,-0.9645801932729328,2.4431252308115035,0.9650854851843678,0.6888282368365963,-0.9762219668304057,0.7224400482168782,-0.9645801932729328,2.4431252308115035,11.475106782840152,0.018826074776617796,0.0,181,True
muscle_skeletal,excluded_at_or_below_-1,ENSG00000112981.5,NME5,1.0528508108448602,91.32245678290028,-0.720199409674785,0.3666580140823896,536.8617980016871,9.184706195951549,0.0,0.9787171772900355,0.6194463738269219,-0.973947857661182,1.661086008127882,-0.6100295951893744,0.2659753827745514,2.0332898731034628,9.428510676749964,-0.973947857661182,1.661086008127882,91.3211315881839,0.0,56.56854381607169,796,True
muscle_skeletal,raw,ENSG00000112981.5,NME5,1.1647460854081786,93.2400322219808,-0.7178919531044055,0.35758352535011706,599.4297067502894,9.408663036327702,0.0,1.1157142253231729,0.5366706183739934,-1.0,1.661086008127882,-0.6205177967857481,0.26985720667028795,1.9297604800757853,8.821147306451987,-1.0,1.661086008127882,93.23645466823092,0.0,50.03726578179829,818,True
nerve_tibial,excluded_at_or_below_-1,ENSG00000112981.5,NME5,2.7599785085863306,42.554841250454864,1.1440460053903792,0.5061683046864719,793.5134836798973,2.8159828240986515,0.018960207861160053,4.790376700812049,0.0,-0.5705018662838421,2.1519286123910053,1.047657666660575,0.44906017298611567,-0.6181172530832747,0.4566905483669381,-0.5705018662838421,2.1519286123910053,42.554198389623814,0.8068364468323099,0.0,670,True
nerve_tibial,raw,ENSG00000112981.5,NME5,2.7599785085863306,42.554841250454864,1.1440460053903792,0.5061683046864719,793.5134836798973,2.8159828240986515,0.018960207861160053,4.790376700812049,0.0,-0.5705018662838421,2.1519286123910053,1.047657666660575,0.44906017298611567,-0.6181172530832747,0.4566905483669381,-0.5705018662838421,2.1519286123910053,42.554198389623814,0.8068364468323099,0.0,670,True
ovary,excluded_at_or_below_-1,ENSG00000112981.5,NME5,2.066572979250506,7.909434505348873,2.059077501036117,0.6908884900593052,168.542054230046,2.2873851616529306,0.07308187440322235,4.820988648555912,0.0,-0.296129418634993,3.176538203270235,1.775964329203014,0.7480021778105324,-0.5339793489875848,-0.30489321530150804,-0.296129418634993,3.176538203270235,7.909328885068409,0.5780285801923482,0.0,193,True
ovary,raw,ENSG00000112981.5,NME5,2.066572979250506,7.909434505348873,2.059077501036117,0.6908884900593052,168.542054230046,2.2873851616529306,0.07308187440322235,4.820988648555912,0.0,-0.296129418634993,3.176538203270235,1.775964329203014,0.7480021778105324,-0.5339793489875848,-0.30489321530150804,-0.296129418634993,3.176538203270235,7.909328885068409,0.5780285801923482,0.0,193,True
pancreas,excluded_at_or_below_-1,ENSG00000112981.5,NME5,-0.2002455434021071,20.754750775170844,0.3965052023870497,0.6172837632523364,326.34164539365236,3.365436401565409,0.0,2.1732199222100808,0.09112870957463969,-0.5520738578404027,1.8654695103369072,0.40262329336964686,0.4111001901552994,0.13112343204208035,-0.08813512971272353,-0.5520738578404027,1.8654695103369072,20.682693478632054,0.0,1.8847871672355545,362,True
pancreas,raw,ENSG00000112981.5,NME5,-0.2002455434021071,20.754750775170844,0.3965052023870497,0.6172837632523364,326.34164539365236,3.365436401565409,0.0,2.1732199222100808,0.09112870957463969,-0.5520738578404027,1.8654695103369072,0.40262329336964686,0.4111001901552994,0.13112343204208035,-0.08813512971272353,-0.5520738578404027,1.8654695103369072,20.682693478632054,0.0,1.8847871672355545,362,True
pituitary,excluded_at_or_below_-1,ENSG00000112981.5,NME5,1.2685546234350307,32.427785369427795,3.1665526810152853,0.4621791051324221,349.697842115719,4.65507649185773,1.970049147551914e-05,7.742538181414972,0.0,0.6362139377385998,4.687878133247217,3.0714482003228794,0.49273899388697634,-0.8689865133763581,2.8971558682971246,0.6362139377385998,4.687878133247217,32.42773339208774,0.0006388422852612319,0.0,313,True
pituitary,raw,ENSG00000112981.5,NME5,1.2685546234350307,32.427785369427795,3.1665526810152853,0.4621791051324221,349.697842115719,4.65507649185773,1.970049147551914e-05,7.742538181414972,0.0,0.6362139377385998,4.687878133247217,3.0714482003228794,0.49273899388697634,-0.8689865133763581,2.8971558682971246,0.6362139377385998,4.687878133247217,32.42773339208774,0.0006388422852612319,0.0,313,True
prostate,excluded_at_or_below_-1,ENSG00000112981.5,NME5,0.6251610604198029,21.304026897850306,1.7388923915372685,0.6139863551351571,231.395351747673,3.848226424982038,0.0005612865493871604,4.462951559474599,0.0,-0.19871550167827,3.409614960796705,1.695523177118701,0.5137455799317638,-0.3637802963502477,0.8789187169845851,-0.19871550167827,3.409614960796705,21.302771003388752,0.011956958828876929,0.0,282,True
prostate,raw,ENSG00000112981.5,NME5,0.6251610604198029,21.304026897850306,1.7388923915372685,0.6139863551351571,231.395351747673,3.848226424982038,0.0005612865493871604,4.462951559474599,0.0,-0.19871550167827,3.409614960796705,1.695523177118701,0.5137455799317638,-0.3637802963502477,0.8789187169845851,-0.19871550167827,3.409614960796705,21.302771003388752,0.011956958828876929,0.0,282,True
skin_not_sun_exposed_suprapubic,excluded_at_or_below_-1,ENSG00000112981.5,NME5,1.8755308703772282,35.748744011141326,-0.6164978654304953,0.5190667900741736,416.2095148218026,4.391531239497517,0.0,0.959341654127882,0.6311574214029695,-0.9686104502914488,0.9953506450387176,-0.44682825879962096,0.3560708814464846,1.01751542961493,1.080610184843378,-0.9686104502914488,0.9953506450387176,35.74620401037884,0.0,22.561481948135196,632,True
skin_not_sun_exposed_suprapubic,raw,ENSG00000112981.5,NME5,1.658299690610444,36.242480549996976,-0.6266450839572971,0.5442892434958349,439.699413528345,4.21439222889025,0.0,0.9700790382242769,0.6246211329081743,-1.0,0.9953506450387176,-0.4629730561618439,0.36299302532349487,0.9624055905285543,0.9848800957909787,-1.0,0.9953506450387176,36.23743163399575,0.0,22.63466560090894,651,True
skin_sun_exposed_lower_leg,excluded_at_or_below_-1,ENSG00000112981.5,NME5,2.004601288464471,54.368877813279795,-0.5039603254811782,0.4702775785018443,1115.516277903023,6.133508357385675,0.0,1.3736633982873574,0.38927730240414216,-0.9607534957709464,1.535654860496786,-0.38030417548401463,0.3686385919142802,1.1765314899432722,2.2943285722031215,-0.9607534957709464,1.535654860496786,54.3682116014741,0.0,21.164310748759426,745,True
skin_sun_exposed_lower_leg,raw,ENSG00000112981.5,NME5,2.0164282227683015,55.60097873032581,-0.4985599332727448,0.46174961379417023,835.156860629372,6.230247008741904,0.0,1.5357746317446024,0.3074986997299859,-1.0,1.535654860496786,-0.3877010752461418,0.37256583845720576,1.1306566542343952,2.1929583032516344,-1.0,1.535654860496786,55.60000841236926,0.0,17.096930291779824,754,True
small_intestine_terminal_ileum,excluded_at_or_below_-1,ENSG00000112981.5,NME5,2.8425774422914407,14.918627390875107,-0.6164304615080268,0.2318003770567357,225.66661115722792,13.81754907605147,0.0,2.1288715317385676,0.10372142047803701,-0.9653687243643714,1.648371101032564,-0.143028684607977,0.6578072853947838,1.037740757505146,-0.0019518703354881595,-0.9653687243643714,1.648371101032564,14.91862177800117,0.0,1.5473806423888594,206,True
small_intestine_terminal_ileum,raw,ENSG00000112981.5,NME5,2.7976370400218937,14.594920203646389,-0.6048202231013682,0.24613803992148986,195.93893439762127,12.94596207164073,0.0,2.270549486149643,0.07595222354629694,-1.0,1.648371101032564,-0.14716864265334906,0.6589064531236146,1.0357210632499747,0.0033791056997292124,-1.0,1.648371101032564,14.59423848198298,0.0,1.1084648636715406,207,True
spleen,excluded_at_or_below_-1,ENSG00000112981.5,NME5,0.3468770267947459,19.435804070729773,-0.6293572658211101,0.36452587593505015,316.37932241589635,5.493443271778769,0.0,1.2964627100731723,0.4315382125724182,-0.9635318329307084,0.7866256336671411,-0.5546744949791,0.27431167436722176,1.4929106806367185,4.003020742515333,-0.9635318329307084,0.7866256336671411,19.43562500977564,0.0,8.387214876946368,273,True
spleen,raw,ENSG00000112981.5,NME5,0.39291193853326384,20.021253937870327,-0.6206759444604154,0.3509529416872673,421.63644633744934,5.67091692854517,0.0,1.5285389012538033,0.3109218792408047,-1.0,0.7866256336671411,-0.5611051881923982,0.2774688882656619,1.4312256407942148,3.818576735604309,-1.0,0.7866256336671411,20.02120728749522,0.0,6.225031394497708,277,True
stomach,excluded_at_or_below_-1,ENSG00000112981.5,NME5,4.0399043760528865,17.022975354587206,0.47245259843023235,0.6006853387452584,464.3540272013749,4.435357881096603,0.0,2.4736065003149874,0.04686718243584509,-0.5782084884786378,2.356364987724718,0.680319014829878,0.6249648983672624,0.5078362623755784,-0.41419098916375274,-0.5782084884786378,2.356364987724718,17.021826296216798,0.0,0.797765038416058,407,True
stomach,raw,ENSG00000112981.5,NME5,4.0399043760528865,17.022975354587206,0.47245259843023235,0.6006853387452584,464.3540272013749,4.435357881096603,0.0,2.4736065003149874,0.04686718243584509,-0.5782084884786378,2.356364987724718,0.680319014829878,0.6249648983672624,0.5078362623755784,-0.41419098916375274,-0.5782084884786378,2.356364987724718,17.021826296216798,0.0,0.797765038416058,407,True
testis,excluded_at_or_below_-1,ENSG00000112981.5,NME5,2.6848267942608697,37.56004230652171,5.4214914821493085,0.6050970362005164,206.66128200416506,2.5693776282218597,0.036851846374133614,9.652545840715378,0.0,1.2914738982381682,6.520846508209224,5.07491555507449,0.895811359068347,-1.5559316851920466,2.6144727403969794,1.2914738982381682,6.520846508209224,37.55999942296848,1.3841553285477817,0.0,414,True
testis,raw,ENSG00000112981.5,NME5,2.6848267942608697,37.56004230652171,5.4214914821493085,0.6050970362005164,206.66128200416506,2.5693776282218597,0.036851846374133614,9.652545840715378,0.0,1.2914738982381682,6.520846508209224,5.07491555507449,0.895811359068347,-1.5559316851920466,2.6144727403969794,1.2914738982381682,6.520846508209224,37.55999942296848,1.3841553285477817,0.0,414,True
thyroid,excluded_at_or_below_-1,ENSG00000112981.5,NME5,1.5584745435461178,48.63441822950111,2.7408402601273716,0.5962076785849898,1226.209486747,3.0004175269343527,0.01108689483693071,4.833212515742633,0.0,0.7032424808475437,4.005763759741859,2.6403771443829034,0.49179841862853846,-0.6553666018391054,0.713646863059191,0.7032424808475437,4.005763759741859,48.63324665801094,0.5391916912758792,0.0,684,True
thyroid,raw,ENSG00000112981.5,NME5,1.5584745435461178,48.63441822950111,2.7408402601273716,0.5962076785849898,1226.209486747,3.0004175269343527,0.01108689483693071,4.833212515742633,0.0,0.7032424808475437,4.005763759741859,2.6403771443829034,0.49179841862853846,-0.6553666018391054,0.713646863059191,0.7032424808475437,4.005763759741859,48.63324665801094,0.5391916912758792,0.0,684,True
uterus,excluded_at_or_below_-1,ENSG00000112981.5,NME5,0.7941625297830776,7.607007109151605,1.4105611014755026,0.699961630808115,125.51011863991411,2.3699358238339814,0.059772462000685755,3.8654288594585013,0.0,-0.5026236962287106,2.583555186879252,1.3348432761227316,0.6020239094495267,-0.3868819764719477,0.10483601239538087,-0.5026236962287106,2.583555186879252,7.602629506012282,0.45442788325341144,0.0,153,True
uterus,raw,ENSG00000112981.5,NME5,0.7941625297830776,7.607007109151605,1.4105611014755026,0.699961630808115,125.51011863991411,2.3699358238339814,0.059772462000685755,3.8654288594585013,0.0,-0.5026236962287106,2.583555186879252,1.3348432761227316,0.6020239094495267,-0.3868819764719477,0.10483601239538087,-0.5026236962287106,2.583555186879252,7.602629506012282,0.45442788325341144,0.0,153,True
vagina,excluded_at_or_below_-1,ENSG00000112981.5,NME5,0.7121132111931036,7.726657627867684,-0.08255972683127581,0.7912547064560402,126.8574689372087,3.677846118408657,0.0,1.5144665039269618,0.31686188944171817,-0.9299061113415474,1.9752009454173107,0.08756995295380487,0.5929858102853444,0.6552051032595284,0.15789331078777513,-0.9299061113415474,1.9752009454173107,7.717706075063311,0.0,2.4454469291003873,168,True
vagina,raw,ENSG00000112981.5,NME5,0.8088850932195739,7.881779445138869,-0.08761543558122685,0.7686315916968997,167.57588915200265,3.7953981259775023,0.0,1.6787062085911693,0.24381872407695357,-1.0,1.9752009454173107,0.07477501233081893,0.601085598810979,0.6153590963432061,0.13288030041770638,-1.0,1.9752009454173107,7.87587847435919,0.0,1.9202866406034014,170,True
whole_blood,excluded_at_or_below_-1,ENSG00000112981.5,NME5,1.1067793012456872,49.467846086756865,-0.920574298950869,0.05630106845895041,311.4169675935661,28.198097993595084,0.0,1.4472850610362782,0.3509032867190677,-0.9781919724543584,0.2020164382540368,-0.8721488486077785,0.11988241089148044,4.870320425711121,34.986572027412976,-0.9781919724543584,0.2020164382540368,49.46426503850656,0.0,17.357173177155026,200,True
whole_blood,raw,ENSG00000112981.5,NME5,4.0853051796468725,150586121123.29977,-1.4161586752715607,0.09804780367695771,4681.221571530234,23.340096422581386,0.0,-6.002554066456612,1.0,-1.0,0.2020164382540368,-0.9681566248089112,0.08140695193078243,6.121451057277574,64.34234409313333,-1.0,0.2020164382540368,2258.5387909460483,0.0,2258.538790946032,803,True
adipose_subcutaneous,excluded_at_or_below_-1,ENSG00000172113.10,NME6,0.8284216303409875,50.160945208624206,2.1438131850201514,0.38589392862689,673.9973717232688,2.855217947626488,0.01693627639562927,4.515867286111152,0.0,0.9115765451233672,2.922911406258192,2.11292790648349,0.29986384207003536,-0.6068504578226096,1.0952837846218255,0.9115765451233672,2.922911406258192,50.15907186596225,0.8495079048701686,0.0,714,True
adipose_subcutaneous,raw,ENSG00000172113.10,NME6,0.8284216303409875,50.160945208624206,2.1438131850201514,0.38589392862689,673.9973717232688,2.855217947626488,0.01693627639562927,4.515867286111152,0.0,0.9115765451233672,2.922911406258192,2.11292790648349,0.29986384207003536,-0.6068504578226096,1.0952837846218255,0.9115765451233672,2.922911406258192,50.15907186596225,0.8495079048701686,0.0,714,True
adipose_visceral_omentum,excluded_at_or_below_-1,ENSG00000172113.10,NME6,1.4790445983003517,32.95281788618326,2.1089905476886495,0.577118761133781,1009.4996809956972,2.642174902062468,0.028944551850409343,3.5907577103923747,0.0,0.6436576612780245,3.1872214081099823,2.021812492130097,0.4430970425649552,-0.46970856698224783,-0.1442623998430661,0.6436576612780245,3.1872214081099823,32.90055517482942,0.9522918251651036,0.0,587,True
adipose_visceral_omentum,raw,ENSG00000172113.10,NME6,1.4790445983003517,32.95281788618326,2.1089905476886495,0.577118761133781,1009.4996809956972,2.642174902062468,0.028944551850409343,3.5907577103923747,0.0,0.6436576612780245,3.1872214081099823,2.021812492130097,0.4430970425649552,-0.46970856698224783,-0.1442623998430661,0.6436576612780245,3.1872214081099823,32.90055517482942,0.9522918251651036,0.0,587,True
adrenal_gland,excluded_at_or_below_-1,ENSG00000172113.10,NME6,1.766555843606181,30.82885160351647,1.7282809700845145,0.3560555177468307,169.15679768968104,5.992943844375069,1.5889068127503723e-08,7.785649448295134,0.0,-0.2319063163790237,3.2371200733922416,1.6344835358655505,0.47071956014203803,-0.8398243864087771,1.9408039450954178,-0.2319063163790237,3.2371200733922416,30.82707019449282,4.898134184916358e-07,0.0,295,True
adrenal_gland,raw,ENSG00000172113.10,NME6,1.766555843606181,30.82885160351647,1.7282809700845145,0.3560555177468307,169.15679768968104,5.992943844375069,1.5889068127503723e-08,7.785649448295134,0.0,-0.2319063163790237,3.2371200733922416,1.6344835358655505,0.47071956014203803,-0.8398243864087771,1.9408039450954178,-0.2319063163790237,3.2371200733922416,30.82707019449282,4.898134184916358e-07,0.0,295,True
artery_aorta,excluded_at_or_below_-1,ENSG00000172113.10,NME6,0.8471166664365065,27.984906159327974,2.1859751422181137,0.49236043490798365,545.2337947503099,2.4018719782953104,0.055498032800294195,3.9505104307379426,0.0,0.8105993959109141,3.0221902396340656,2.132055277008408,0.3686799984328476,-0.47830976447875717,0.10345469222105441,0.8105993959109141,3.0221902396340656,27.973106515258827,1.5524523829099577,0.0,472,True
artery_aorta,raw,ENSG00000172113.10,NME6,0.8471166664365065,27.984906159327974,2.1859751422181137,0.49236043490798365,545.2337947503099,2.4018719782953104,0.055498032800294195,3.9505104307379426,0.0,0.8105993959109141,3.0221902396340656,2.132055277008408,0.3686799984328476,-0.47830976447875717,0.10345469222105441,0.8105993959109141,3.0221902396340656,27.973106515258827,1.5524523829099577,0.0,472,True
artery_coronary,excluded_at_or_below_-1,ENSG00000172113.10,NME6,1.039291443097795,20.56614778614099,2.2314618693777093,0.39791030384093157,263.38347931168795,3.0285722810282896,0.010192495545053982,6.067410588375617,0.0,0.5243044392813807,3.083596333797633,2.1601368981262308,0.37829048996789283,-0.7917563636593944,1.4959123777752588,0.5243044392813807,3.083596333797633,20.56568576730622,0.20961566056424874,0.0,268,True
artery_coronary,raw,ENSG00000172113.10,NME6,1.039291443097795,20.56614778614099,2.2314618693777093,0.39791030384093157,263.38347931168795,3.0285722810282896,0.010192495545053982,6.067410588375617,0.0,0.5243044392813807,3.083596333797633,2.1601368981262308,0.37829048996789283,-0.7917563636593944,1.4959123777752588,0.5243044392813807,3.083596333797633,20.56568576730622,0.20961566056424874,0.0,268,True
artery_tibial,excluded_at_or_below_-1,ENSG00000172113.10,NME6,0.8268272688314441,59.59336841001155,2.1393240861765315,0.4288855614038334,680.0061447210772,2.721070055861154,0.0246713914980716,6.331661607952959,0.0,0.2191344375995443,2.964537257353353,2.1052780897774137,0.3405296272409517,-0.754995998827529,1.9828549747976094,0.2191344375995443,2.964537257353353,59.59335299005589,1.4702509423004446,0.0,691,True
artery_tibial,raw,ENSG00000172113.10,NME6,0.8268272688314441,59.59336841001155,2.1393240861765315,0.4288855614038334,680.0061447210772,2.721070055861154,0.0246713914980716,6.331661607952959,0.0,0.2191344375995443,2.964537257353353,2.1052780897774137,0.3405296272409517,-0.754995998827529,1.9828549747976094,0.2191344375995443,2.964537257353353,59.59335299005589,1.4702509423004446,0.0,691,True
bladder,excluded_at_or_below_-1,ENSG00000172113.10,NME6,1.0809575214050284,2.554737999763065,2.611630190974734,0.22864126971517534,65.59084784218679,2.257854405002638,0.07816341397852582,5.239085905390051,0.0,1.7646073045973796,2.9766660750356535,2.4655007766000625,0.2868441245542991,-0.48226295632534627,-0.6556849150004727,1.7646073045973796,2.9766660750356535,2.554703041210134,0.19968431140230658,0.0,77,True
bladder,raw,ENSG00000172113.10,NME6,1.0809575214050284,2.554737999763065,2.611630190974734,0.22864126971517534,65.59084784218679,2.257854405002638,0.07816341397852582,5.239085905390051,0.0,1.7646073045973796,2.9766660750356535,2.4655007766000625,0.2868441245542991,-0.48226295632534627,-0.6556849150004727,1.7646073045973796,2.9766660750356535,2.554703041210134,0.19968431140230658,0.0,77,True
brain_amygdala,excluded_at_or_below_-1,ENSG00000172113.10,NME6,0.36079778465035295,8.818667176548331,0.9959033947046881,0.6639468905027807,156.98370361183743,2.1668321359294387,0.08703138487992597,3.0556473457560056,0.0,-0.4386660420948046,2.0131906681188463,0.9403759710193844,0.47782000533611685,-0.30716731248880697,-0.22257185879663455,-0.4386660420948046,2.0131906681188463,8.735816715422542,0.76029022680043,0.0,181,True
brain_amygdala,raw,ENSG00000172113.10,NME6,0.36079778465035295,8.818667176548331,0.9959033947046881,0.6639468905027807,156.98370361183743,2.1668321359294387,0.08703138487992597,3.0556473457560056,0.0,-0.4386660420948046,2.0131906681188463,0.9403759710193844,0.47782000533611685,-0.30716731248880697,-0.22257185879663455,-0.4386660420948046,2.0131906681188463,8.735816715422542,0.76029022680043,0.0,181,True
brain_anterior_cingulate_cortex_ba24,excluded_at_or_below_-1,ENSG00000172113.10,NME6,1.034335389704802,14.695907333733341,1.1049093945792374,0.4720610563051057,249.1589313013799,3.2032387566966047,0.005871035311003673,4.480964353855736,0.0,-0.3908256361307939,2.1741427206592534,1.0241109021928716,0.4287908385166937,-0.4649667172796287,0.34292584585990493,-0.3908256361307939,2.1741427206592534,14.695156643575839,0.08627578355516397,0.0,233,True
brain_anterior_cingulate_cortex_ba24,raw,ENSG00000172113.10,NME6,1.034335389704802,14.695907333733341,1.1049093945792374,0.4720610563051057,249.1589313013799,3.2032387566966047,0.005871035311003673,4.480964353855736,0.0,-0.3908256361307939,2.1741427206592534,1.0241109021928716,0.4287908385166937,-0.4649667172796287,0.34292584585990493,-0.3908256361307939,2.1741427206592534,14.695156643575839,0.08627578355516397,0.0,233,True
brain_caudate_basal_ganglia,excluded_at_or_below_-1,ENSG00000172113.10,NME6,1.3245143478136865,21.461357454387862,1.1328371896329001,0.550517745166849,218.71013798971532,4.7094259541219445,0.0,4.001458804522698,0.0003182419966212201,-0.4248300093348277,2.9660981809523066,1.0704107442670476,0.5268583629249883,-0.2339173673047651,0.7784019061171858,-0.4248300093348277,2.9660981809523066,21.460972652195895,0.0,0.006829782786268224,300,True
brain_caudate_basal_ganglia,raw,ENSG00000172113.10,NME6,1.3245143478136865,21.461357454387862,1.1328371896329001,0.550517745166849,218.71013798971532,4.7094259541219445,0.0,4.001458804522698,0.0003182419966212201,-0.4248300093348277,2.9660981809523066,1.0704107442670476,0.5268583629249883,-0.2339173673047651,0.7784019061171858,-0.4248300093348277,2.9660981809523066,21.460972652195895,0.0,0.006829782786268224,300,True
brain_cerebellar_hemisphere,excluded_at_or_below_-1,ENSG00000172113.10,NME6,1.9084256196693332,14.392262439775967,2.6538629465611243,0.7288750955698423,298.1955123375808,1.5976045234083334,0.2791039852868319,5.199309727447104,0.0,-0.0258224102467048,3.477256372182125,2.344625948648089,0.7479990986566056,-1.1115953938133045,0.9154764024821347,-0.0258224102467048,3.477256372182125,14.392203731168163,4.016921418429046,0.0,277,True
brain_cerebellar_hemisphere,raw,ENSG00000172113.10,NME6,1.9084256196693332,14.392262439775967,2.6538629465611243,0.7288750955698423,298.1955123375808,1.5976045234083334,0.2791039852868319,5.199309727447104,0.0,-0.0258224102467048,3.477256372182125,2.344625948648089,0.7479990986566056,-1.1115953938133045,0.9154764024821347,-0.0258224102467048,3.477256372182125,14.392203731168163,4.016921418429046,0.0,277,True
brain_cerebellum,excluded_at_or_below_-1,ENSG00000172113.10,NME6,1.6964933993726066,17.215850453887903,2.4831698507125424,0.42248146775930273,270.03968289360637,2.1154047267033893,0.1067283462866542,6.448023664826388,0.0,0.5568904155957373,3.1151248238659077,2.311760698958282,0.4788678697608846,-1.1948453127973306,1.6076524676927466,0.5568904155957373,3.1151248238659077,17.215848816347037,1.8374190740897725,0.0,266,True
brain_cerebellum,raw,ENSG00000172113.10,NME6,1.6964933993726066,17.215850453887903,2.4831698507125424,0.42248146775930273,270.03968289360637,2.1154047267033893,0.1067283462866542,6.448023664826388,0.0,0.5568904155957373,3.1151248238659077,2.311760698958282,0.4788678697608846,-1.1948453127973306,1.6076524676927466,0.5568904155957373,3.1151248238659077,17.215848816347037,1.8374190740897725,0.0,266,True
brain_cortex,excluded_at_or_below_-1,ENSG00000172113.10,NME6,0.6714536169757321,16.79249188448379,1.1317686848954382,0.373292146761248,236.1763253406847,3.2085108299284495,0.0047979451608528905,3.7110014249423613,0.0,0.1522223664269406,1.9786788881895616,1.1050511935962355,0.30474710765205426,-0.37211764612977505,0.5931712296771479,0.1522223664269406,1.9786788881895616,16.77525629777046,0.08048675977595476,0.0,270,True
brain_cortex,raw,ENSG00000172113.10,NME6,0.6714536169757321,16.79249188448379,1.1317686848954382,0.373292146761248,236.1763253406847,3.2085108299284495,0.0047979451608528905,3.7110014249423613,0.0,0.1522223664269406,1.9786788881895616,1.1050511935962355,0.30474710765205426,-0.37211764612977505,0.5931712296771479,0.1522223664269406,1.9786788881895616,16.77525629777046,0.08048675977595476,0.0,270,True
brain_frontal_cortex_ba9,excluded_at_or_below_-1,ENSG00000172113.10,NME6,0.7635274146186758,20.47673541889921,1.220691700625213,0.4625908525187955,370.59864695339456,4.803361195062038,0.0,3.8059220447138675,0.0007057447223284977,-0.0242296960625324,2.791876569232241,1.1758591219023695,0.4046889458367999,-0.06305139423007339,1.083322845844786,-0.0242296960625324,2.791876569232241,20.47645164242616,0.0,0.014451147678656961,269,True
brain_frontal_cortex_ba9,raw,ENSG00000172113.10,NME6,0.7635274146186758,20.47673541889921,1.220691700625213,0.4625908525187955,370.59864695339456,4.803361195062038,0.0,3.8059220447138675,0.0007057447223284977,-0.0242296960625324,2.791876569232241,1.1758591219023695,0.4046889458367999,-0.06305139423007339,1.083322845844786,-0.0242296960625324,2.791876569232241,20.47645164242616,0.0,0.014451147678656961,269,True
brain_hippocampus,excluded_at_or_below_-1,ENSG00000172113.10,NME6,0.27724965131152596,13.418772857199542,0.8468446774330938,0.7337597967121967,265.13735565728894,3.028265244350357,0.0,2.4409235591260017,0.04105821252424691,-0.4196200363749577,2.4180495853796065,0.8172610869817053,0.5245318077496651,0.023181803371751887,-0.14656740794507828,-0.4196200363749577,2.4180495853796065,13.281814485268331,0.0,0.5453275618437683,255,True
brain_hippocampus,raw,ENSG00000172113.10,NME6,0.27724965131152596,13.418772857199542,0.8468446774330938,0.7337597967121967,265.13735565728894,3.028265244350357,0.0,2.4409235591260017,0.04105821252424691,-0.4196200363749577,2.4180495853796065,0.8172610869817053,0.5245318077496651,0.023181803371751887,-0.14656740794507828,-0.4196200363749577,2.4180495853796065,13.281814485268331,0.0,0.5453275618437683,255,True
brain_hypothalamus,excluded_at_or_below_-1,ENSG00000172113.10,NME6,1.4989924868727007,12.83369739136857,1.2156529725825453,0.6422321442073082,232.0309594935827,2.831085476111404,0.01706687605914746,3.683679161973931,0.0,-0.4572041048142017,2.5013244893414246,1.1150910412305288,0.5675065234701097,-0.3194269514120093,-0.22127837799240568,-0.4572041048142017,2.5013244893414246,12.819113617891372,0.21878222330468144,0.0,257,True
brain_hypothalamus,raw,ENSG00000172113.10,NME6,1.4989924868727007,12.83369739136857,1.2156529725825453,0.6422321442073082,232.0309594935827,2.831085476111404,0.01706687605914746,3.683679161973931,0.0,-0.4572041048142017,2.5013244893414246,1.1150910412305288,0.5675065234701097,-0.3194269514120093,-0.22127837799240568,-0.4572041048142017,2.5013244893414246,12.819113617891372,0.21878222330468144,0.0,257,True
brain_nucleus_accumbens_basal_ganglia,excluded_at_or_below_-1,ENSG00000172113.10,NME6,2.197313331468423,14.863830863462882,1.2362246740697589,0.5247261027517778,289.7145573108184,2.8605560094783704,0.016699114130577713,4.684630327393027,0.0,-0.5019483147402748,2.29759789696406,1.0685597296772584,0.532145474565468,-0.5643041356739738,-0.11241685819736347,-0.5019483147402748,2.29759789696406,14.863565176312683,0.24820837126652595,0.0,285,True
brain_nucleus_accumbens_basal_ganglia,raw,ENSG00000172113.10,NME6,2.197313331468423,14.863830863462882,1.2362246740697589,0.5247261027517778,289.7145573108184,2.8605560094783704,0.016699114130577713,4.684630327393027,0.0,-0.5019483147402748,2.29759789696406,1.0685597296772584,0.532145474565468,-0.5643041356739738,-0.11241685819736347,-0.5019483147402748,2.29759789696406,14.863565176312683,0.24820837126652595,0.0,285,True
brain_putamen_basal_ganglia,excluded_at_or_below_-1,ENSG00000172113.10,NME6,1.2031100137646304,14.095179246514155,0.8694119809351764,0.5328767466977912,205.29394585402736,3.239502668761973,0.0038410971985615755,3.620057208963412,0.0,-0.4946283307241967,2.090059052196451,0.8268021617755843,0.4583347246957637,-0.17447626629480475,-0.05059642425309985,-0.4946283307241967,2.090059052196451,14.075057611419817,0.05406366436081744,0.0,254,True
brain_putamen_basal_ganglia,raw,ENSG00000172113.10,NME6,1.2031100137646304,14.095179246514155,0.8694119809351764,0.5328767466977912,205.29394585402736,3.239502668761973,0.0038410971985615755,3.620057208963412,0.0,-0.4946283307241967,2.090059052196451,0.8268021617755843,0.4583347246957637,-0.17447626629480475,-0.05059642425309985,-0.4946283307241967,2.090059052196451,14.075057611419817,0.05406366436081744,0.0,254,True
brain_spinal_cord_cervical_c-1,excluded_at_or_below_-1,ENSG00000172113.10,NME6,0.4219775472523424,9.065392649864947,1.3451835556984038,0.8408300280061929,135.61312156672133,1.6517006350203807,0.24617043708502262,2.959356015946972,0.0,-0.4143211386233761,2.3272130936357884,1.2433442440432847,0.5696184486025357,-0.4609876490068111,-0.19455816946253224,-0.4143211386233761,2.3272130936357884,8.95166874290188,2.203636207080491,0.0,204,True
brain_spinal_cord_cervical_c-1,raw,ENSG00000172113.10,NME6,0.4219775472523424,9.065392649864947,1.3451835556984038,0.8408300280061929,135.61312156672133,1.6517006350203807,0.24617043708502262,2.959356015946972,0.0,-0.4143211386233761,2.3272130936357884,1.2433442440432847,0.5696184486025357,-0.4609876490068111,-0.19455816946253224,-0.4143211386233761,2.3272130936357884,8.95166874290188,2.203636207080491,0.0,204,True
brain_substantia_nigra,excluded_at_or_below_-1,ENSG00000172113.10,NME6,1.3429557451276424,8.789623577781652,1.1328935753715743,0.5206855196210386,221.56824192018502,3.4805265797368112,0.0,3.3317319299585413,0.0015488951274244263,-0.0937843588135889,2.4143547626650044,1.0458824090272592,0.4884285732062838,-0.07437876272572361,-0.199841700625774,-0.0937843588135889,2.4143547626650044,8.769043106273077,0.0,0.013582328139481126,183,True
brain_substantia_nigra,raw,ENSG00000172113.10,NME6,1.3429557451276424,8.789623577781652,1.1328935753715743,0.5206855196210386,221.56824192018502,3.4805265797368112,0.0,3.3317319299585413,0.0015488951274244263,-0.0937843588135889,2.4143547626650044,1.0458824090272592,0.4884285732062838,-0.07437876272572361,-0.199841700625774,-0.0937843588135889,2.4143547626650044,8.769043106273077,0.0,0.013582328139481126,183,True
breast_mammary_tissue,excluded_at_or_below_-1,ENSG00000172113.10,NME6,1.313978767037689,35.44798094028557,2.2362390359114968,0.4867962329237627,464.2329299521963,3.200536930491055,0.005925329446374242,4.496632398303737,0.0,0.6884220932822049,3.33791799201063,2.2073858864222204,0.4070119982372857,-0.46198055587914394,0.741013937144654,0.6884220932822049,3.33791799201063,35.44652533711092,0.21003234035163398,0.0,514,True
breast_mammary_tissue,raw,ENSG00000172113.10,NME6,1.313978767037689,35.44798094028557,2.2362390359114968,0.4867962329237627,464.2329299521963,3.200536930491055,0.005925329446374242,4.496632398303737,0.0,0.6884220932822049,3.33791799201063,2.2073858864222204,0.4070119982372857,-0.46198055587914394,0.741013937144654,0.6884220932822049,3.33791799201063,35.44652533711092,0.21003234035163398,0.0,514,True
cells_cultured_fibroblasts,excluded_at_or_below_-1,ENSG00000172113.10,NME6,3.971172648250307,50.76041120124649,2.8257072050963767,0.2521288993390492,1051.6321023131377,4.9115867651171214,5.331645625436232e-06,5.408731709695472,0.0,1.8614274038919496,3.7013549842190896,2.8804638545131827,0.2763643032274325,0.3630284586658449,0.5995289582594223,1.8614274038919496,3.7013549842190896,50.760348899954266,0.000270636192158058,0.0,652,True
cells_cultured_fibroblasts,raw,ENSG00000172113.10,NME6,3.971172648250307,50.76041120124649,2.8257072050963767,0.2521288993390492,1051.6321023131377,4.9115867651171214,5.331645625436232e-06,5.408731709695472,0.0,1.8614274038919496,3.7013549842190896,2.8804638545131827,0.2763643032274325,0.3630284586658449,0.5995289582594223,1.8614274038919496,3.7013549842190896,50.760348899954266,0.000270636192158058,0.0,652,True
cells_ebv-transformed_lymphocytes,excluded_at_or_below_-1,ENSG00000172113.10,NME6,0.8185444135797704,18.778105314133306,3.050864926825568,0.274357122438455,337.7166083204537,2.32468394206628,0.06676499078421717,4.009696580779292,0.0,2.2729846652984937,3.5018531042080214,3.0278801376697557,0.21392700232750295,-0.47107538654273284,0.3703791960638432,2.2729846652984937,3.5018531042080214,18.77201548641264,1.253313440951522,0.0,327,True
cells_ebv-transformed_lymphocytes,raw,ENSG00000172113.10,NME6,0.8185444135797704,18.778105314133306,3.050864926825568,0.274357122438455,337.7166083204537,2.32468394206628,0.06676499078421717,4.009696580779292,0.0,2.2729846652984937,3.5018531042080214,3.0278801376697557,0.21392700232750295,-0.47107538654273284,0.3703791960638432,2.2729846652984937,3.5018531042080214,18.77201548641264,1.253313440951522,0.0,327,True
cervix_ectocervix,excluded_at_or_below_-1,ENSG00000172113.10,NME6,0.17365762256304304,1.0453735836650864,2.707237039522262,0.26446826529105694,13.80496081357049,1.7240041165099584,0.2261227464139279,4.16259986734339,0.0,1.928800461548999,3.029638401083907,2.6292358173077597,0.2718455467502861,-1.0046498811279096,0.7767799622001554,1.928800461548999,3.029638401083907,1.0451837157195325,0.23633981230561477,0.0,24,True
cervix_ectocervix,raw,ENSG00000172113.10,NME6,0.17365762256304304,1.0453735836650864,2.707237039522262,0.26446826529105694,13.80496081357049,1.7240041165099584,0.2261227464139279,4.16259986734339,0.0,1.928800461548999,3.029638401083907,2.6292358173077597,0.2718455467502861,-1.0046498811279096,0.7767799622001554,1.928800461548999,3.029638401083907,1.0451837157195325,0.23633981230561477,0.0,24,True
cervix_endocervix,excluded_at_or_below_-1,ENSG00000172113.10,NME6,0.5749669210987488,0.05794444296242074,4.877128595855453,0.30280310211676703,25.77500004376855,-8.151685225991793,1.0,12.140315613832836,0.0,2.2777155182601914,3.1317376311642677,2.7914614755490574,0.2372626616372993,-0.38953496091487855,-0.6734929770451972,2.2777155182601914,3.1317376311642677,2.220446049250313e-16,2.220446049250313e-16,0.0,23,True
cervix_endocervix,raw,ENSG00000172113.10,NME6,0.5749669210987488,0.05794444296242074,4.877128595855453,0.30280310211676703,25.77500004376855,-8.151685225991793,1.0,12.140315613832836,0.0,2.2777155182601914,3.1317376311642677,2.7914614755490574,0.2372626616372993,-0.38953496091487855,-0.6734929770451972,2.2777155182601914,3.1317376311642677,2.220446049250313e-16,2.220446049250313e-16,0.0,23,True
colon_sigmoid,excluded_at_or_below_-1,ENSG00000172113.10,NME6,0.44236119087028036,36.56431129073428,2.2722982467675217,0.4855856615538394,240.45650089241212,2.2351497878085,0.08225529584400124,6.785707255106757,0.0,-0.057648399375878,3.039761321130669,2.22962877911172,0.3783987404856045,-0.952527937091196,3.4205235517789676,-0.057648399375878,3.039761321130669,36.56358791170497,3.00754874079544,0.0,419,True
colon_sigmoid,raw,ENSG00000172113.10,NME6,0.44236119087028036,36.56431129073428,2.2722982467675217,0.4855856615538394,240.45650089241212,2.2351497878085,0.08225529584400124,6.785707255106757,0.0,-0.057648399375878,3.039761321130669,2.22962877911172,0.3783987404856045,-0.952527937091196,3.4205235517789676,-0.057648399375878,3.039761321130669,36.56358791170497,3.00754874079544,0.0,419,True
colon_transverse,excluded_at_or_below_-1,ENSG00000172113.10,NME6,0.4474822791459531,41.95536279517202,2.0979304347315777,0.46000701387295023,183.40692254755683,3.4685082755539707,0.002441074389789595,5.6522529985565395,0.0,0.2593990468997338,3.226146269229611,2.082633799753337,0.36140702734418206,-0.5192533226149927,1.8435417068925508,0.2593990468997338,3.226146269229611,41.95514752813082,0.10241563615076438,0.0,479,True
colon_transverse,raw,ENSG00000172113.10,NME6,0.4474822791459531,41.95536279517202,2.0979304347315777,0.46000701387295023,183.40692254755683,3.4685082755539707,0.002441074389789595,5.6522529985565395,0.0,0.2593990468997338,3.226146269229611,2.082633799753337,0.36140702734418206,-0.5192533226149927,1.8435417068925508,0.2593990468997338,3.226146269229611,41.95514752813082,0.10241563615076438,0.0,479,True
esophagus_gastroesophageal_junction,excluded_at_or_below_-1,ENSG00000172113.10,NME6,2.4803804621018197,24.114299956097085,2.160921532363506,0.4025117694346081,321.10862116382054,2.801321186853244,0.019766221449177574,5.137712743966448,0.0,0.698631887827416,2.9582302116713652,2.062345596773163,0.4043025720289382,-0.6776130391551397,0.4730984401063729,0.698631887827416,2.9582302116713652,24.11398129292504,0.47664229425728166,0.0,403,True
esophagus_gastroesophageal_junction,raw,ENSG00000172113.10,NME6,2.4803804621018197,24.114299956097085,2.160921532363506,0.4025117694346081,321.10862116382054,2.801321186853244,0.019766221449177574,5.137712743966448,0.0,0.698631887827416,2.9582302116713652,2.062345596773163,0.4043025720289382,-0.6776130391551397,0.4730984401063729,0.698631887827416,2.9582302116713652,24.11398129292504,0.47664229425728166,0.0,403,True
esophagus_mucosa,excluded_at_or_below_-1,ENSG00000172113.10,NME6,2.8677948365917096,48.035927610173246,2.2250960572826677,0.365846076495502,409.7822910166235,3.282911754649377,0.004567656920509129,6.358660344076728,0.0,0.5801599595518419,3.074359857938104,2.130640406700394,0.3816531435223909,-0.9927454086469994,1.5306156277748117,0.5801599595518419,3.074359857938104,48.03591591453178,0.2194115837600057,0.0,614,True
esophagus_mucosa,raw,ENSG00000172113.10,NME6,2.8677948365917096,48.035927610173246,2.2250960572826677,0.365846076495502,409.7822910166235,3.282911754649377,0.004567656920509129,6.358660344076728,0.0,0.5801599595518419,3.074359857938104,2.130640406700394,0.3816531435223909,-0.9927454086469994,1.5306156277748117,0.5801599595518419,3.074359857938104,48.03591591453178,0.2194115837600057,0.0,614,True
esophagus_muscularis,excluded_at_or_below_-1,ENSG00000172113.10,NME6,2.52688367787097,46.07287043200039,2.15043014999555,0.3833376355931975,592.267075815608,2.9736351656833624,0.012019439302540458,7.0559980873910035,0.0,0.2378267812145282,2.9564656059255916,2.077632511266687,0.3862229784734781,-0.8422848694663381,1.4335265164263653,0.2378267812145282,2.9564656059255916,46.07180834601879,0.5537573039732497,0.0,561,True
esophagus_muscularis,raw,ENSG00000172113.10,NME6,2.52688367787097,46.07287043200039,2.15043014999555,0.3833376355931975,592.267075815608,2.9736351656833624,0.012019439302540458,7.0559980873910035,0.0,0.2378267812145282,2.9564656059255916,2.077632511266687,0.3862229784734781,-0.8422848694663381,1.4335265164263653,0.2378267812145282,2.9564656059255916,46.07180834601879,0.5537573039732497,0.0,561,True
fallopian_tube,excluded_at_or_below_-1,ENSG00000172113.10,NME6,0.6923076923076923,4.238600860479352,3.0905085904060265,0.0036485242139236017,28.30769230769231,3.2850727422709856,0.004545627195451698,382.20899507347787,0.0,2.104449051445746,3.098983737133204,2.6272371959854146,0.305595724412477,-0.08755966858930926,-1.3104166914601325,2.104449051445746,3.098983737133204,4.229024416746071,0.0192235683989902,0.0,29,True
fallopian_tube,raw,ENSG00000172113.10,NME6,0.6923076923076923,4.238600860479352,3.0905085904060265,0.0036485242139236017,28.30769230769231,3.2850727422709856,0.004545627195451698,382.20899507347787,0.0,2.104449051445746,3.098983737133204,2.6272371959854146,0.305595724412477,-0.08755966858930926,-1.3104166914601325,2.104449051445746,3.098983737133204,4.229024416746071,0.0192235683989902,0.0,29,True
heart_atrial_appendage,excluded_at_or_below_-1,ENSG00000172113.10,NME6,0.506147331147819,28.554695443112035,1.3071776669390853,0.6030872334597793,406.4745486614217,2.700869247874486,0.025267469770652615,3.77212684546033,0.0,-0.3014347831286716,2.458955450701773,1.2618139717186723,0.4496582110566146,-0.3627650623805117,0.2569253636652462,-0.3014347831286716,2.458955450701773,28.53146600072186,0.7209179546856425,0.0,461,True
heart_atrial_appendage,raw,ENSG00000172113.10,NME6,0.506147331147819,28.554695443112035,1.3071776669390853,0.6030872334597793,406.4745486614217,2.700869247874486,0.025267469770652615,3.77212684546033,0.0,-0.3014347831286716,2.458955450701773,1.2618139717186723,0.4496582110566146,-0.3627650623805117,0.2569253636652462,-0.3014347831286716,2.458955450701773,28.53146600072186,0.7209179546856425,0.0,461,True
heart_left_ventricle,excluded_at_or_below_-1,ENSG00000172113.10,NME6,6.297670887647231,22.52019382413718,1.4203616278301046,0.43786896022658556,596.992378363632,4.358310846666694,7.504547829463141e-05,6.926314171100318,0.0,-0.7241645349746111,2.7697823161537913,0.9783561089877079,0.7523894367106563,-0.5288682900525402,-0.7799189588896747,-0.7241645349746111,2.7697823161537913,22.51972142680253,0.0016900032655362551,0.0,452,True
heart_left_ventricle,raw,ENSG00000172113.10,NME6,6.297670887647231,22.52019382413718,1.4203616278301046,0.43786896022658556,596.992378363632,4.358310846666694,7.504547829463141e-05,6.926314171100318,0.0,-0.7241645349746111,2.7697823161537913,0.9783561089877079,0.7523894367106563,-0.5288682900525402,-0.7799189588896747,-0.7241645349746111,2.7697823161537913,22.51972142680253,0.0016900032655362551,0.0,452,True
kidney_cortex,excluded_at_or_below_-1,ENSG00000172113.10,NME6,-3771.273072910969,3774.8759477179424,1.6529012695361884,42.24641015954712,91.48063024751264,0.03999249773811908,0.0,0.03989232225245938,0.005001450088223378,0.461208972888836,2.8475860807285223,1.6548238441440026,0.5746802443650199,0.062427882122043116,-0.9890338830531955,0.461208972888836,2.8475860807285223,3.0175608077397555,0.0,0.015092179768089409,104,True
kidney_cortex,raw,ENSG00000172113.10,NME6,-3771.273072910969,3774.8759477179424,1.6529012695361884,42.24641015954712,91.48063024751264,0.03999249773811908,0.0,0.03989232225245938,0.005001450088223378,0.461208972888836,2.8475860807285223,1.6548238441440026,0.5746802443650199,0.062427882122043116,-0.9890338830531955,0.461208972888836,2.8475860807285223,3.0175608077397555,0.0,0.015092179768089409,104,True
kidney_medulla,excluded_at_or_below_-1,ENSG00000172113.10,NME6,0.21052635409434037,5.774023405035651,1.7449640614325168,0.009316134304792698,6.315790085538209,137.73118716059716,0.0,3.2935147336435917,0.004411165290974113,1.7232680273894334,2.652268496693018,2.1065583346554386,0.3251770761014533,0.16597293136426258,-1.2785082254736215,1.7232680273894334,2.652268496693018,5.774004557200961,0.0,0.025470088492651227,11,True
kidney_medulla,raw,ENSG00000172113.10,NME6,0.21052635409434037,5.774023405035651,1.7449640614325168,0.009316134304792698,6.315790085538209,137.73118716059716,0.0,3.2935147336435917,0.004411165290974113,1.7232680273894334,2.652268496693018,2.1065583346554386,0.3251770761014533,0.16597293136426258,-1.2785082254736215,1.7232680273894334,2.652268496693018,5.774004557200961,0.0,0.025470088492651227,11,True
liver,excluded_at_or_below_-1,ENSG00000172113.10,NME6,0.25346350358679715,17.97620034784645,1.0496157197960885,0.5676086544412746,116.3848224834721,3.8970121251989625,0.0,3.254909664916914,0.004504025612612411,-0.2567745909651809,2.61372022818006,1.0391472642245403,0.43639051620080477,0.1284755211657246,0.7553886005628585,-0.2567745909651809,2.61372022818006,17.96695000204205,0.0,0.08092360298972401,262,True
liver,raw,ENSG00000172113.10,NME6,0.25346350358679715,17.97620034784645,1.0496157197960885,0.5676086544412746,116.3848224834721,3.8970121251989625,0.0,3.254909664916914,0.004504025612612411,-0.2567745909651809,2.61372022818006,1.0391472642245403,0.43639051620080477,0.1284755211657246,0.7553886005628585,-0.2567745909651809,2.61372022818006,17.96695000204205,0.0,0.08092360298972401,262,True
lung,excluded_at_or_below_-1,ENSG00000172113.10,NME6,7.234518015744863,32.57823534885501,2.4637202333116868,0.4297660239849899,1123.4875554635964,2.45202864587116,0.04947980424584201,7.8578783360773325,0.0,0.0757858934748181,3.208868370672949,2.1036091224731046,0.6352939236769078,-0.7863715864470182,-0.0784868627435995,0.0757858934748181,3.208868370672949,32.577207443768316,1.6119138471938435,0.0,604,True
lung,raw,ENSG00000172113.10,NME6,7.234518015744863,32.57823534885501,2.4637202333116868,0.4297660239849899,1123.4875554635964,2.45202864587116,0.04947980424584201,7.8578783360773325,0.0,0.0757858934748181,3.208868370672949,2.1036091224731046,0.6352939236769078,-0.7863715864470182,-0.0784868627435995,0.0757858934748181,3.208868370672949,32.577207443768316,1.6119138471938435,0.0,604,True
minor_salivary_gland,excluded_at_or_below_-1,ENSG00000172113.10,NME6,-0.24558555485708805,9.438309514381297,2.195828464936979,0.4824451357664842,119.71530262796428,1.6901084326988545,0.23212729096632145,3.038035905341721,0.0,1.1594322063997793,2.7723924394085837,2.1741670904966486,0.29874108206969835,-0.28163627593287316,-0.12061965836002475,1.1594322063997793,2.7723924394085837,9.344829845491416,2.169190036575151,0.0,181,True
minor_salivary_gland,raw,ENSG00000172113.10,NME6,-0.24558555485708805,9.438309514381297,2.195828464936979,0.4824451357664842,119.71530262796428,1.6901084326988545,0.23212729096632145,3.038035905341721,0.0,1.1594322063997793,2.7723924394085837,2.1741670904966486,0.29874108206969835,-0.28163627593287316,-0.12061965836002475,1.1594322063997793,2.7723924394085837,9.344829845491416,2.169190036575151,0.0,181,True
muscle_skeletal,excluded_at_or_below_-1,ENSG00000172113.10,NME6,0.05744637553865316,77.2811688339007,1.6495325529513034,0.47712686049657277,1165.170491775671,4.7983686966010515,0.0,4.7009212045814115,5.890443455366097e-06,0.0635374561287427,3.268404449408409,1.6605400961637005,0.34929963778990686,0.018782198382074313,1.1777681383373455,0.0635374561287427,3.268404449408409,77.27861853927308,0.0,0.0004552053328143943,818,True
muscle_skeletal,raw,ENSG00000172113.10,NME6,0.05744637553865316,77.2811688339007,1.6495325529513034,0.47712686049657277,1165.170491775671,4.7983686966010515,0.0,4.7009212045814115,5.890443455366097e-06,0.0635374561287427,3.268404449408409,1.6605400961637005,0.34929963778990686,0.018782198382074313,1.1777681383373455,0.0635374561287427,3.268404449408409,77.27861853927308,0.0,0.0004552053328143943,818,True
nerve_tibial,excluded_at_or_below_-1,ENSG00000172113.10,NME6,1.293214354586032,53.12676574166127,2.363056926902893,0.34444349759026927,1331.854904061583,2.8216118876648473,0.01867188885316922,5.773722502039778,0.0,0.9568186997845756,3.050284014301706,2.333778694587051,0.28189763489848946,-0.5530791492619166,1.1340032163384812,0.9568186997845756,3.050284014301706,53.1260348963127,0.9919634187935402,0.0,670,True
nerve_tibial,raw,ENSG00000172113.10,NME6,1.293214354586032,53.12676574166127,2.363056926902893,0.34444349759026927,1331.854904061583,2.8216118876648473,0.01867188885316922,5.773722502039778,0.0,0.9568186997845756,3.050284014301706,2.333778694587051,0.28189763489848946,-0.5530791492619166,1.1340032163384812,0.9568186997845756,3.050284014301706,53.1260348963127,0.9919634187935402,0.0,670,True
ovary,excluded_at_or_below_-1,ENSG00000172113.10,NME6,0.35306012030293654,8.52618482474868,2.8135136074077725,0.5410879554042617,161.24285373093136,1.639869023818508,0.2490839689920466,2.8890843075147,0.0,1.7081298361473092,3.440938913483751,2.7473240178741354,0.35699593973883986,-0.3776910699030332,-0.40651604840593736,1.7081298361473092,3.440938913483751,8.3948807322946,2.0910302120147977,0.0,193,True
ovary,raw,ENSG00000172113.10,NME6,0.35306012030293654,8.52618482474868,2.8135136074077725,0.5410879554042617,161.24285373093136,1.639869023818508,0.2490839689920466,2.8890843075147,0.0,1.7081298361473092,3.440938913483751,2.7473240178741354,0.35699593973883986,-0.3776910699030332,-0.40651604840593736,1.7081298361473092,3.440938913483751,8.3948807322946,2.0910302120147977,0.0,193,True
pancreas,excluded_at_or_below_-1,ENSG00000172113.10,NME6,0.7858478444120354,25.774217240658913,1.3050797007001615,0.421374077257835,368.42514189850476,3.716235507288124,0.0007794467302362983,4.1005017194439946,0.0,0.0833086936214992,2.412356104646298,1.3388787577313637,0.3466997132660862,0.08989835652328224,0.7111688462964532,0.0833086936214992,2.412356104646298,25.768352845750286,0.020085058369195274,0.0,362,True
pancreas,raw,ENSG00000172113.10,NME6,0.7858478444120354,25.774217240658913,1.3050797007001615,0.421374077257835,368.42514189850476,3.716235507288124,0.0007794467302362983,4.1005017194439946,0.0,0.0833086936214992,2.412356104646298,1.3388787577313637,0.3466997132660862,0.08989835652328224,0.7111688462964532,0.0833086936214992,2.412356104646298,25.768352845750286,0.020085058369195274,0.0,362,True
pituitary,excluded_at_or_below_-1,ENSG00000172113.10,NME6,1.0289190133418291,22.705135267699827,2.0444019020820643,0.4103805478559261,446.6766240836064,4.064915680397971,0.00016539811171655965,4.309257615624608,0.0,0.7939291671262083,3.223970793438639,1.9842604419994887,0.35498443542854047,-0.3373988568430232,0.598017659501985,0.7939291671262083,3.223970793438639,22.702901228846745,0.0037550169937388134,0.0,313,True
pituitary,raw,ENSG00000172113.10,NME6,1.0289190133418291,22.705135267699827,2.0444019020820643,0.4103805478559261,446.6766240836064,4.064915680397971,0.00016539811171655965,4.309257615624608,0.0,0.7939291671262083,3.223970793438639,1.9842604419994887,0.35498443542854047,-0.3373988568430232,0.598017659501985,0.7939291671262083,3.223970793438639,22.702901228846745,0.0037550169937388134,0.0,313,True
prostate,excluded_at_or_below_-1,ENSG00000172113.10,NME6,1.2896979452560238,14.269380041247603,2.519330734509465,0.4290634122013694,153.61405941058186,1.8787683770444923,0.17105199811262453,4.144142686454739,0.0,1.262024165679852,3.0893371267816896,2.4316712697997898,0.35722590768549406,-0.7261027189474281,0.49692255055111945,1.262024165679852,3.0893371267816896,14.26670230012393,2.4403479349141746,0.0,282,True
prostate,raw,ENSG00000172113.10,NME6,1.2896979452560238,14.269380041247603,2.519330734509465,0.4290634122013694,153.61405941058186,1.8787683770444923,0.17105199811262453,4.144142686454739,0.0,1.262024165679852,3.0893371267816896,2.4316712697997898,0.35722590768549406,-0.7261027189474281,0.49692255055111945,1.262024165679852,3.0893371267816896,14.26670230012393,2.4403479349141746,0.0,282,True
skin_not_sun_exposed_suprapubic,excluded_at_or_below_-1,ENSG00000172113.10,NME6,-0.6202421011714916,34.25389589147568,2.0266733857746746,0.5195858199709515,442.13484180175,2.1595763231077956,0.08047684976941263,2.8327738009949615,0.0,0.9859047654311156,2.82010746425213,2.001331908272795,0.3374688209200205,-0.21974279499770144,-0.4095902817669632,0.9859047654311156,2.82010746425213,33.6341703583086,2.706772075044433,0.0,651,True
skin_not_sun_exposed_suprapubic,raw,ENSG00000172113.10,NME6,-0.6202421011714916,34.25389589147568,2.0266733857746746,0.5195858199709515,442.13484180175,2.1595763231077956,0.08047684976941263,2.8327738009949615,0.0,0.9859047654311156,2.82010746425213,2.001331908272795,0.3374688209200205,-0.21974279499770144,-0.4095902817669632,0.9859047654311156,2.82010746425213,33.6341703583086,2.706772075044433,0.0,651,True
skin_sun_exposed_lower_leg,excluded_at_or_below_-1,ENSG00000172113.10,NME6,1.9304899839345668,55.773213694625014,2.0292320930196923,0.3724915644804305,831.6755913428544,3.8596717407362697,0.0005205299568334161,4.402640585605105,0.0,0.8696148165277302,3.04583609353236,1.9929980181408047,0.31203054953373743,-0.32910447798426246,0.45838765666691783,0.8696148165277302,3.04583609353236,55.76959113553108,0.02902974286639526,0.0,754,True
skin_sun_exposed_lower_leg,raw,ENSG00000172113.10,NME6,1.9304899839345668,55.773213694625014,2.0292320930196923,0.3724915644804305,831.6755913428544,3.8596717407362697,0.0005205299568334161,4.402640585605105,0.0,0.8696148165277302,3.04583609353236,1.9929980181408047,0.31203054953373743,-0.32910447798426246,0.45838765666691783,0.8696148165277302,3.04583609353236,55.76959113553108,0.02902974286639526,0.0,754,True
small_intestine_terminal_ileum,excluded_at_or_below_-1,ENSG00000172113.10,NME6,0.5270592490216286,9.10735854461163,2.107180043918195,0.5183351483655981,178.19042949150878,2.6028712652035884,0.0,2.2217524115992444,0.05273447944457404,1.2928671306934922,3.0611799908299764,2.1385131633930086,0.366735927881828,0.1607429572221522,-0.5156591469268328,1.2928671306934922,3.0611799908299764,8.799576215845468,0.0,0.46404107107546544,207,True
small_intestine_terminal_ileum,raw,ENSG00000172113.10,NME6,0.5270592490216286,9.10735854461163,2.107180043918195,0.5183351483655981,178.19042949150878,2.6028712652035884,0.0,2.2217524115992444,0.05273447944457404,1.2928671306934922,3.0611799908299764,2.1385131633930086,0.366735927881828,0.1607429572221522,-0.5156591469268328,1.2928671306934922,3.0611799908299764,8.799576215845468,0.0,0.46404107107546544,207,True
spleen,excluded_at_or_below_-1,ENSG00000172113.10,NME6,1.2344884210921367,14.865053402105437,2.335368342484453,0.3198580007948789,269.3912959682232,4.114905029606914,0.0,2.3760253029085816,0.05924461903700803,1.797973762594343,3.2660518907473186,2.3888188087308064,0.2748230989611295,0.629851549236657,0.46157270687594165,1.797973762594343,3.2660518907473186,14.861863254889547,0.0,0.8804854267160394,277,True
spleen,raw,ENSG00000172113.10,NME6,1.2344884210921367,14.865053402105437,2.335368342484453,0.3198580007948789,269.3912959682232,4.114905029606914,0.0,2.3760253029085816,0.05924461903700803,1.797973762594343,3.2660518907473186,2.3888188087308064,0.2748230989611295,0.629851549236657,0.46157270687594165,1.797973762594343,3.2660518907473186,14.861863254889547,0.0,0.8804854267160394,277,True
stomach,excluded_at_or_below_-1,ENSG00000172113.10,NME6,1.5935255901779928,29.49808374080854,1.9025323050514287,0.44074223667851237,296.0506282251886,3.504526972892716,0.002150970633939577,5.109870730913436,0.0,0.3100317697703945,2.994724529499507,1.8788078563211739,0.40696990669452937,-0.4190294918805299,0.8924068304185226,0.3100317697703945,2.994724529499507,29.497720686427964,0.06344873096465853,0.0,407,True
stomach,raw,ENSG00000172113.10,NME6,1.5935255901779928,29.49808374080854,1.9025323050514287,0.44074223667851237,296.0506282251886,3.504526972892716,0.002150970633939577,5.109870730913436,0.0,0.3100317697703945,2.994724529499507,1.8788078563211739,0.40696990669452937,-0.4190294918805299,0.8924068304185226,0.3100317697703945,2.994724529499507,29.497720686427964,0.06344873096465853,0.0,407,True
testis,excluded_at_or_below_-1,ENSG00000172113.10,NME6,0.8061070943791009,24.97041585717127,2.0215463073360747,0.33017866435646626,347.6399247339966,3.5522658965365412,0.0,2.995908739653697,0.009443962455446313,1.3220867826141949,2.8508994123857296,2.0364392550385713,0.25121738529682136,0.0625643299121453,-0.07008616459855377,1.3220867826141949,2.8508994123857296,24.924982612986962,0.0,0.23539059999970102,414,True
testis,raw,ENSG00000172113.10,NME6,0.8061070943791009,24.97041585717127,2.0215463073360747,0.33017866435646626,347.6399247339966,3.5522658965365412,0.0,2.995908739653697,0.009443962455446313,1.3220867826141949,2.8508994123857296,2.0364392550385713,0.25121738529682136,0.0625643299121453,-0.07008616459855377,1.3220867826141949,2.8508994123857296,24.924982612986962,0.0,0.23539059999970102,414,True
thyroid,excluded_at_or_below_-1,ENSG00000172113.10,NME6,1.4472845433981263,41.71142799126145,2.634385734049121,0.38455422097011616,902.7549506296127,2.4766421959374894,0.04639958939995692,4.15898477103519,0.0,1.503470862911663,3.307836502462271,2.5843596456040867,0.2983989416966507,-0.5714527951342088,0.39451811717998764,1.503470862911663,3.307836502462271,41.70363343390296,1.9350314678194127,0.0,684,True
thyroid,raw,ENSG00000172113.10,NME6,1.4472845433981263,41.71142799126145,2.634385734049121,0.38455422097011616,902.7549506296127,2.4766421959374894,0.04639958939995692,4.15898477103519,0.0,1.503470862911663,3.307836502462271,2.5843596456040867,0.2983989416966507,-0.5714527951342088,0.39451811717998764,1.503470862911663,3.307836502462271,41.70363343390296,1.9350314678194127,0.0,684,True
uterus,excluded_at_or_below_-1,ENSG00000172113.10,NME6,0.10354266673046651,10.13814977697741,2.7493481284809183,0.3974109081666678,84.92050967196136,2.5425612457231037,0.03935093523647947,4.2487836005125725,0.0,1.5553891719213673,3.4638382172597586,2.7068113722750815,0.30016729398317693,-0.7021292609010026,1.0475706021342095,1.5553891719213673,3.4638382172597586,10.13688841234468,0.3988960394135947,0.0,153,True
uterus,raw,ENSG00000172113.10,NME6,0.10354266673046651,10.13814977697741,2.7493481284809183,0.3974109081666678,84.92050967196136,2.5425612457231037,0.03935093523647947,4.2487836005125725,0.0,1.5553891719213673,3.4638382172597586,2.7068113722750815,0.30016729398317693,-0.7021292609010026,1.0475706021342095,1.5553891719213673,3.4638382172597586,10.13688841234468,0.3988960394135947,0.0,153,True
vagina,excluded_at_or_below_-1,ENSG00000172113.10,NME6,1.1532888267949684,12.396271441008057,2.5413006761426717,0.24516381598075251,128.59144066602147,3.198488213325094,0.006004999944223731,6.828922927712931,0.0,1.357459106141614,3.0957809870459307,2.459061278047139,0.30426882943786304,-1.0324247761981267,1.5619042035423867,1.357459106141614,3.0957809870459307,12.396263940070078,0.07443956426870346,0.0,170,True
vagina,raw,ENSG00000172113.10,NME6,1.1532888267949684,12.396271441008057,2.5413006761426717,0.24516381598075251,128.59144066602147,3.198488213325094,0.006004999944223731,6.828922927712931,0.0,1.357459106141614,3.0957809870459307,2.459061278047139,0.30426882943786304,-1.0324247761981267,1.5619042035423867,1.357459106141614,3.0957809870459307,12.396263940070078,0.07443956426870346,0.0,170,True
whole_blood,excluded_at_or_below_-1,ENSG00000172113.10,NME6,0.5665570593882215,45.62733025684512,1.8615190541225461,0.8351671378215803,812.2614706166883,2.0798042980598512,0.11396058228800962,3.6725589999553,0.0,-0.3073192812464725,3.089752362764384,1.7655289076190044,0.5792318574752436,-0.5225419912275785,-0.06484542964696693,-0.3073192812464725,3.089752362764384,45.57319149898015,5.193547439946748,0.0,803,True
whole_blood,raw,ENSG00000172113.10,NME6,0.5665570593882215,45.62733025684512,1.8615190541225461,0.8351671378215803,812.2614706166883,2.0798042980598512,0.11396058228800962,3.6725589999553,0.0,-0.3073192812464725,3.089752362764384,1.7655289076190044,0.5792318574752436,-0.5225419912275785,-0.06484542964696693,-0.3073192812464725,3.089752362764384,45.57319149898015,5.193547439946748,0.0,803,True
adipose_subcutaneous,excluded_at_or_below_-1,ENSG00000143156.14,NME7,1.4309274714952849,42.07013839918966,2.336981517987678,0.5100143239762388,821.7508026042366,2.6275678267444778,0.030877491224048266,3.7671849502620924,0.0,0.9784043293505184,3.284573355963036,2.2961842811194413,0.38703779496712193,-0.2946402662222962,-0.07464585491705567,0.9784043293505184,3.284573355963036,42.03524356811859,1.297942864375313,0.0,714,True
adipose_subcutaneous,raw,ENSG00000143156.14,NME7,1.4309274714952849,42.07013839918966,2.336981517987678,0.5100143239762388,821.7508026042366,2.6275678267444778,0.030877491224048266,3.7671849502620924,0.0,0.9784043293505184,3.284573355963036,2.2961842811194413,0.38703779496712193,-0.2946402662222962,-0.07464585491705567,0.9784043293505184,3.284573355963036,42.03524356811859,1.297942864375313,0.0,714,True
adipose_visceral_omentum,excluded_at_or_below_-1,ENSG00000143156.14,NME7,-4.306947822128822,34.205288443728165,2.3291682219955474,0.907682869035375,502.50758654396134,2.145411268687008,0.02111924282924589,2.2436414313152437,0.0,0.8891347322547767,3.706154772990665,2.331672534873799,0.5042601578736786,0.007145997226493482,-0.47936262579036715,0.8891347322547767,3.706154772990665,31.444736775496978,0.6640890316634391,0.0,587,True
adipose_visceral_omentum,raw,ENSG00000143156.14,NME7,-4.306947822128822,34.205288443728165,2.3291682219955474,0.907682869035375,502.50758654396134,2.145411268687008,0.02111924282924589,2.2436414313152437,0.0,0.8891347322547767,3.706154772990665,2.331672534873799,0.5042601578736786,0.007145997226493482,-0.47936262579036715,0.8891347322547767,3.706154772990665,31.444736775496978,0.6640890316634391,0.0,587,True
adrenal_gland,excluded_at_or_below_-1,ENSG00000143156.14,NME7,1.5190320880673418,16.491483042535727,2.398140378276646,0.6782084421814092,209.8281297282084,2.395571874217432,0.056710582579761526,4.605456567241286,0.0,0.1895209680925229,3.546974693102697,2.228604819946361,0.6099574329489059,-0.6764772877404129,0.1240821317795926,0.1895209680925229,3.546974693102697,16.49107264406125,0.9352183370098819,0.0,295,True
adrenal_gland,raw,ENSG00000143156.14,NME7,1.5190320880673418,16.491483042535727,2.398140378276646,0.6782084421814092,209.8281297282084,2.395571874217432,0.056710582579761526,4.605456567241286,0.0,0.1895209680925229,3.546974693102697,2.228604819946361,0.6099574329489059,-0.6764772877404129,0.1240821317795926,0.1895209680925229,3.546974693102697,16.49107264406125,0.9352183370098819,0.0,295,True
artery_aorta,excluded_at_or_below_-1,ENSG00000143156.14,NME7,0.5772168313407082,42.070917793764316,3.0756817564643724,0.39070854523901627,333.4063356144433,3.9370534458895317,0.00043032113443265436,5.459186278804088,0.0,1.5674578319241603,4.163381991632913,3.102938047614058,0.30888451472624706,0.013630060644163602,1.3299392571678395,1.5674578319241603,4.163381991632913,42.07090206732523,0.018103998304216495,0.0,472,True
artery_aorta,raw,ENSG00000143156.14,NME7,0.5772168313407082,42.070917793764316,3.0756817564643724,0.39070854523901627,333.4063356144433,3.9370534458895317,0.00043032113443265436,5.459186278804088,0.0,1.5674578319241603,4.163381991632913,3.102938047614058,0.30888451472624706,0.013630060644163602,1.3299392571678395,1.5674578319241603,4.163381991632913,42.07090206732523,0.018103998304216495,0.0,472,True
artery_coronary,excluded_at_or_below_-1,ENSG00000143156.14,NME7,1.6279829183251853,16.38382867554539,3.013170952634735,0.4447612649525295,294.5777460607477,3.0723574854932925,0.008914718841048568,5.016201151576275,0.0,1.4356072601414382,3.979408045808553,2.9073035495536743,0.45431315775427644,-0.6589207871525959,0.5510282315631057,1.4356072601414382,3.979408045808553,16.38343409709436,0.14605370862644462,0.0,268,True
artery_coronary,raw,ENSG00000143156.14,NME7,1.6279829183251853,16.38382867554539,3.013170952634735,0.4447612649525295,294.5777460607477,3.0723574854932925,0.008914718841048568,5.016201151576275,0.0,1.4356072601414382,3.979408045808553,2.9073035495536743,0.45431315775427644,-0.6589207871525959,0.5510282315631057,1.4356072601414382,3.979408045808553,16.38343409709436,0.14605370862644462,0.0,268,True
artery_tibial,excluded_at_or_below_-1,ENSG00000143156.14,NME7,0.3627788814463872,58.8648318045816,3.0434292925815036,0.46319052791109006,442.53613476944633,3.022608960766644,0.010377803522811516,5.6912662206846,0.0,1.1793963944540624,4.033409785949829,3.0246214314437756,0.348202962135652,-0.3649445890936762,1.2922718727086693,1.1793963944540624,4.033409785949829,58.864516586524054,0.6108843876002262,0.0,691,True
artery_tibial,raw,ENSG00000143156.14,NME7,0.3627788814463872,58.8648318045816,3.0434292925815036,0.46319052791109006,442.53613476944633,3.022608960766644,0.010377803522811516,5.6912662206846,0.0,1.1793963944540624,4.033409785949829,3.0246214314437756,0.348202962135652,-0.3649445890936762,1.2922718727086693,1.1793963944540624,4.033409785949829,58.864516586524054,0.6108843876002262,0.0,691,True
bladder,excluded_at_or_below_-1,ENSG00000143156.14,NME7,0.6037304513250895,3.023481717087097,2.700872487773922,0.3764079158494099,70.39921027694433,2.293645496283246,0.06895113306257143,3.3780017465726857,0.0,1.8017815505964685,3.311350525832502,2.709848083331417,0.3326616021239772,-0.2218450048435584,-0.14278040013370719,1.8017815505964685,3.311350525832502,3.013412479376817,0.2077782048379242,0.0,77,True
bladder,raw,ENSG00000143156.14,NME7,0.6037304513250895,3.023481717087097,2.700872487773922,0.3764079158494099,70.39921027694433,2.293645496283246,0.06895113306257143,3.3780017465726857,0.0,1.8017815505964685,3.311350525832502,2.709848083331417,0.3326616021239772,-0.2218450048435584,-0.14278040013370719,1.8017815505964685,3.311350525832502,3.013412479376817,0.2077782048379242,0.0,77,True
brain_amygdala,excluded_at_or_below_-1,ENSG00000143156.14,NME7,1.2562845934721096,8.703961921471622,1.635561585776861,0.6880624607462793,110.0670148550528,2.385958960536054,0.05793142308561629,4.232205006635296,0.0,-0.4235484869350294,2.796410864347819,1.5025426502096881,0.6429893026962799,-0.49366570202649823,0.03895851234510683,-0.4235484869350294,2.796410864347819,8.7028378487542,0.5041677814616943,0.0,181,True
brain_amygdala,raw,ENSG00000143156.14,NME7,1.2562845934721096,8.703961921471622,1.635561585776861,0.6880624607462793,110.0670148550528,2.385958960536054,0.05793142308561629,4.232205006635296,0.0,-0.4235484869350294,2.796410864347819,1.5025426502096881,0.6429893026962799,-0.49366570202649823,0.03895851234510683,-0.4235484869350294,2.796410864347819,8.7028378487542,0.5041677814616943,0.0,181,True
brain_anterior_cingulate_cortex_ba24,excluded_at_or_below_-1,ENSG00000143156.14,NME7,0.08778792429789847,11.779170322338022,1.8617535888473211,1.0213791244250812,294.26949432074707,2.1034890968571847,0.09759786851743145,2.9437855077608694,0.0,-0.2643192649348665,3.380944119293453,1.7824822559813494,0.6874680943351434,-0.2922303716720167,-0.4042906830917521,-0.2643192649348665,3.380944119293453,11.624467446248056,1.13452324540408,0.0,233,True
brain_anterior_cingulate_cortex_ba24,raw,ENSG00000143156.14,NME7,0.08778792429789847,11.779170322338022,1.8617535888473211,1.0213791244250812,294.26949432074707,2.1034890968571847,0.09759786851743145,2.9437855077608694,0.0,-0.2643192649348665,3.380944119293453,1.7824822559813494,0.6874680943351434,-0.2922303716720167,-0.4042906830917521,-0.2643192649348665,3.380944119293453,11.624467446248056,1.13452324540408,0.0,233,True
brain_caudate_basal_ganglia,excluded_at_or_below_-1,ENSG00000143156.14,NME7,1.3897870540977386,14.03032261300953,1.8739393589199762,0.882883361479717,156.03793735892873,2.624047073307735,0.024016428638995925,3.101357298136179,0.0,-0.0622157094371982,3.512113084870818,1.8057365520692725,0.7083167227821012,-0.20348877221095402,-0.24953101890964868,-0.0622157094371982,3.512113084870818,13.915774362749348,0.3342072019393387,0.0,300,True
brain_caudate_basal_ganglia,raw,ENSG00000143156.14,NME7,1.3897870540977386,14.03032261300953,1.8739393589199762,0.882883361479717,156.03793735892873,2.624047073307735,0.024016428638995925,3.101357298136179,0.0,-0.0622157094371982,3.512113084870818,1.8057365520692725,0.7083167227821012,-0.20348877221095402,-0.24953101890964868,-0.0622157094371982,3.512113084870818,13.915774362749348,0.3342072019393387,0.0,300,True
brain_cerebellar_hemisphere,excluded_at_or_below_-1,ENSG00000143156.14,NME7,2.062417340691009,19.802476143533568,2.1997683944679403,0.43977204011747134,275.0148713276541,2.8353845038294225,0.017958465507556864,7.3498507245131455,0.0,-0.0857837552754038,3.0814759815979587,1.9881198724432907,0.5793666372431031,-1.1470097619166453,1.2477192163611228,-0.0857837552754038,3.0814759815979587,19.80229825516921,0.3556188901858097,0.0,277,True
brain_cerebellar_hemisphere,raw,ENSG00000143156.14,NME7,2.062417340691009,19.802476143533568,2.1997683944679403,0.43977204011747134,275.0148713276541,2.8353845038294225,0.017958465507556864,7.3498507245131455,0.0,-0.0857837552754038,3.0814759815979587,1.9881198724432907,0.5793666372431031,-1.1470097619166453,1.2477192163611228,-0.0857837552754038,3.0814759815979587,19.80229825516921,0.3556188901858097,0.0,277,True
brain_cerebellum,excluded_at_or_below_-1,ENSG00000143156.14,NME7,1.6806220294339724,18.988604784120298,2.076348623016905,0.3782141067186255,265.64492561426647,3.1259410107500507,0.007553539833210434,6.4439188543127175,0.0,0.3530014015678857,2.912343283577261,1.9762252035094563,0.43143139039406464,-0.9343091549783333,1.3574424715738003,0.3530014015678857,2.912343283577261,18.98832460587047,0.14342906627637242,0.0,266,True
brain_cerebellum,raw,ENSG00000143156.14,NME7,1.6806220294339724,18.988604784120298,2.076348623016905,0.3782141067186255,265.64492561426647,3.1259410107500507,0.007553539833210434,6.4439188543127175,0.0,0.3530014015678857,2.912343283577261,1.9762252035094563,0.43143139039406464,-0.9343091549783333,1.3574424715738003,0.3530014015678857,2.912343283577261,18.98832460587047,0.14342906627637242,0.0,266,True
brain_cortex,excluded_at_or_below_-1,ENSG00000143156.14,NME7,1.9289994321738357,15.469960296703483,2.259021922616619,0.5153259464924528,365.5724101310555,3.078102840458344,0.008757354917228287,4.95710292246941,0.0,0.4527008524838443,3.3806532673185927,2.0904653669913404,0.5292029952811714,-0.60848576621727,0.1789482499275037,0.4527008524838443,3.3806532673185927,15.469590358634182,0.13547269319469235,0.0,270,True
brain_cortex,raw,ENSG00000143156.14,NME7,1.9289994321738357,15.469960296703483,2.259021922616619,0.5153259464924528,365.5724101310555,3.078102840458344,0.008757354917228287,4.95710292246941,0.0,0.4527008524838443,3.3806532673185927,2.0904653669913404,0.5292029952811714,-0.60848576621727,0.1789482499275037,0.4527008524838443,3.3806532673185927,15.469590358634182,0.13547269319469235,0.0,270,True
brain_frontal_cortex_ba9,excluded_at_or_below_-1,ENSG00000143156.14,NME7,0.9316133865972511,13.163441009798106,2.3140860138051695,0.8646869201732698,172.83037532115299,1.9290715462398407,0.15433441168683207,3.6130709098849207,0.0,0.1049605743676056,3.493570483826081,2.1783785464379393,0.6544252656418825,-0.5365220128062932,0.044297419279786254,0.1049605743676056,3.493570483826081,13.144041935237691,2.028577979261959,0.0,269,True
brain_frontal_cortex_ba9,raw,ENSG00000143156.14,NME7,0.9316133865972511,13.163441009798106,2.3140860138051695,0.8646869201732698,172.83037532115299,1.9290715462398407,0.15433441168683207,3.6130709098849207,0.0,0.1049605743676056,3.493570483826081,2.1783785464379393,0.6544252656418825,-0.5365220128062932,0.044297419279786254,0.1049605743676056,3.493570483826081,13.144041935237691,2.028577979261959,0.0,269,True
brain_hippocampus,excluded_at_or_below_-1,ENSG00000143156.14,NME7,0.9494091242536843,12.469303232702158,1.4542356308404525,0.9945053035980763,201.9516596001126,3.1736719799373856,0.0,2.5522240106598484,0.03221698916640367,-0.3405430236029346,3.686029823672317,1.448969269751429,0.7824740066901609,0.0500689169152804,-0.13061430851075606,-0.3405430236029346,3.686029823672317,12.388264399363369,0.0,0.39911257994483385,255,True
brain_hippocampus,raw,ENSG00000143156.14,NME7,0.9494091242536843,12.469303232702158,1.4542356308404525,0.9945053035980763,201.9516596001126,3.1736719799373856,0.0,2.5522240106598484,0.03221698916640367,-0.3405430236029346,3.686029823672317,1.448969269751429,0.7824740066901609,0.0500689169152804,-0.13061430851075606,-0.3405430236029346,3.686029823672317,12.388264399363369,0.0,0.39911257994483385,255,True
brain_hypothalamus,excluded_at_or_below_-1,ENSG00000143156.14,NME7,0.9722183810610365,13.136372139421432,1.9819182395381207,0.92489512063681,363.43821536999644,2.8778372311813216,0.008831585090922071,3.1439476732416267,0.0,-0.074222317931301,3.864022671233811,1.9083920564196508,0.75179088796444,-0.2655592160409128,-0.011544827643214628,-0.074222317931301,3.864022671233811,13.04254702697779,0.11518636387110703,0.0,257,True
brain_hypothalamus,raw,ENSG00000143156.14,NME7,0.9722183810610365,13.136372139421432,1.9819182395381207,0.92489512063681,363.43821536999644,2.8778372311813216,0.008831585090922071,3.1439476732416267,0.0,-0.074222317931301,3.864022671233811,1.9083920564196508,0.75179088796444,-0.2655592160409128,-0.011544827643214628,-0.074222317931301,3.864022671233811,13.04254702697779,0.11518636387110703,0.0,257,True
brain_nucleus_accumbens_basal_ganglia,excluded_at_or_below_-1,ENSG00000143156.14,NME7,2.0942467706200167,13.073612317797139,2.2081168684979047,0.8016051189260048,353.086533392421,2.151751878878694,0.09866130679251961,4.2605192271621,0.0,-0.2068324097743965,3.4277737623785205,1.999914488413143,0.7387152681262975,-0.5603624828323114,-0.19626957480578566,-0.2068324097743965,3.4277737623785205,13.072116979775917,1.2897121437693766,0.0,285,True
brain_nucleus_accumbens_basal_ganglia,raw,ENSG00000143156.14,NME7,2.0942467706200167,13.073612317797139,2.2081168684979047,0.8016051189260048,353.086533392421,2.151751878878694,0.09866130679251961,4.2605192271621,0.0,-0.2068324097743965,3.4277737623785205,1.999914488413143,0.7387152681262975,-0.5603624828323114,-0.19626957480578566,-0.2068324097743965,3.4277737623785205,13.072116979775917,1.2897121437693766,0.0,285,True
brain_putamen_basal_ganglia,excluded_at_or_below_-1,ENSG00000143156.14,NME7,0.3325688692284963,11.760541203687907,1.4004341415372652,0.9538554857276565,148.86967307164468,2.394393975576771,0.004514559845706107,2.4268132166817074,0.0,-0.2363972120553775,3.0153994405297944,1.4184863081764743,0.6577794800858286,0.0546677849503843,-0.4203984766102944,-0.2363972120553775,3.0153994405297944,11.141643819884795,0.0502996178044115,0.0,254,True
brain_putamen_basal_ganglia,raw,ENSG00000143156.14,NME7,0.3325688692284963,11.760541203687907,1.4004341415372652,0.9538554857276565,148.86967307164468,2.394393975576771,0.004514559845706107,2.4268132166817074,0.0,-0.2363972120553775,3.0153994405297944,1.4184863081764743,0.6577794800858286,0.0546677849503843,-0.4203984766102944,-0.2363972120553775,3.0153994405297944,11.141643819884795,0.0502996178044115,0.0,254,True
brain_spinal_cord_cervical_c-1,excluded_at_or_below_-1,ENSG00000143156.14,NME7,0.7276828469008655,9.013808664494029,1.5906880205696217,0.8333451583597975,254.6183993619739,1.7580994426618286,0.20853120121114838,3.2030573488769325,0.0,-0.2967584052419585,2.626672752605993,1.461450262139469,0.6024157520270464,-0.4830890080488088,-0.23690507673297656,-0.2967584052419585,2.626672752605993,8.960444192226207,1.8685321907903891,0.0,204,True
brain_spinal_cord_cervical_c-1,raw,ENSG00000143156.14,NME7,0.7276828469008655,9.013808664494029,1.5906880205696217,0.8333451583597975,254.6183993619739,1.7580994426618286,0.20853120121114838,3.2030573488769325,0.0,-0.2967584052419585,2.626672752605993,1.461450262139469,0.6024157520270464,-0.4830890080488088,-0.23690507673297656,-0.2967584052419585,2.626672752605993,8.960444192226207,1.8685321907903891,0.0,204,True
brain_substantia_nigra,excluded_at_or_below_-1,ENSG00000143156.14,NME7,-0.19443505471338224,9.838095870074183,1.6275149988358404,0.8517160001776666,214.11607706118627,2.3226044314615484,0.04752067603616973,2.782024224548844,0.0,-0.0479706618687768,3.0263131782564026,1.6148926688497776,0.5607323218502116,-0.13158516177692273,-0.2517057908392215,-0.0479706618687768,3.0263131782564026,9.632780201392178,0.4577562272779875,0.0,183,True
brain_substantia_nigra,raw,ENSG00000143156.14,NME7,-0.19443505471338224,9.838095870074183,1.6275149988358404,0.8517160001776666,214.11607706118627,2.3226044314615484,0.04752067603616973,2.782024224548844,0.0,-0.0479706618687768,3.0263131782564026,1.6148926688497776,0.5607323218502116,-0.13158516177692273,-0.2517057908392215,-0.0479706618687768,3.0263131782564026,9.632780201392178,0.4577562272779875,0.0,183,True
breast_mammary_tissue,excluded_at_or_below_-1,ENSG00000143156.14,NME7,0.6648147115090394,29.7202780013527,2.504991920156386,0.6318476076851264,501.79416345792515,2.7094397514098207,0.022250215748243034,3.3817360564471723,0.0,0.99408727750598,3.7155255132740814,2.4340649384783206,0.4617743373153626,-0.3745756854736631,-0.11343243185045493,0.99408727750598,3.7155255132740814,29.622313424346178,0.6591028646537783,0.0,514,True
breast_mammary_tissue,raw,ENSG00000143156.14,NME7,0.6648147115090394,29.7202780013527,2.504991920156386,0.6318476076851264,501.79416345792515,2.7094397514098207,0.022250215748243034,3.3817360564471723,0.0,0.99408727750598,3.7155255132740814,2.4340649384783206,0.4617743373153626,-0.3745756854736631,-0.11343243185045493,0.99408727750598,3.7155255132740814,29.622313424346178,0.6591028646537783,0.0,514,True
cells_cultured_fibroblasts,excluded_at_or_below_-1,ENSG00000143156.14,NME7,0.9359185111312799,47.643542968779904,3.583085561632602,0.4039416678347163,1546.3056168694318,3.9874886321791876,0.0,3.7846515153321585,0.00042316431389805844,2.502075956045791,4.72203151110547,3.543412735045622,0.3087140141854802,-0.16750711733971196,0.28775754948545584,2.502075956045791,4.72203151110547,47.626340100205006,0.0,0.02015376753197884,652,True
cells_cultured_fibroblasts,raw,ENSG00000143156.14,NME7,0.9359185111312799,47.643542968779904,3.583085561632602,0.4039416678347163,1546.3056168694318,3.9874886321791876,0.0,3.7846515153321585,0.00042316431389805844,2.502075956045791,4.72203151110547,3.543412735045622,0.3087140141854802,-0.16750711733971196,0.28775754948545584,2.502075956045791,4.72203151110547,47.626340100205006,0.0,0.02015376753197884,652,True
cells_ebv-transformed_lymphocytes,excluded_at_or_below_-1,ENSG00000143156.14,NME7,1.2257213379469123,21.150998162482015,2.4650919051126077,0.3563518629852083,477.3898305074264,3.6089157695204,0.0011747710585563649,4.018954920159688,0.0,1.4524003914990202,3.3744622378841793,2.469295407842182,0.30797926456475483,-0.10264302539414687,0.356224391149111,1.4524003914990202,3.3744622378841793,21.144147304440096,0.024839532311108803,0.0,327,True
cells_ebv-transformed_lymphocytes,raw,ENSG00000143156.14,NME7,1.2257213379469123,21.150998162482015,2.4650919051126077,0.3563518629852083,477.3898305074264,3.6089157695204,0.0011747710585563649,4.018954920159688,0.0,1.4524003914990202,3.3744622378841793,2.469295407842182,0.30797926456475483,-0.10264302539414687,0.356224391149111,1.4524003914990202,3.3744622378841793,21.144147304440096,0.024839532311108803,0.0,327,True
cervix_ectocervix,excluded_at_or_below_-1,ENSG00000143156.14,NME7,-305.4262788359417,306.1342325493733,2.5202252634433817,34.242892939807135,21.191683602745393,0.05011816946387798,0.0,0.040353437647202464,0.3515649078349689,1.54313207054004,3.7337556360491018,2.6019990383271185,0.6009262279655957,0.15253683349141375,-1.1875868513904166,1.54313207054004,3.7337556360491018,0.38423727232509464,0.0,0.13508434123173174,24,True
cervix_ectocervix,raw,ENSG00000143156.14,NME7,-305.4262788359417,306.1342325493733,2.5202252634433817,34.242892939807135,21.191683602745393,0.05011816946387798,0.0,0.040353437647202464,0.3515649078349689,1.54313207054004,3.7337556360491018,2.6019990383271185,0.6009262279655957,0.15253683349141375,-1.1875868513904166,1.54313207054004,3.7337556360491018,0.38423727232509464,0.0,0.13508434123173174,24,True
cervix_endocervix,excluded_at_or_below_-1,ENSG00000143156.14,NME7,0.4597139564304284,2.7670086195498267,3.3561795039088382,0.03175976197180179,13.276524516399093,25.185282204177614,0.0,34.977563633031195,0.0,2.5706693625165236,3.92177906346554,3.2906975382276125,0.31872904721003065,-0.24493512712134186,0.13751481079244776,2.5706693625165236,3.92177906346554,2.7661538193306288,0.0,0.0,23,True
cervix_endocervix,raw,ENSG00000143156.14,NME7,0.4597139564304284,2.7670086195498267,3.3561795039088382,0.03175976197180179,13.276524516399093,25.185282204177614,0.0,34.977563633031195,0.0,2.5706693625165236,3.92177906346554,3.2906975382276125,0.31872904721003065,-0.24493512712134186,0.13751481079244776,2.5706693625165236,3.92177906346554,2.7661538193306288,0.0,0.0,23,True
colon_sigmoid,excluded_at_or_below_-1,ENSG00000143156.14,NME7,1.4865366145117782,27.12816291548528,2.9174440361101315,0.5746927326134982,400.5331610127758,2.3853447036050435,0.05813714251291156,5.115999706615998,0.0,0.8384596947979357,3.886774484079817,2.804559853017993,0.5397770422566739,-1.1092015906164956,1.8001692104500053,0.8384596947979357,3.886774484079817,27.12762595636875,1.5771226562623688,0.0,419,True
colon_sigmoid,raw,ENSG00000143156.14,NME7,1.4865366145117782,27.12816291548528,2.9174440361101315,0.5746927326134982,400.5331610127758,2.3853447036050435,0.05813714251291156,5.115999706615998,0.0,0.8384596947979357,3.886774484079817,2.804559853017993,0.5397770422566739,-1.1092015906164956,1.8001692104500053,0.8384596947979357,3.886774484079817,27.12762595636875,1.5771226562623688,0.0,419,True
colon_transverse,excluded_at_or_below_-1,ENSG00000143156.14,NME7,-34388.92894071486,34405.52960689832,2.0279336281767706,88.49825033953091,829.3385811047918,0.02587414513145455,0.27583005422088025,0.030406013956285505,0.0,0.1251948152246127,3.647078454734957,1.9943507715900866,0.8421160253912638,-0.07063229159763211,-1.1201013426379138,0.1251948152246127,3.647078454734957,15.900700163576403,4.385890988269239,0.0,479,True
colon_transverse,raw,ENSG00000143156.14,NME7,-34388.92894071486,34405.52960689832,2.0279336281767706,88.49825033953091,829.3385811047918,0.02587414513145455,0.27583005422088025,0.030406013956285505,0.0,0.1251948152246127,3.647078454734957,1.9943507715900866,0.8421160253912638,-0.07063229159763211,-1.1201013426379138,0.1251948152246127,3.647078454734957,15.900700163576403,4.385890988269239,0.0,479,True
esophagus_gastroesophageal_junction,excluded_at_or_below_-1,ENSG00000143156.14,NME7,1.4905310458668155,26.026453634464062,2.7316654821288013,0.595000976186203,579.8553979329383,3.138728378626519,0.007208190937403727,4.454509291219571,0.0,0.8575232399495947,4.052220240585731,2.6183112521771723,0.5252146091833576,-0.6775856408908255,0.4515072828221238,0.8575232399495947,4.052220240585731,26.024843519778646,0.18759204120661854,0.0,403,True
esophagus_gastroesophageal_junction,raw,ENSG00000143156.14,NME7,1.4905310458668155,26.026453634464062,2.7316654821288013,0.595000976186203,579.8553979329383,3.138728378626519,0.007208190937403727,4.454509291219571,0.0,0.8575232399495947,4.052220240585731,2.6183112521771723,0.5252146091833576,-0.6775856408908255,0.4515072828221238,0.8575232399495947,4.052220240585731,26.024843519778646,0.18759204120661854,0.0,403,True
esophagus_mucosa,excluded_at_or_below_-1,ENSG00000143156.14,NME7,2.280393948366926,44.54886733168175,1.6386951250039634,0.5402696954189068,674.2577866276622,3.773620220024698,0.0007972301791202938,4.769760711176405,0.0,-0.1834887623603529,3.080325088924156,1.5808529360180643,0.48434461186836,-0.34293199771691424,0.4963552351242977,-0.1834887623603529,3.080325088924156,44.54755271159276,0.035514653427633824,0.0,614,True
esophagus_mucosa,raw,ENSG00000143156.14,NME7,2.280393948366926,44.54886733168175,1.6386951250039634,0.5402696954189068,674.2577866276622,3.773620220024698,0.0007972301791202938,4.769760711176405,0.0,-0.1834887623603529,3.080325088924156,1.5808529360180643,0.48434461186836,-0.34293199771691424,0.4963552351242977,-0.1834887623603529,3.080325088924156,44.54755271159276,0.035514653427633824,0.0,614,True
esophagus_muscularis,excluded_at_or_below_-1,ENSG00000143156.14,NME7,2.6520307041468714,32.76462093919359,2.7349886973026427,0.567766808568301,447.4699903867463,2.270717747048455,0.07591418545164237,4.867694463932075,0.0,0.7807468314314805,3.646617748743587,2.5994070487026883,0.5131629503710796,-0.7928055568395925,0.48990628892606924,0.7807468314314805,3.646617748743587,32.76389614594238,2.4872444881414206,0.0,561,True
esophagus_muscularis,raw,ENSG00000143156.14,NME7,2.6520307041468714,32.76462093919359,2.7349886973026427,0.567766808568301,447.4699903867463,2.270717747048455,0.07591418545164237,4.867694463932075,0.0,0.7807468314314805,3.646617748743587,2.5994070487026883,0.5131629503710796,-0.7928055568395925,0.48990628892606924,0.7807468314314805,3.646617748743587,32.76389614594238,2.4872444881414206,0.0,561,True
fallopian_tube,excluded_at_or_below_-1,ENSG00000143156.14,NME7,0.3856518959210193,1.0277192910154487,3.1247111021914313,0.33558123310834787,22.63395001145725,5.15163570834144,0.0,2.373456408271302,0.059804499002015045,2.561509440569645,4.347151834996489,3.3141349841512473,0.4644670749767874,0.6588446420246058,-0.4494395915574132,2.561509440569645,4.347151834996489,1.027717096371321,0.0,0.06146210606429248,29,True
fallopian_tube,raw,ENSG00000143156.14,NME7,0.3856518959210193,1.0277192910154487,3.1247111021914313,0.33558123310834787,22.63395001145725,5.15163570834144,0.0,2.373456408271302,0.059804499002015045,2.561509440569645,4.347151834996489,3.3141349841512473,0.4644670749767874,0.6588446420246058,-0.4494395915574132,2.561509440569645,4.347151834996489,1.027717096371321,0.0,0.06146210606429248,29,True
heart_atrial_appendage,excluded_at_or_below_-1,ENSG00000143156.14,NME7,0.4125681438777152,30.680701138863693,1.5182063172901497,0.6189669443714244,354.048442466394,2.860538910155841,0.01644199333680663,4.04545054385544,0.0,-0.2523891771655299,2.770194754951317,1.4751985860292887,0.4624072052086993,-0.31469596694910207,0.3827617471076663,-0.2523891771655299,2.770194754951317,30.67210284451749,0.5043105105954042,0.0,461,True
heart_atrial_appendage,raw,ENSG00000143156.14,NME7,0.4125681438777152,30.680701138863693,1.5182063172901497,0.6189669443714244,354.048442466394,2.860538910155841,0.01644199333680663,4.04545054385544,0.0,-0.2523891771655299,2.770194754951317,1.4751985860292887,0.4624072052086993,-0.31469596694910207,0.3827617471076663,-0.2523891771655299,2.770194754951317,30.67210284451749,0.5043105105954042,0.0,461,True
heart_left_ventricle,excluded_at_or_below_-1,ENSG00000143156.14,NME7,-23.101433871256933,41.56182170332811,0.9621558430941628,2.426737865558511,1028.340556363872,1.1738329174713,0.0,1.0361707487424736,0.16568705482116178,-0.8158746171271627,2.9764094639451795,0.930792021629189,0.7950983361601467,-0.279827693787089,-0.8692446431545382,-0.8158746171271627,2.9764094639451795,20.693329546704568,0.0,3.4286168270372066,452,True
heart_left_ventricle,raw,ENSG00000143156.14,NME7,-23.101433871256933,41.56182170332811,0.9621558430941628,2.426737865558511,1028.340556363872,1.1738329174713,0.0,1.0361707487424736,0.16568705482116178,-0.8158746171271627,2.9764094639451795,0.930792021629189,0.7950983361601467,-0.279827693787089,-0.8692446431545382,-0.8158746171271627,2.9764094639451795,20.693329546704568,0.0,3.4286168270372066,452,True
kidney_cortex,excluded_at_or_below_-1,ENSG00000143156.14,NME7,0.007238235181151098,4.218776193055833,1.8290439392264137,1.1975537817276007,57.6712776029776,2.1505033096301043,0.0,1.6711218457845005,0.16479471477160662,0.413940634186217,3.650086700790477,1.9064186060004689,0.730179756451693,0.20517178741963807,-0.6498319682308709,0.413940634186217,3.650086700790477,3.800990293092398,0.0,0.6263831111998073,104,True
kidney_cortex,raw,ENSG00000143156.14,NME7,0.007238235181151098,4.218776193055833,1.8290439392264137,1.1975537817276007,57.6712776029776,2.1505033096301043,0.0,1.6711218457845005,0.16479471477160662,0.413940634186217,3.650086700790477,1.9064186060004689,0.730179756451693,0.20517178741963807,-0.6498319682308709,0.413940634186217,3.650086700790477,3.800990293092398,0.0,0.6263831111998073,104,True
kidney_medulla,excluded_at_or_below_-1,ENSG00000143156.14,NME7,0.06354319046004256,0.4359330474181747,2.208089922087718,0.45527114220738046,8.913105191686942,3.3541359457155973,0.0,1.034181283086405,0.5843080431495551,1.87516078993446,3.2878711826791864,2.365232006911306,0.3879376622075524,1.0884288774226725,1.0053485222968401,1.87516078993446,3.2878711826791864,0.43436068998801086,0.0,0.25380044478798514,11,True
kidney_medulla,raw,ENSG00000143156.14,NME7,0.06354319046004256,0.4359330474181747,2.208089922087718,0.45527114220738046,8.913105191686942,3.3541359457155973,0.0,1.034181283086405,0.5843080431495551,1.87516078993446,3.2878711826791864,2.365232006911306,0.3879376622075524,1.0884288774226725,1.0053485222968401,1.87516078993446,3.2878711826791864,0.43436068998801086,0.0,0.25380044478798514,11,True
liver,excluded_at_or_below_-1,ENSG00000143156.14,NME7,-1.7424883707485483,14.10073222599258,0.7546753445850651,1.1223100072823238,132.62701680868142,2.2326073978784113,0.0,1.8333410101881962,0.1128836965702987,-0.700251278408578,2.5264569846698084,0.7930301633886015,0.6255464413600795,0.22321800410201978,-0.518766461644292,-0.700251278408578,2.5264569846698084,12.93428674151736,0.0,1.4600700998826832,262,True
liver,raw,ENSG00000143156.14,NME7,-1.7424883707485483,14.10073222599258,0.7546753445850651,1.1223100072823238,132.62701680868142,2.2326073978784113,0.0,1.8333410101881962,0.1128836965702987,-0.700251278408578,2.5264569846698084,0.7930301633886015,0.6255464413600795,0.22321800410201978,-0.518766461644292,-0.700251278408578,2.5264569846698084,12.93428674151736,0.0,1.4600700998826832,262,True
lung,excluded_at_or_below_-1,ENSG00000143156.14,NME7,0.8935385006245335,48.4598314978462,2.5540577174206573,0.6191211896299108,531.2440822898286,4.9636873244508735,0.0,3.5852973946451465,0.0016125552750310746,0.9844690448124414,4.727084538142228,2.5706077206939417,0.48960271377816894,0.25016770722747617,0.7327831282377324,0.9844690448124414,4.727084538142228,48.459396787806284,0.0,0.07814345591500094,604,True
lung,raw,ENSG00000143156.14,NME7,0.8935385006245335,48.4598314978462,2.5540577174206573,0.6191211896299108,531.2440822898286,4.9636873244508735,0.0,3.5852973946451465,0.0016125552750310746,0.9844690448124414,4.727084538142228,2.5706077206939417,0.48960271377816894,0.25016770722747617,0.7327831282377324,0.9844690448124414,4.727084538142228,48.459396787806284,0.0,0.07814345591500094,604,True
minor_salivary_gland,excluded_at_or_below_-1,ENSG00000143156.14,NME7,2.0537329497924013,8.445544038125721,1.6415871563564097,0.44941780438722345,141.9236257741524,4.370598514364386,0.0,4.195628760679378,7.936592552852819e-05,0.3082734929770729,3.030503823855816,1.7311335220864685,0.5381478508347514,0.04792115902679919,-0.34548661140120673,0.3082734929770729,3.030503823855816,8.444816957988898,0.0,0.0006702307137897989,181,True
minor_salivary_gland,raw,ENSG00000143156.14,NME7,2.0537329497924013,8.445544038125721,1.6415871563564097,0.44941780438722345,141.9236257741524,4.370598514364386,0.0,4.195628760679378,7.936592552852819e-05,0.3082734929770729,3.030503823855816,1.7311335220864685,0.5381478508347514,0.04792115902679919,-0.34548661140120673,0.3082734929770729,3.030503823855816,8.444816957988898,0.0,0.0006702307137897989,181,True
muscle_skeletal,excluded_at_or_below_-1,ENSG00000143156.14,NME7,0.09513994584507446,50.92322231808528,0.8901810924553129,0.6898073882359025,924.0187382255605,3.6102027444165445,0.0,2.6335803886917386,0.029749048576581977,-0.3943937822081169,2.651120594371266,0.9321556853074443,0.4839519364088108,0.30598217647714343,-0.012325423489637721,-0.3943937822081169,2.651120594371266,50.84760460807493,0.0,1.5126678594884546,818,True
muscle_skeletal,raw,ENSG00000143156.14,NME7,0.09513994584507446,50.92322231808528,0.8901810924553129,0.6898073882359025,924.0187382255605,3.6102027444165445,0.0,2.6335803886917386,0.029749048576581977,-0.3943937822081169,2.651120594371266,0.9321556853074443,0.4839519364088108,0.30598217647714343,-0.012325423489637721,-0.3943937822081169,2.651120594371266,50.84760460807493,0.0,1.5126678594884546,818,True
nerve_tibial,excluded_at_or_below_-1,ENSG00000143156.14,NME7,1.523527809036058,63.31715191468318,2.8453534191662024,0.3873210733149107,485.60824967502833,3.1869877673678144,0.0062296553586648155,7.2292123062697815,0.0,0.8654358563709197,3.7181972070782994,2.799304160980337,0.3413583082724879,-0.7839329803323709,2.13711184551539,0.8654358563709197,3.7181972070782994,63.31643972443693,0.3944395980209163,0.0,670,True
nerve_tibial,raw,ENSG00000143156.14,NME7,1.523527809036058,63.31715191468318,2.8453534191662024,0.3873210733149107,485.60824967502833,3.1869877673678144,0.0062296553586648155,7.2292123062697815,0.0,0.8654358563709197,3.7181972070782994,2.799304160980337,0.3413583082724879,-0.7839329803323709,2.13711184551539,0.8654358563709197,3.7181972070782994,63.31643972443693,0.3944395980209163,0.0,670,True
ovary,excluded_at_or_below_-1,ENSG00000143156.14,NME7,0.3999717238460357,10.281823389153537,3.3042344001701998,0.4837261924895399,137.8294836691404,2.27525647465295,0.07297597247366651,3.481292018951756,0.0,2.1134721432689414,4.082476937721743,3.2722901628187664,0.35815727444244627,-0.3255362291513197,0.0007605789800742002,2.1134721432689414,4.082476937721743,10.257785191210973,0.7485718497545959,0.0,193,True
ovary,raw,ENSG00000143156.14,NME7,0.3999717238460357,10.281823389153537,3.3042344001701998,0.4837261924895399,137.8294836691404,2.27525647465295,0.07297597247366651,3.481292018951756,0.0,2.1134721432689414,4.082476937721743,3.2722901628187664,0.35815727444244627,-0.3255362291513197,0.0007605789800742002,2.1134721432689414,4.082476937721743,10.257785191210973,0.7485718497545959,0.0,193,True
pancreas,excluded_at_or_below_-1,ENSG00000143156.14,NME7,1.6094599214631804,22.415894502389207,1.0093200583413187,0.5004019629802385,333.87359609947157,3.5409225857466065,0.0015709455019568147,4.009021771227453,0.0,-0.4092226690996436,2.26223168343943,0.9936028315354001,0.44790256348282265,-0.12821637210500547,0.296221439552923,-0.4092226690996436,2.26223168343943,22.40863312553905,0.03520274141356605,0.0,362,True
pancreas,raw,ENSG00000143156.14,NME7,1.6094599214631804,22.415894502389207,1.0093200583413187,0.5004019629802385,333.87359609947157,3.5409225857466065,0.0015709455019568147,4.009021771227453,0.0,-0.4092226690996436,2.26223168343943,0.9936028315354001,0.44790256348282265,-0.12821637210500547,0.296221439552923,-0.4092226690996436,2.26223168343943,22.40863312553905,0.03520274141356605,0.0,362,True
pituitary,excluded_at_or_below_-1,ENSG00000143156.14,NME7,0.38186315614261745,18.29460985898911,3.441287147337905,0.5965133587300846,420.9146501558704,2.3226413938160433,0.06663740288520942,3.776108286340493,0.0,1.8485298037909328,4.4209741308411905,3.3982664471221486,0.44672891826486427,-0.5529620947290291,0.7584122607080963,1.8485298037909328,4.4209741308411905,18.279939402297696,1.2181276866681259,0.0,313,True
pituitary,raw,ENSG00000143156.14,NME7,0.38186315614261745,18.29460985898911,3.441287147337905,0.5965133587300846,420.9146501558704,2.3226413938160433,0.06663740288520942,3.776108286340493,0.0,1.8485298037909328,4.4209741308411905,3.3982664471221486,0.44672891826486427,-0.5529620947290291,0.7584122607080963,1.8485298037909328,4.4209741308411905,18.279939402297696,1.2181276866681259,0.0,313,True
prostate,excluded_at_or_below_-1,ENSG00000143156.14,NME7,-0.8919913593971842,14.693920994634926,2.297879113795249,0.7863371446514271,260.2928438953995,2.1452069993210534,0.043637828719415205,2.378424167312362,0.0,0.9754174161744004,3.490666392473142,2.2777713232326593,0.4831255261232342,-0.1641479965401385,-0.3330864677792884,0.9754174161744004,3.490666392473142,13.825444883176104,0.6033123957817542,0.0,282,True
prostate,raw,ENSG00000143156.14,NME7,-0.8919913593971842,14.693920994634926,2.297879113795249,0.7863371446514271,260.2928438953995,2.1452069993210534,0.043637828719415205,2.378424167312362,0.0,0.9754174161744004,3.490666392473142,2.2777713232326593,0.4831255261232342,-0.1641479965401385,-0.3330864677792884,0.9754174161744004,3.490666392473142,13.825444883176104,0.6033123957817542,0.0,282,True
skin_not_sun_exposed_suprapubic,excluded_at_or_below_-1,ENSG00000143156.14,NME7,0.45018839365471003,40.30756281062383,1.694460170310258,0.5841892180801912,465.5690270012958,2.945646677704226,0.010268456247922823,3.426907377135208,0.0,0.2788590232511816,2.911260146758626,1.6483680213933318,0.4232226521800561,-0.30746027450859736,-0.00840061546070947,0.2788590232511816,2.911260146758626,40.19395761186488,0.41272989516829905,0.0,651,True
skin_not_sun_exposed_suprapubic,raw,ENSG00000143156.14,NME7,0.45018839365471003,40.30756281062383,1.694460170310258,0.5841892180801912,465.5690270012958,2.945646677704226,0.010268456247922823,3.426907377135208,0.0,0.2788590232511816,2.911260146758626,1.6483680213933318,0.4232226521800561,-0.30746027450859736,-0.00840061546070947,0.2788590232511816,2.911260146758626,40.19395761186488,0.41272989516829905,0.0,651,True
skin_sun_exposed_lower_leg,excluded_at_or_below_-1,ENSG00000143156.14,NME7,-0.7478327118819894,49.886125271988234,1.7057905209321742,0.613888501996471,327.3537868457179,3.2533861167483504,0.0,3.117874789937901,0.002729411862863826,0.3523687074715955,3.1180357311077636,1.6994975338569638,0.4171124787130093,-0.1003634347724191,0.1463296767885378,0.3523687074715955,3.1180357311077636,49.63513171239293,0.0,0.13547471731061378,754,True
skin_sun_exposed_lower_leg,raw,ENSG00000143156.14,NME7,-0.7478327118819894,49.886125271988234,1.7057905209321742,0.613888501996471,327.3537868457179,3.2533861167483504,0.0,3.117874789937901,0.002729411862863826,0.3523687074715955,3.1180357311077636,1.6994975338569638,0.4171124787130093,-0.1003634347724191,0.1463296767885378,0.3523687074715955,3.1180357311077636,49.63513171239293,0.0,0.13547471731061378,754,True
small_intestine_terminal_ileum,excluded_at_or_below_-1,ENSG00000143156.14,NME7,-1.1728441462037573,9.910132499337315,1.76136532816694,1.3271653616113452,250.89919352820073,1.8065670415899642,0.014077042951641954,1.8397646783882857,0.0,0.0348425315846707,3.456733881275434,1.8049951530131259,0.7377569304532663,0.17978183745962514,-0.6110122113397667,0.0348425315846707,3.456733881275434,8.08583339968799,0.11382462406722893,0.0,207,True
small_intestine_terminal_ileum,raw,ENSG00000143156.14,NME7,-1.1728441462037573,9.910132499337315,1.76136532816694,1.3271653616113452,250.89919352820073,1.8065670415899642,0.014077042951641954,1.8397646783882857,0.0,0.0348425315846707,3.456733881275434,1.8049951530131259,0.7377569304532663,0.17978183745962514,-0.6110122113397667,0.0348425315846707,3.456733881275434,8.08583339968799,0.11382462406722893,0.0,207,True
spleen,excluded_at_or_below_-1,ENSG00000143156.14,NME7,0.5071194758751704,18.622672882990482,1.7490317649904148,0.4393820371981746,216.40039048083239,3.081632576029184,0.00851059111033615,4.184332725643249,0.0,0.4490013549984293,2.706464245612283,1.7077496778085504,0.34621250253847785,-0.4155703165475964,0.43026840996909854,0.4490013549984293,2.706464245612283,18.6197315825337,0.15846492208315655,0.0,277,True
spleen,raw,ENSG00000143156.14,NME7,0.5071194758751704,18.622672882990482,1.7490317649904148,0.4393820371981746,216.40039048083239,3.081632576029184,0.00851059111033615,4.184332725643249,0.0,0.4490013549984293,2.706464245612283,1.7077496778085504,0.34621250253847785,-0.4155703165475964,0.43026840996909854,0.4490013549984293,2.706464245612283,18.6197315825337,0.15846492208315655,0.0,277,True
stomach,excluded_at_or_below_-1,ENSG00000143156.14,NME7,5.447422236875268,16.973509109702828,1.3625824709127583,0.5442888665650708,501.3409556640138,6.3130086955643065,0.0,2.6510690952195928,0.029775147451990273,0.3422645844109144,3.792272327484525,1.7998701792372804,0.8214295952727709,0.6309949210437542,-0.6770854985312336,0.3422645844109144,3.792272327484525,16.973466052502502,0.0,0.5053874544846133,407,True
stomach,raw,ENSG00000143156.14,NME7,5.447422236875268,16.973509109702828,1.3625824709127583,0.5442888665650708,501.3409556640138,6.3130086955643065,0.0,2.6510690952195928,0.029775147451990273,0.3422645844109144,3.792272327484525,1.7998701792372804,0.8214295952727709,0.6309949210437542,-0.6770854985312336,0.3422645844109144,3.792272327484525,16.973466052502502,0.0,0.5053874544846133,407,True
testis,excluded_at_or_below_-1,ENSG00000143156.14,NME7,1.277952763349927,26.440832892977063,3.4689998463222977,0.40838663491914623,759.3865367514762,2.835935548608789,0.017881751077104942,4.453213262571229,0.0,2.18303227588898,4.287941345936048,3.414123578632199,0.34251991003289733,-0.5814535911034109,0.43415933416825236,2.18303227588898,4.287941345936048,26.43952209793716,0.47278495275292776,0.0,414,True
testis,raw,ENSG00000143156.14,NME7,1.277952763349927,26.440832892977063,3.4689998463222977,0.40838663491914623,759.3865367514762,2.835935548608789,0.017881751077104942,4.453213262571229,0.0,2.18303227588898,4.287941345936048,3.414123578632199,0.34251991003289733,-0.5814535911034109,0.43415933416825236,2.18303227588898,4.287941345936048,26.43952209793716,0.47278495275292776,0.0,414,True
thyroid,excluded_at_or_below_-1,ENSG00000143156.14,NME7,1.1727261921392298,45.83181487995383,3.185525197839251,0.5748052179124541,626.2991662111971,2.638477526887476,0.030751620152120008,4.544775002947854,0.0,1.3383074540432631,4.257930872732333,3.1483582474085967,0.45452022792937813,-0.5574253622035032,0.9063990486309339,1.3383074540432631,4.257930872732333,45.83031409080549,1.4093564103728036,0.0,684,True
thyroid,raw,ENSG00000143156.14,NME7,1.1727261921392298,45.83181487995383,3.185525197839251,0.5748052179124541,626.2991662111971,2.638477526887476,0.030751620152120008,4.544775002947854,0.0,1.3383074540432631,4.257930872732333,3.1483582474085967,0.45452022792937813,-0.5574253622035032,0.9063990486309339,1.3383074540432631,4.257930872732333,45.83031409080549,1.4093564103728036,0.0,684,True
uterus,excluded_at_or_below_-1,ENSG00000143156.14,NME7,-0.318803111996785,9.564650642024626,3.4645351159874154,0.5655731464146858,122.25741107045516,3.2439619348620496,0.0,2.5030073116138247,0.038621219561825904,2.4635309123840248,4.761862342344035,3.472127896496672,0.36511156797329336,0.19127256659927874,0.3160971062673803,2.4635309123840248,4.761862342344035,9.515035254731547,0.0,0.36748226571150117,153,True
uterus,raw,ENSG00000143156.14,NME7,-0.318803111996785,9.564650642024626,3.4645351159874154,0.5655731464146858,122.25741107045516,3.2439619348620496,0.0,2.5030073116138247,0.038621219561825904,2.4635309123840248,4.761862342344035,3.472127896496672,0.36511156797329336,0.19127256659927874,0.3160971062673803,2.4635309123840248,4.761862342344035,9.515035254731547,0.0,0.36748226571150117,153,True
vagina,excluded_at_or_below_-1,ENSG00000143156.14,NME7,-1.746088460285695,10.131916153756988,2.433480583804538,1.1384027099052436,195.89625267009757,1.9721526865218884,0.03218428972455691,2.0817739320985376,0.0,0.757710283784004,4.021008820286776,2.4464764817820597,0.5995203723039494,-0.01945084197322367,-0.4847242815936301,0.757710283784004,4.021008820286776,8.971438948560271,0.288739390366638,0.0,170,True
vagina,raw,ENSG00000143156.14,NME7,-1.746088460285695,10.131916153756988,2.433480583804538,1.1384027099052436,195.89625267009757,1.9721526865218884,0.03218428972455691,2.0817739320985376,0.0,0.757710283784004,4.021008820286776,2.4464764817820597,0.5995203723039494,-0.01945084197322367,-0.4847242815936301,0.757710283784004,4.021008820286776,8.971438948560271,0.288739390366638,0.0,170,True
whole_blood,excluded_at_or_below_-1,ENSG00000143156.14,NME7,0.6029987717308832,53.70496708275997,0.4117094911779378,0.6536613216032031,755.8492656193511,4.2695953692298,0.0,2.613043245596073,0.03280332969903815,-0.7960609239611296,2.385152135214317,0.4496786500133251,0.4760012569490362,0.3044639488375916,0.19909301981528316,-0.7960609239611296,2.385152135214317,53.69844815568631,0.0,1.761487899177685,803,True
whole_blood,raw,ENSG00000143156.14,NME7,0.6029987717308832,53.70496708275997,0.4117094911779378,0.6536613216032031,755.8492656193511,4.2695953692298,0.0,2.613043245596073,0.03280332969903815,-0.7960609239611296,2.385152135214317,0.4496786500133251,0.4760012569490362,0.3044639488375916,0.19909301981528316,-0.7960609239611296,2.385152135214317,53.69844815568631,0.0,1.761487899177685,803,True
adipose_subcutaneous,excluded_at_or_below_-1,ENSG00000086288.12,NME8,1.171333397448575,65.01509918375788,-0.9203775406113264,0.3082180937756526,1068.8549345926772,6.076354882866323,0.0,0.2873941731564745,0.9595435695467656,-0.9830131188360736,0.4039221047397958,-0.7572244172712956,0.1839987244723666,1.6371943994626363,4.174914104823754,-0.9830131188360736,0.4039221047397958,65.01508881898475,0.0,62.38481039976863,675,True
adipose_subcutaneous,raw,ENSG00000086288.12,NME8,0.985125962852165,67.7816857113675,-0.940904934739586,0.32812728081105624,544.4500979477502,5.79614298932049,0.0,0.25469702657464804,0.9680873469667788,-1.0,0.4039221047397958,-0.7704852684287458,0.18722049748130448,1.562694528926278,3.8947588654135608,-1.0,0.4039221047397958,67.78152447775615,0.0,65.61843620503473,714,True
adipose_visceral_omentum,excluded_at_or_below_-1,ENSG00000086288.12,NME8,2.0692163333715863,42.85466790511783,-0.7549945816426883,0.3799954492759773,402.59435514812895,6.174594078302241,0.0,0.8329815607024998,0.7068573933999819,-0.9788145271017074,0.9041025401131332,-0.5837016714880027,0.31529085376800237,1.6113037320683423,3.3572457006890746,-0.9788145271017074,0.9041025401131332,42.854547586515864,0.0,30.29205380234009,572,True
adipose_visceral_omentum,raw,ENSG00000086288.12,NME8,2.251527510963512,44.158889028493796,-0.7518828398204889,0.36245319278044386,390.98986350956807,6.461294947986038,0.0,0.9680992193546892,0.6258729847259532,-1.0,0.9041025401131332,-0.594339618553897,0.31809825314537066,1.571846320627677,3.2573839871362678,-1.0,0.9041025401131332,44.15887920915787,0.0,27.63784953278848,587,True
adrenal_gland,excluded_at_or_below_-1,ENSG00000086288.12,NME8,0.52483273562493,73.52142927005572,-1.2289519456874756,0.3584422039666745,201.70615098601388,6.0996839012052675,0.0,-0.9646814323028381,1.0,-0.9844467677424108,0.3170551067263318,-0.8172791390551568,0.17660608473879028,2.4627469026031488,8.92168734981266,-0.9844467677424108,0.3170551067263318,46.16730078290685,0.0,46.16730078290685,261,True
adrenal_gland,raw,ENSG00000086288.12,NME8,0.26494389270569985,114986.65830983424,-3.457449289467399,0.8948572424366992,256.362720250346,5.965147349982635,0.0,-3.883701163937066,1.0,-1.0,0.3170551067263318,-0.8383384925199863,0.1760647685162109,2.4292826450120795,8.881040304550643,-1.0,0.3170551067263318,61.005782802729485,0.0,61.005782802729485,295,True
artery_aorta,excluded_at_or_below_-1,ENSG00000086288.12,NME8,0.3310035076303145,34.27799952690234,-0.829735343077959,0.4193050452143033,610.2129033430917,5.033627743005727,0.0,0.5230459579645315,0.8721597507449398,-0.9848150388810862,0.6627022664378848,-0.6653633940580836,0.24078380204048594,1.5079419739856248,4.065532169009752,-0.9848150388810862,0.6627022664378848,34.27767473705658,0.0,29.895608254787383,446,True
artery_aorta,raw,ENSG00000086288.12,NME8,0.05584255339108513,37.59501847539354,-0.9234642888725625,0.5003482985872544,306.94072559718336,4.483233501615409,0.0,0.21632498998778227,0.9768778611563703,-1.0,0.6627022664378848,-0.6837967664192909,0.2462061867793212,1.419061853676284,3.686292872268827,-1.0,0.6627022664378848,37.59318296284293,0.0,36.72394816680211,472,True
artery_coronary,excluded_at_or_below_-1,ENSG00000086288.12,NME8,0.5057285250092493,25.991456449532464,-1.08659903883988,0.5636256766195714,221.65171686262082,4.640755449728356,0.0,-0.2692436862007843,1.0,-0.9792937075603392,0.762944057034527,-0.653414285586656,0.29706415246519463,1.7894795330582085,4.135464660369823,-0.9792937075603392,0.762944057034527,25.06568980007759,0.0,25.06568980007759,255,True
artery_coronary,raw,ENSG00000086288.12,NME8,0.4334753685519334,30.03382801892068,-1.1913819395018823,0.6245242300808851,160.97719256046153,4.425503761867089,0.0,-0.4333777960893132,1.0,-1.0,0.762944057034527,-0.6702262791962585,0.29919116495359477,1.7593828708187873,4.06097099499778,-1.0,0.762944057034527,27.340109072852858,0.0,27.340109072852858,268,True
artery_tibial,excluded_at_or_below_-1,ENSG00000086288.12,NME8,2.2049217044908294,68.24278394843277,-0.9535675757456226,0.26692995904157696,484.2965895261431,7.252092588360408,0.0,0.15482620572231354,0.9881033075008002,-0.9827907099677768,0.4152502811051011,-0.7639081253961831,0.20842287957193745,2.0327579231083597,5.695872698866658,-0.9827907099677768,0.4152502811051011,68.24158612473103,0.0,67.42973695894744,607,True
artery_tibial,raw,ENSG00000086288.12,NME8,0.2747526326567016,337156.8215797251,-4.540281746616381,1.2528627151973912,2035.6340802453522,5.593733868338329,0.0,-3.9962195378269976,1.0,-1.0,0.4152502811051011,-0.792608150673637,0.21002979491377508,1.9842090920545925,5.572139988100254,-1.0,0.4152502811051011,114.77190821810072,0.0,114.77190821810072,691,True
bladder,excluded_at_or_below_-1,ENSG00000086288.12,NME8,0.2799849814799105,5.784872918686836,-1.0287618093030904,0.44509191137879645,52.51223728095363,4.13130488831975,0.0,-0.1824976734289095,1.0,-0.9713247711853444,0.271473486238285,-0.6837412590378578,0.251692761482327,1.4117085694397224,2.0678288391488238,-0.9713247711853444,0.271473486238285,5.688198963708981,0.0,5.688198963708981,74,True
bladder,raw,ENSG00000086288.12,NME8,0.3338443891299048,4.907235555934207,-0.9011191661756636,0.35635439049715345,63.548743906858874,4.6535035807173335,0.0,0.3924144615085188,0.9258991250159105,-1.0,0.271473486238285,-0.696063028166253,0.25424975142206263,1.385120032162494,2.024133835165461,-1.0,0.271473486238285,4.907107959459642,0.0,4.543486966022293,77,True
brain_amygdala,excluded_at_or_below_-1,ENSG00000086288.12,NME8,0.39968816365440596,16.497189528509637,-0.8931860292646479,0.2902069718972405,236.72762310913225,6.420130783541022,0.0,0.46229408559836693,0.8986566277913601,-0.9880521585940678,0.4242717885979139,-0.7450832007489594,0.2158605793404359,2.2369461407618596,7.454309619348971,-0.9880521585940678,0.4242717885979139,16.497129388093576,0.0,14.825254664141918,179,True
brain_amygdala,raw,ENSG00000086288.12,NME8,0.5449033985595998,16.552051998889482,-0.8570514660811527,0.24190229927675067,225.6071943516574,7.490895001696786,0.0,0.8357082838559609,0.7052500955723908,-1.0,0.4242717885979139,-0.7478999609616781,0.21631483792319678,2.2190567964971555,7.387375759749258,-1.0,0.4242717885979139,16.552029251929138,0.0,11.673320211840034,181,True
brain_anterior_cingulate_cortex_ba24,excluded_at_or_below_-1,ENSG00000086288.12,NME8,0.5736961621694935,40.73496470647675,-1.0463324478294174,0.20216790628691883,109.61511351100327,7.726608935703959,0.0,-0.4051422178752017,1.0,-0.9884156266961042,0.0582195044286708,-0.8608336718541257,0.13797258816231261,2.7930701724854132,11.637509297955479,-0.9884156266961042,0.0582195044286708,37.525349789886235,0.0,37.525349789886235,214,True
brain_anterior_cingulate_cortex_ba24,raw,ENSG00000086288.12,NME8,0.610674654556986,40.80121735670076,-1.039040082181622,0.19614197422329396,137.05752409553378,7.911409044254862,0.0,-0.28148494944053154,1.0,-1.0,0.0582195044286708,-0.8721819990419867,0.1376015604292864,2.7482415286605413,11.532671179196772,-1.0,0.0582195044286708,39.21640012181006,0.0,39.21640012181006,233,True
brain_caudate_basal_ganglia,excluded_at_or_below_-1,ENSG00000086288.12,NME8,0.8338455917572002,31.056567394041476,-0.8441978692745343,0.19336484019386568,177.47398271256253,9.121641500075048,0.0,1.0560851879321544,0.5725504065883036,-0.988595963755356,0.403000430823808,-0.7667348994984023,0.1845612923946045,2.4192177572976346,9.693657389428486,-0.988595963755356,0.403000430823808,31.05645990441365,0.0,17.781388745465385,295,True
brain_caudate_basal_ganglia,raw,ENSG00000086288.12,NME8,0.8376600556078623,31.337597466391628,-0.8434241679564664,0.19206524973793734,174.40747833594395,9.177665269879018,0.0,1.152898119352401,0.5144876963505813,-1.0,0.403000430823808,-0.7706226511734292,0.1854400228728505,2.3747095434286023,9.484630482006324,-1.0,0.403000430823808,31.337490949749714,0.0,16.12275352814392,300,True
brain_cerebellar_hemisphere,excluded_at_or_below_-1,ENSG00000086288.12,NME8,0.36418885025141234,45.43334931790937,-0.9199823579869156,0.14136539286551994,53.605856732794535,14.490871047984779,0.0,0.7091212029902415,0.7776914199739505,-0.9908664168851848,0.528531312907667,-0.8576695367080284,0.13887256391997255,5.1895665431936875,43.067298109713974,-0.9908664168851848,0.528531312907667,45.43330504959515,0.0,35.33309151812931,243,True
brain_cerebellar_hemisphere,raw,ENSG00000086288.12,NME8,0.1554696078146095,58.52461711512248,-1.0041599030259543,0.2042100426165137,86.62517480139535,10.614329622240408,0.0,-0.028808530677942132,1.0,-1.0,0.528531312907667,-0.87513970187744,0.1381993539989414,4.863066440698752,40.67035802156196,-1.0,0.528531312907667,58.50033644342042,0.0,58.500336443420416,277,True
brain_cerebellum,excluded_at_or_below_-1,ENSG00000086288.12,NME8,0.4247250536249655,31.911869989496683,-0.9877616604265443,0.22672424609941205,185.9052908214755,7.533613818583194,0.0,-0.03761127395090394,1.0,-0.9817318867358948,0.2200141372798647,-0.833109776568549,0.14009033885469271,2.7774760829923975,14.558604746747406,-0.9817318867358948,0.2200141372798647,31.88930657787189,0.0,31.88930657787189,224,True
brain_cerebellum,raw,ENSG00000086288.12,NME8,-0.08843465415323798,16282.189031240816,-2.9060622761460397,0.7967286396549867,281.63979040678976,5.548864997241706,0.0,-3.3833089304041435,1.0,-1.0,0.2200141372798647,-0.8594608644787781,0.1422399792881301,2.5388460313749976,12.871248165102656,-1.0,0.2200141372798647,53.216812950394235,0.0,53.216812950394136,266,True
brain_cortex,excluded_at_or_below_-1,ENSG00000086288.12,NME8,0.9779648782949002,37.597675382508626,-0.9589628390643703,0.14754315784142485,140.4109009267939,10.601501213419633,0.0,0.27429859113345473,0.9630808080109194,-0.987580072984382,0.1470787154112409,-0.8439768076295636,0.162884526625994,2.8650421638683214,10.68838429628546,-0.987580072984382,0.1470787154112409,37.5976039233695,0.0,36.20953076579322,250,True
brain_cortex,raw,ENSG00000086288.12,NME8,1.0361911653630693,40.16625534839187,-0.9689943774078378,0.149530495649396,186.18981227440418,10.555476978858012,0.0,0.29324166812413405,0.9579215882620522,-1.0,0.1470787154112409,-0.8555340811384848,0.16197103281245184,2.844996963278172,10.802157317809971,-1.0,0.1470787154112409,40.166014986700525,0.0,38.47589287021756,270,True
brain_frontal_cortex_ba9,excluded_at_or_below_-1,ENSG00000086288.12,NME8,0.9284949476888148,48.86666859427037,-0.9616070728403708,0.14071843607065482,230.30983136196426,14.48752433910652,0.0,0.2641326857726876,0.9657404661642163,-0.9878890570088048,0.4799444875291094,-0.8429808356553973,0.1877781085073691,3.7033974557015013,18.04018602727376,-0.9878890570088048,0.4799444875291094,48.865550126616846,0.0,47.19143915864983,238,True
brain_frontal_cortex_ba9,raw,ENSG00000086288.12,NME8,0.95816300552319,57.320329935427424,-0.9781511103496487,0.1434082430234876,233.93983922281893,14.378940333429231,0.0,0.21546178528426166,0.9770625608705392,-1.0,0.4799444875291094,-0.8610759809887903,0.18358974592489813,3.7281673014630687,18.82955584713502,-1.0,0.4799444875291094,57.319911778618184,0.0,56.00513979129007,269,True
brain_hippocampus,excluded_at_or_below_-1,ENSG00000086288.12,NME8,0.8425387942968295,18.615137475169426,-0.7749183391378016,0.3423479863963968,142.17004340611763,5.994794181697628,0.0,0.8837563604807213,0.676709936632241,-0.988855058828066,0.676280950396082,-0.6358657647771472,0.26414948055694953,1.4521875649425968,3.0768625708404835,-0.988855058828066,0.676280950396082,18.61513517307623,0.0,12.597046943373012,254,True
brain_hippocampus,raw,ENSG00000086288.12,NME8,1.0203413377589248,18.938957390497954,-0.765631534394459,0.31235737838542077,243.1762042410873,6.5283304728909535,0.0,1.0611148818228098,0.5695109115990733,-1.0,0.676280950396082,-0.637293742170178,0.2646133386933451,1.4448076011889577,3.0557605199393825,-1.0,0.676280950396082,18.938861543050372,0.0,10.78588830203125,255,True
brain_hypothalamus,excluded_at_or_below_-1,ENSG00000086288.12,NME8,1.1426949203941856,29.28061064781951,-0.7494504424196126,0.2776836859477494,321.000024363985,11.336362661532087,0.0,1.1941732948725585,0.4901600366151524,-0.9839287779435212,1.476467235680118,-0.5936889984777354,0.3489840227876274,2.5942205670536453,9.51614274672409,-0.9839287779435212,1.476467235680118,29.280563997136916,0.0,14.352162320948944,253,True
brain_hypothalamus,raw,ENSG00000086288.12,NME8,1.287475076342102,30.426908136186768,-0.7517943592618944,0.2580705859284305,336.9401955765055,12.210759148491318,0.0,1.3601541691647046,0.3965277059125932,-1.0,1.476467235680118,-0.6000129051162142,0.34989461786871073,2.5635397425678654,9.404316571993636,-1.0,1.476467235680118,30.42689846658326,0.0,12.06510824698966,257,True
brain_nucleus_accumbens_basal_ganglia,excluded_at_or_below_-1,ENSG00000086288.12,NME8,0.7403274791607531,46.613719119231604,-0.9741635894923516,0.19537686525971718,118.98067496260009,10.913260109179765,0.0,0.0949086993328209,0.9955108385934264,-0.987275445194264,0.5335284639748519,-0.829692752533614,0.17014584781212252,3.1775702990882753,16.876310118290235,-0.987275445194264,0.5335284639748519,46.61350643740104,0.0,46.404250883277186,258,True
brain_nucleus_accumbens_basal_ganglia,raw,ENSG00000086288.12,NME8,0.7410450766898004,55.25974862424755,-1.0109018377209271,0.21223106150853283,132.98568010390463,10.291397796690221,0.0,-0.07264500610861745,1.0,-1.0,0.5335284639748519,-0.8458271233462189,0.1693918505110682,3.1038372853079,16.529710759821963,-1.0,0.5335284639748519,55.11412977680917,0.0,55.11412977680917,285,True
brain_putamen_basal_ganglia,excluded_at_or_below_-1,ENSG00000086288.12,NME8,0.6047041464548081,27.261566971566882,-0.8500360457075928,0.25353597630950225,141.39256211716466,8.619270621906672,0.0,0.7664093280951099,0.7455070455332816,-0.9874356170461968,0.6952010035920364,-0.7399995886363133,0.20774643520100922,2.3962424311525585,10.238588549136828,-0.9874356170461968,0.6952010035920364,27.261541481401224,0.0,20.323671246482427,251,True
brain_putamen_basal_ganglia,raw,ENSG00000086288.12,NME8,0.6497356034616176,27.74158672873437,-0.8366279718410706,0.23435514147560926,320.25816207215394,9.243805357345002,0.0,0.9858667340515898,0.6151090030885502,-1.0,0.6952010035920364,-0.7430704596366718,0.20842009391227537,2.3661144715964726,10.079934877765801,-1.0,0.6952010035920364,27.74128649514325,0.0,17.063915080421424,254,True
brain_spinal_cord_cervical_c-1,excluded_at_or_below_-1,ENSG00000086288.12,NME8,0.29998115584551466,11.513143204094385,-0.04136648494034995,0.6886395130790436,120.51774680212029,4.018608862902742,0.0,1.75713184840461,0.2133329674082442,-0.896987200718638,1.9154616237936195,0.050333666645662835,0.4894868300707025,0.6263299296138348,0.4688758567242366,-0.896987200718638,1.9154616237936195,11.509529956546771,0.0,2.455362179104202,204,True
brain_spinal_cord_cervical_c-1,raw,ENSG00000086288.12,NME8,0.29998115584551466,11.513143204094385,-0.04136648494034995,0.6886395130790436,120.51774680212029,4.018608862902742,0.0,1.75713184840461,0.2133329674082442,-0.896987200718638,1.9154616237936195,0.050333666645662835,0.4894868300707025,0.6263299296138348,0.4688758567242366,-0.896987200718638,1.9154616237936195,11.509529956546771,0.0,2.455362179104202,204,True
brain_substantia_nigra,excluded_at_or_below_-1,ENSG00000086288.12,NME8,0.538127337289584,9.731270548710409,-0.6238288139494158,0.6265663437937619,153.17172513594159,3.9576221633615916,0.0,0.7929679236853587,0.7301204053281581,-0.9751527058342744,1.129592956984243,-0.39090330011089064,0.4194274101028968,1.2154590075810674,1.6546405945520979,-0.9751527058342744,1.129592956984243,9.727406440365831,0.0,7.102177933031634,183,True
brain_substantia_nigra,raw,ENSG00000086288.12,NME8,0.538127337289584,9.731270548710409,-0.6238288139494158,0.6265663437937619,153.17172513594159,3.9576221633615916,0.0,0.7929679236853587,0.7301204053281581,-0.9751527058342744,1.129592956984243,-0.39090330011089064,0.4194274101028968,1.2154590075810674,1.6546405945520979,-0.9751527058342744,1.129592956984243,9.727406440365831,0.0,7.102177933031634,183,True
breast_mammary_tissue,excluded_at_or_below_-1,ENSG00000086288.12,NME8,0.5090323523039856,51.91821458135592,-0.9344856862146403,0.314323818816529,410.22004985394256,6.386349481066089,0.0,0.21568055554153445,0.9770203985484219,-0.982422955143476,0.4849475667215011,-0.7693611832571301,0.17848276434478585,1.9325957142251642,6.992628070821363,-0.982422955143476,0.4849475667215011,51.917627698766225,0.0,50.724581305937164,482,True
breast_mammary_tissue,raw,ENSG00000086288.12,NME8,0.310058115745224,57.32305799978901,-0.9932776558663007,0.3589580281264972,192.71019728597668,5.8238735289936265,0.0,0.026484517687027243,0.9996533104862779,-1.0,0.4849475667215011,-0.7837200200971531,0.1816054922199449,1.8300822834799895,6.444503389736207,-1.0,0.4849475667215011,57.3228282281079,0.0,57.30295500466433,514,True
cells_cultured_fibroblasts,excluded_at_or_below_-1,ENSG00000086288.12,NME8,0.25672397090866994,4.3203843982009,-0.9600825735738926,0.021756370146011526,67.79537434362769,6.474431259612859,0.0,1.5583117288455681,0.2969581619136383,-0.984055760988914,-0.8604794254237099,-0.952703662050348,0.022976083482551583,1.7780668618727704,4.4269961884343045,-0.984055760988914,-0.8604794254237099,4.320368388144431,0.0,1.2829686553331583,61,True
cells_cultured_fibroblasts,raw,ENSG00000086288.12,NME8,1.5641025667950264,702.1231368200796,-0.9985621481923712,0.0007319704434024187,193.58974361175623,266.784623653835,0.0,2.7780213605065276,0.02115947363807331,-1.0,-0.8604794254237099,-0.9955750358666737,0.015448304495833145,4.216609989796715,21.251771226716084,-1.0,-0.8604794254237099,699.996269072416,0.0,14.811552602187456,652,True
cells_ebv-transformed_lymphocytes,excluded_at_or_below_-1,ENSG00000086288.12,NME8,1.2712932829421673,20.591424798630925,-0.4927953598088379,1.2432119519977693,417.89634935658296,4.777092911096022,0.0,0.5545805299024936,0.8574624237161932,-0.9803180094736442,3.706668682179746,0.12422143151930291,0.8457382568774348,1.1632417447955496,1.2237497561425803,-0.9803180094736442,3.706668682179746,20.591120394327483,0.0,17.65611200035198,326,True
cells_ebv-transformed_lymphocytes,raw,ENSG00000086288.12,NME8,1.3964190480981762,20.46466982164043,-0.44297869749711555,1.1743184701637073,479.0200348477846,4.997356128262966,0.0,0.6708121353319845,0.7985203139125016,-1.0,3.706668682179746,0.12078344549019189,0.8467255559821846,1.1606251658532214,1.2194906438768607,-1.0,3.706668682179746,20.464581456628984,0.0,16.341384008835334,327,True
cervix_ectocervix,excluded_at_or_below_-1,ENSG00000086288.12,NME8,0.3366748688594808,0.6812522467696036,-0.6265193139210762,0.1428833346319588,17.26216098398988,4.010487516996635,0.0,2.4249695252030192,0.052548608541109126,-0.8715231389165513,-0.2213246211430221,-0.5910662584683722,0.16521579943385875,0.374167748570882,-0.4431642531903113,-0.8715231389165513,-0.2213246211430221,0.68102984072997,0.0,0.03578717050533309,24,True
cervix_ectocervix,raw,ENSG00000086288.12,NME8,0.3366748688594808,0.6812522467696036,-0.6265193139210762,0.1428833346319588,17.26216098398988,4.010487516996635,0.0,2.4249695252030192,0.052548608541109126,-0.8715231389165513,-0.2213246211430221,-0.5910662584683722,0.16521579943385875,0.374167748570882,-0.4431642531903113,-0.8715231389165513,-0.2213246211430221,0.68102984072997,0.0,0.03578717050533309,24,True
cervix_endocervix,excluded_at_or_below_-1,ENSG00000086288.12,NME8,0.2387021954747637,0.9350071411423184,-0.6808614868053067,0.30329514079566694,24.73848153422838,5.303377831614625,0.0,0.9616600467710407,0.6297733337968592,-0.8871010725674204,0.4565117989048668,-0.444502404624347,0.36246404333015686,0.9600925283927005,0.03414591993542748,-0.8871010725674204,0.4565117989048668,0.9350062522524382,0.0,0.588842004601925,22,True
cervix_endocervix,raw,ENSG00000086288.12,NME8,0.46153846153846156,4.692294055248117,-0.6910520208204852,0.0030714995155571865,17.692307692307693,528.3739454700398,0.0,142.2492238759749,0.0,-1.0,0.4565117989048668,-0.4686544739885059,0.37259196539336303,0.8879663959946302,0.032399305860347116,-1.0,0.4565117989048668,4.682790592415225,0.0,0.0,23,True
colon_sigmoid,excluded_at_or_below_-1,ENSG00000086288.12,NME8,0.846448521518996,31.982785186385684,-0.8519646224287851,0.343349747184259,453.9319353511064,5.791895951024098,0.0,0.5467528347307796,0.8611701577861316,-0.9847079736253876,0.5542204569765108,-0.6969673331659573,0.2304167888768973,1.6204283943974918,3.842602105234393,-0.9847079736253876,0.5542204569765108,31.982586078940898,0.0,27.54244870001007,392,True
colon_sigmoid,raw,ENSG00000086288.12,NME8,0.48278657612399983,36.27162302052704,-0.9577262760421082,0.4355457905876591,327.89262833776127,4.909278476863805,0.0,0.13726243036949903,0.9906266972118096,-1.0,0.5542204569765108,-0.7164944978545471,0.23497195259356926,1.540656950868205,3.567836035219024,-1.0,0.5542204569765108,36.2713010877597,0.0,35.93131920014251,419,True
colon_transverse,excluded_at_or_below_-1,ENSG00000086288.12,NME8,2.395359630142175,50.489745030073976,-0.8038201972552214,0.2567478618276202,760.0735895131104,10.362798398449115,0.0,0.9485199254833672,0.6377329721339037,-0.9760222389045012,1.0775267238476158,-0.6467364504428885,0.28286126549910795,1.8605204020176473,4.976578595101057,-0.9760222389045012,1.0775267238476158,50.48927031281922,0.0,32.19867241746627,467,True
colon_transverse,raw,ENSG00000086288.12,NME8,2.4661808616101877,51.24872857002161,-0.7993659230364628,0.24891545745385468,593.3577813943065,10.66356852038357,0.0,1.1399028233055513,0.5222103982498184,-1.0,1.0775267238476158,-0.6555864767365948,0.28470389755445225,1.8241484756747366,4.857425312368539,-1.0,1.0775267238476158,51.24849729711757,0.0,26.762498183232506,479,True
esophagus_gastroesophageal_junction,excluded_at_or_below_-1,ENSG00000086288.12,NME8,0.04890662428912351,40.316208513811965,-1.066677514943195,0.4567894560256803,171.73047391495132,4.504298585570232,0.0,-0.25793771772646085,1.0,-0.9833639101923932,0.388206072248042,-0.7503846260350306,0.18899559950942568,1.4558717486108008,3.8113485590577847,-0.9833639101923932,0.388206072248042,38.99552998936783,0.0,38.99552998936783,381,True
esophagus_gastroesophageal_junction,raw,ENSG00000086288.12,NME8,-0.08302793547382906,46.68433350902657,-1.1553715144723626,0.5109700458325206,189.81535122623666,4.272165023212787,0.0,-0.43002227775458046,1.0,-1.0,0.388206072248042,-0.7640112717601655,0.19232337663953236,1.3992755581904344,3.526052801466432,-1.0,0.388206072248042,42.5563753298774,0.0,42.5563753298774,403,True
esophagus_mucosa,excluded_at_or_below_-1,ENSG00000086288.12,NME8,1.2077097089878073,114.9599420933333,-0.8993007666816686,0.2117219831018197,479.6309351437052,14.959190350267585,0.0,0.5544691229562262,0.8575618385413089,-0.9823103667904592,1.3402403682807296,-0.7859763430039576,0.20871389778411095,4.590485208999842,35.07219436387198,-0.9823103667904592,1.3402403682807296,114.95350261656758,0.0,98.57973705062685,577,True
esophagus_mucosa,raw,ENSG00000086288.12,NME8,1.2211296511257552,117.19304614007608,-0.9054228608782315,0.21746738120390438,488.677751621907,14.6037873708581,0.0,0.6150452177977049,0.8276818862049564,-1.0,1.3402403682807296,-0.7988735340607224,0.20863932011282374,4.438438356284645,33.96394918082336,-1.0,1.3402403682807296,117.19141527606742,0.0,96.99721164272383,614,True
esophagus_muscularis,excluded_at_or_below_-1,ENSG00000086288.12,NME8,0.8321178412305784,61.14715727697536,-0.9251673082420085,0.3189205290509371,89.20657336716046,7.215910656226624,0.0,0.24583385189788365,0.9702401353608415,-0.9806055137520324,0.7020989726770006,-0.7462645980097888,0.2139854642024336,2.3154573409296066,8.281688554355693,-0.9806055137520324,0.7020989726770006,61.14682307938139,0.0,59.32710190142443,524,True
esophagus_muscularis,raw,ENSG00000086288.12,NME8,0.7929039770465106,65.63630781212836,-0.9609751818484856,0.3432885661537961,253.6555159185066,6.851209904580457,0.0,0.16076686653842717,0.9871649524894989,-1.0,0.7020989726770006,-0.762999374968145,0.21618884753603199,2.2228721346428877,7.890430069613904,-1.0,0.7020989726770006,65.63598853448478,0.0,64.79354750324596,561,True
fallopian_tube,excluded_at_or_below_-1,ENSG00000086288.12,NME8,0.040364235788274784,2.268214405603117,-0.8229303923795831,0.4108700823547232,23.718808105143676,4.769601511196288,0.0,0.2713719108797097,0.9638499568801517,-0.9017718080882592,0.5627772672301967,-0.6002713383688916,0.29049697330414315,2.3191200716075637,6.933163824915997,-0.9017718080882592,0.5627772672301967,2.2681834922785438,0.0,2.186188561228946,29,True
fallopian_tube,raw,ENSG00000086288.12,NME8,0.040364235788274784,2.268214405603117,-0.8229303923795831,0.4108700823547232,23.718808105143676,4.769601511196288,0.0,0.2713719108797097,0.9638499568801517,-0.9017718080882592,0.5627772672301967,-0.6002713383688916,0.29049697330414315,2.3191200716075637,6.933163824915997,-0.9017718080882592,0.5627772672301967,2.2681834922785438,0.0,2.186188561228946,29,True
heart_atrial_appendage,excluded_at_or_below_-1,ENSG00000086288.12,NME8,0.7942537028925741,88.70505283578805,-0.9982679293284124,0.1520885049267768,254.19152391927577,11.511713094631443,0.0,-0.09036185040957989,1.0,-0.9885501617317356,0.2397340813230755,-0.8828839168795665,0.11640454924846252,3.758784730844435,24.811057495360192,-0.9885501617317356,0.2397340813230755,88.34364100584943,0.0,88.34364100584943,393,True
heart_atrial_appendage,raw,ENSG00000086288.12,NME8,0.35460625327304807,521.8697070153598,-1.35237486141491,0.3023621193298856,318.89479557017785,7.446640685631023,0.0,-1.6481340624174219,1.0,-1.0,0.2397340813230755,-0.900159174259587,0.1152193484652928,3.600639309117121,23.865110834238575,-1.0,0.2397340813230755,134.18843043450687,0.0,134.18843043450687,461,True
heart_left_ventricle,excluded_at_or_below_-1,ENSG00000086288.12,NME8,0.5255563997412451,321.61034397186006,-1.1744836359725694,0.20847209505155778,165.17253110343438,10.720820922387997,0.0,-1.244730077843746,1.0,-0.9909954457827234,0.4058943619674393,-0.9017889407315194,0.11419823539995055,5.4254168188283876,48.9336898220201,-0.9909954457827234,0.4058943619674393,148.21504375599113,0.0,148.21504375599102,382,True
heart_left_ventricle,raw,ENSG00000086288.12,NME8,0.5548797196376216,615.5486073872759,-1.2411025668388,0.22242684857927822,189.72921389309067,10.471781661171335,0.0,-1.5329557655665238,1.0,-1.0,0.4058943619674393,-0.9169986180518593,0.1108256360065885,5.320247280482466,49.34834679032084,-1.0,0.4058943619674393,190.097524080953,0.0,190.097524080953,452,True
kidney_cortex,excluded_at_or_below_-1,ENSG00000086288.12,NME8,0.11237660736701591,1818.5390487471761,-3.389718964358356,1.1118702030011953,28.932546154726484,5.107989284924041,0.0,-3.0596465435831113,1.0,-0.9841913170226084,0.6262381967553972,-0.7415749844825442,0.2566666172492372,2.267158119094195,7.333447041045563,-0.9841913170226084,0.6262381967553972,16.858202961143064,0.0,16.858202961143032,103,True
kidney_cortex,raw,ENSG00000086288.12,NME8,0.2886422006199535,17.817510460417303,-1.216496359536453,0.4659639988334852,52.355673116795,5.592750100620494,0.0,-0.6570724103736305,1.0,-1.0,0.6262381967553972,-0.7440598404009813,0.25667160246163234,2.2641379696713995,7.328970354000241,-1.0,0.6262381967553972,14.358030910080188,0.0,14.358030910080188,104,True
kidney_medulla,excluded_at_or_below_-1,ENSG00000086288.12,NME8,0.23076923076923075,1.3821085602600875,-0.9218178679773316,0.0013719129880924723,6.9230769230769225,292.44700677081147,0.0,2.605591508456729,0.03389900012045131,-0.9243455235784536,-0.6381182503294869,-0.7791576567845373,0.09719727144270013,-0.018375947373908248,-1.2877770478304862,-0.9243455235784536,-0.6381182503294869,1.3681048770914217,0.0,0.04637738739331207,10,True
kidney_medulla,raw,ENSG00000086288.12,NME8,0.27499999998050134,0.5074570820385016,-2.579767856520948,0.3433130766012119,7.975000000007252,7.99825987881596,0.0,-6.507556164800953,1.0,-1.0,-0.6381182503294869,-0.7992342334404885,0.11373801849320415,-0.21629160444540954,-0.9898418577624373,-1.0,-0.6381182503294869,3.232785150686368e-10,0.0,3.232785150686368e-10,11,True
liver,excluded_at_or_below_-1,ENSG00000086288.12,NME8,0.8567103243590902,13.71163274357305,-0.8893603907665716,0.2068729995963854,159.49575559737113,4.124442979702552,0.0,0.6710429793005562,0.7983570093956194,-0.98752143071096,-0.2860315063768873,-0.8000070819411088,0.14132438364741765,1.2414224825213487,1.6968598163691206,-0.98752143071096,-0.2860315063768873,13.70884387138628,0.0,10.944551595431415,249,True
liver,raw,ENSG00000086288.12,NME8,0.7248741237792472,14.26037945044767,-0.9110891453928742,0.2334016043838462,231.10161492239516,3.7873132564571805,0.0,0.5387235308836724,0.8648257537003881,-1.0,-0.2860315063768873,-0.8099303946692217,0.1444684226930128,1.1785238155359288,1.5657045090733863,-1.0,-0.2860315063768873,14.249367750033331,0.0,12.323220204176579,262,True
lung,excluded_at_or_below_-1,ENSG00000086288.12,NME8,3.1968095613920404,32.42190528396941,0.05860975773896944,0.6112826640803305,1008.0912878389139,4.521003363029247,0.0,2.2160284003272612,0.08579632291666463,-0.8992510493350531,2.0127778223071133,0.1926314831555965,0.5284985494648003,0.560479456175249,-0.06446536279243675,-0.8992510493350531,2.0127778223071133,32.42072178966736,0.0,2.781578715857646,604,True
lung,raw,ENSG00000086288.12,NME8,3.1968095613920404,32.42190528396941,0.05860975773896944,0.6112826640803305,1008.0912878389139,4.521003363029247,0.0,2.2160284003272612,0.08579632291666463,-0.8992510493350531,2.0127778223071133,0.1926314831555965,0.5284985494648003,0.560479456175249,-0.06446536279243675,-0.8992510493350531,2.0127778223071133,32.42072178966736,0.0,2.781578715857646,604,True
minor_salivary_gland,excluded_at_or_below_-1,ENSG00000086288.12,NME8,0.38992032160305673,10.109503719592386,-0.9089768733168748,0.3128722968389238,117.55181795187853,3.70929763605822,0.0,0.33897055397663034,0.9441116372471683,-0.9839687264606588,-0.088353664821187,-0.755341421408412,0.17381285038399719,1.144748649068359,1.417917921714496,-0.9839687264606588,-0.088353664821187,10.099098327173872,0.0,9.534676256388263,174,True
minor_salivary_gland,raw,ENSG00000086288.12,NME8,0.3653130635492386,10.197210348795256,-0.9032763984738866,0.31387351893748644,101.50489825488069,3.671780869310423,0.0,0.4358055739867762,0.9093034798505095,-1.0,-0.088353664821187,-0.7648033553870922,0.1768440468190834,1.1023539183492324,1.3240554461759446,-1.0,-0.088353664821187,10.185114543753764,0.0,9.261360097311332,181,True
muscle_skeletal,excluded_at_or_below_-1,ENSG00000086288.12,NME8,1.9030610710430562,159.77503498972206,-0.9627970818095424,0.04319264667829947,1333.1691604152934,33.060744729509096,0.0,1.015556552244885,0.5971171546998623,-0.9938140204884072,0.0469380133814134,-0.9357938103352396,0.06636841102326958,7.522877176117477,100.15979890544294,-0.9938140204884072,0.0469380133814134,159.76934556751596,0.0,95.40101703353417,477,True
muscle_skeletal,raw,ENSG00000086288.12,NME8,1.395103685821842,1116430965588.1663,-2.3820767956614675,0.29966485753874417,1004.6353854421357,11.4632917398711,0.0,-6.522459005433726,1.0,-1.0,0.0469380133814134,-0.9625594713079575,0.059746539048093815,6.921706984377379,100.15671222362461,-1.0,0.0469380133814134,645.4335983497032,0.0,645.4335983496986,818,True
nerve_tibial,excluded_at_or_below_-1,ENSG00000086288.12,NME8,1.6198091417333071,39.544497498489875,-0.4392586022660807,0.48813605766638546,853.3426485117039,4.646949722439027,0.0,1.5488275274721315,0.3013517372044094,-0.9738585971895948,1.1647026225710917,-0.3394348826572126,0.36400511999540364,0.8955624644655638,0.9270799469334157,-0.9738585971895948,1.1647026225710917,39.543544019508694,0.0,11.91651568549798,666,True
nerve_tibial,raw,ENSG00000086288.12,NME8,1.7310676230155306,40.23765446908656,-0.43865972214646376,0.4791452653251587,695.6304826717202,4.732378544446471,0.0,1.6568149400537744,0.25345929179933174,-1.0,1.1647026225710917,-0.3433785549995576,0.36647083423160925,0.8696230525231633,0.8995383484464061,-1.0,1.1647026225710917,40.236854019111135,0.0,10.198404523917004,670,True
ovary,excluded_at_or_below_-1,ENSG00000086288.12,NME8,0.26028944971451873,21.484511243253333,-1.0382418118585766,0.24853914752160886,144.82154128886228,5.342317519443274,0.0,-0.335299453261151,1.0,-0.9793150397675572,-0.0993630757190795,-0.8389182001688449,0.13574464589591215,2.25745945789596,7.201368372546215,-0.9793150397675572,-0.0993630757190795,20.310108853712943,0.0,20.310108853712943,169,True
ovary,raw,ENSG00000086288.12,NME8,0.14284789151582863,35.16560434582138,-1.1901441289790584,0.3281513984389114,222.8230192346951,4.7008708981230845,0.0,-0.8194522628489199,1.0,-1.0,-0.0993630757190795,-0.8589490975571751,0.13770756853707466,2.131335173908371,6.772295347201881,-1.0,-0.0993630757190795,25.135852255635996,0.0,25.135852255635996,193,True
pancreas,excluded_at_or_below_-1,ENSG00000086288.12,NME8,0.501776823680675,1082337846754.2823,-3.7592307597311545,0.5790128641789688,78.16162654028486,9.875136158206404,0.0,-6.7656155817361645,1.0,-0.98922588907963,0.2838862229158558,-0.9034208678567305,0.12582028540421036,4.931242971565946,35.416639910633585,-0.98922588907963,0.2838862229158558,124.38323328262989,0.0,124.38323328262989,249,True
pancreas,raw,ENSG00000086288.12,NME8,0.7089504910813564,709548538683.3239,-3.21138128701099,0.47262603153410493,143.89862238508454,10.458701778689244,0.0,-6.616997793197813,1.0,-1.0,0.2838862229158558,-0.9335684975036627,0.11350645107568558,5.234879748118814,42.100241940135916,-1.0,0.2838862229158558,220.42661906318418,0.0,220.42661906318418,362,True
pituitary,excluded_at_or_below_-1,ENSG00000086288.12,NME8,1.0007677737824117,36.82941285344027,-0.949607414505383,0.38218467853520605,127.0372803975958,7.731205189348165,0.0,0.10898643940120437,0.9940876672812005,-0.9790604960027426,1.1397150531865434,-0.6645449618632167,0.31965375354845327,2.1444274167171096,5.676110503798283,-0.9790604960027426,1.1397150531865434,36.82907615193897,0.0,36.6113304000027,296,True
pituitary,raw,ENSG00000086288.12,NME8,1.1014372482017787,37.32295066350835,-0.928791198399896,0.3555101684425472,232.13631634216887,8.228483611769956,0.0,0.2832674334587326,0.9606743571124218,-1.0,1.1397150531865434,-0.6827645645735212,0.32001489279755074,2.128939651248837,5.696990001788524,-1.0,1.1397150531865434,37.32293447923269,0.0,35.855186086385906,313,True
prostate,excluded_at_or_below_-1,ENSG00000086288.12,NME8,0.19618026911583122,21.69781095809247,-0.9614289269623953,0.834287799389834,273.27508769062047,4.0363427872736155,0.0,0.024922547761892337,0.9996918065034174,-0.9761314995304072,1.4197330355397957,-0.4820625107131608,0.38200107560705693,1.170366037049673,1.901803591793275,-0.9761314995304072,1.4197330355397957,21.691468719863828,0.0,21.68478355027304,281,True
prostate,raw,ENSG00000086288.12,NME8,0.3988610682045609,19.780193358772703,-0.8165888164992441,0.7154752069205202,274.02090966470007,4.42033023980977,0.0,0.36253189584874523,0.9363992061724242,-1.0,1.4197330355397957,-0.4838991684765893,0.38256605999498194,1.1666162308005783,1.889810912618735,-1.0,1.4197330355397957,19.778960285842498,0.0,18.52100271057882,282,True
skin_not_sun_exposed_suprapubic,excluded_at_or_below_-1,ENSG00000086288.12,NME8,1.4862335540338019,40.49493263015897,-0.724011172291139,0.3118488290559445,674.017311937828,4.969651457241267,0.0,1.1477455060341015,0.5175463401241217,-0.977101017866054,0.3718487663989396,-0.6391147470349283,0.2206423672648033,1.033903296801305,1.262732838508441,-0.977101017866054,0.3718487663989396,40.494445142301224,0.0,20.95775187875502,640,True
skin_not_sun_exposed_suprapubic,raw,ENSG00000086288.12,NME8,1.518299648725484,41.22550186450802,-0.7191662341241362,0.3070414666656363,717.5404973256882,5.025146040526343,0.0,1.2935025512578646,0.4331934898452435,-1.0,0.3718487663989396,-0.6452126545351062,0.22366487425635495,0.9864739033349592,1.1865920515880006,-1.0,0.3718487663989396,41.22503943893675,0.0,17.858418703560808,651,True
skin_sun_exposed_lower_leg,excluded_at_or_below_-1,ENSG00000086288.12,NME8,1.350439968836628,66.95718882493964,-0.7641055404092321,0.2491524685121476,518.3602711681038,7.65727719150315,0.0,1.2427834288139625,0.46197650098470844,-0.9830558937033976,0.5849336465317956,-0.6977156299790985,0.20037487829633568,1.6325562888570502,4.717714849147304,-0.9830558937033976,0.5849336465317956,66.95624656955061,0.0,30.932212509270382,728,True
skin_sun_exposed_lower_leg,raw,ENSG00000086288.12,NME8,1.099495804848835,66.40205013486182,-0.7763054564174515,0.2723384285685611,494.5560889171645,7.068715242067912,0.0,1.161612993899089,0.5093333579131306,-1.0,0.5849336465317956,-0.7081392289453364,0.20447505248789447,1.5247552286240618,4.331630573481152,-1.0,0.5849336465317956,66.40073378302291,0.0,33.82010870560291,754,True
small_intestine_terminal_ileum,excluded_at_or_below_-1,ENSG00000086288.12,NME8,0.780226739528957,16.33398949187421,-0.6414382477375051,0.2992546199690377,245.89676099885673,7.286733420743389,0.0,1.4575051288863965,0.3457089810299972,-0.9498535783866632,0.9004707670375705,-0.5266214636751995,0.29763100261524617,1.7909180197974766,4.652468434729913,-0.9498535783866632,0.9004707670375705,16.33394625192364,0.0,5.646791914951263,205,True
small_intestine_terminal_ileum,raw,ENSG00000086288.12,NME8,0.8402454295455735,16.943545271492184,-0.6408626793315882,0.2848371031445284,240.4926272031434,7.652706195682991,0.0,1.7831134498861005,0.2039782143390211,-1.0,0.9004707670375705,-0.5311951693401733,0.29979785979162704,1.7428795611938674,4.526951530459618,-1.0,0.9004707670375705,16.943465564382002,0.0,3.4560978505373354,207,True
spleen,excluded_at_or_below_-1,ENSG00000086288.12,NME8,0.15948785208221566,13.129474600417904,1.2802622953164786,1.129466313153591,289.7165197439656,2.2497673757565773,0.04026022192822403,2.5276061106825476,0.0,-0.7384186386625329,3.077046409792846,1.2686123893510988,0.7676200094898479,0.05027723955557388,-0.37373014429386187,-0.7384186386625329,3.077046409792846,12.591278048210002,0.5069276485809102,0.0,277,True
spleen,raw,ENSG00000086288.12,NME8,0.15948785208221566,13.129474600417904,1.2802622953164786,1.129466313153591,289.7165197439656,2.2497673757565773,0.04026022192822403,2.5276061106825476,0.0,-0.7384186386625329,3.077046409792846,1.2686123893510988,0.7676200094898479,0.05027723955557388,-0.37373014429386187,-0.7384186386625329,3.077046409792846,12.591278048210002,0.5069276485809102,0.0,277,True
stomach,excluded_at_or_below_-1,ENSG00000086288.12,NME8,1.3836938745392924,32.808714407790646,-0.9013581461167245,0.20780173570678637,477.090191244464,6.793938750045839,0.0,0.5777424818123074,0.8462901906171335,-0.986250480419251,0.0969297377698421,-0.7874062170620616,0.1693575204558622,1.7169441768458737,3.603493517431936,-0.986250480419251,0.0969297377698421,32.80870704291815,0.0,27.76568693725289,376,True
stomach,raw,ENSG00000086288.12,NME8,1.1179504479127726,36.489885568220686,-0.9522353668792823,0.25390085007306684,225.7804319968045,5.843791069373702,0.0,0.2660463403003761,0.9652289303991932,-1.0,0.0969297377698421,-0.8035988639197424,0.17227900190458975,1.6458738925103928,3.438637810500932,-1.0,0.0969297377698421,36.48987114803959,0.0,35.221079298626634,407,True
testis,excluded_at_or_below_-1,ENSG00000086288.12,NME8,3.564985089914136,21.07125858673905,3.142998435660443,0.8459170955510081,558.6478357297804,2.1898448357560625,0.0909256952271395,5.4845145530306985,0.0,-0.1375843169344548,4.452862258534346,2.802813913799606,0.8993743604773536,-0.7061153032547014,0.022200625245281547,-0.1375843169344548,4.452862258534346,21.07124187893257,1.9159173171411612,0.0,414,True
testis,raw,ENSG00000086288.12,NME8,3.564985089914136,21.07125858673905,3.142998435660443,0.8459170955510081,558.6478357297804,2.1898448357560625,0.0909256952271395,5.4845145530306985,0.0,-0.1375843169344548,4.452862258534346,2.802813913799606,0.8993743604773536,-0.7061153032547014,0.022200625245281547,-0.1375843169344548,4.452862258534346,21.07124187893257,1.9159173171411612,0.0,414,True
thyroid,excluded_at_or_below_-1,ENSG00000086288.12,NME8,1.2408780766065453,66.48076200513931,-0.7931262816475557,0.3970374040441029,691.0122895549135,7.429984816645742,0.0,0.6702345859571577,0.7988438912452211,-0.9812931944739792,1.2928259126857826,-0.6246933237356518,0.2975683594663199,2.208892023170465,8.07276553559776,-0.9812931944739792,1.2928259126857826,66.47960075365404,0.0,53.10682295447773,666,True
thyroid,raw,ENSG00000086288.12,NME8,1.2764795533203488,67.58842448792478,-0.7883327407831809,0.38823104888180415,725.3252626983391,7.581059788141744,0.0,0.7710426807874945,0.7428621558760818,-1.0,1.2928259126857826,-0.6345698152162925,0.2997128407856766,2.1519827363671835,7.817510748266317,-1.0,1.2928259126857826,67.58784102644414,0.0,50.208449295914185,684,True
uterus,excluded_at_or_below_-1,ENSG00000086288.12,NME8,0.5666647530580751,9.877048588959536,-0.794200156811997,0.2761262766153423,90.6536294464675,5.4845855865659425,0.0,0.8876764545183842,0.6743717242769767,-0.9675196615507056,0.2766693618308249,-0.6755095799859097,0.23047572800965935,1.4890017100826243,2.5621058108557966,-0.9675196615507056,0.2766693618308249,9.876936196367371,0.0,6.660726493317947,149,True
uterus,raw,ENSG00000086288.12,NME8,0.6173803467314997,10.269930936856483,-0.7775260449534456,0.2513724872125142,115.74535659499503,5.930869595944856,0.0,1.25163134593815,0.45690489168528486,-1.0,0.2766693618308249,-0.6839929896594806,0.23328018572497208,1.4364778383881673,2.459870830048791,-1.0,0.2766693618308249,10.26982270063211,0.0,4.692332228659395,153,True
vagina,excluded_at_or_below_-1,ENSG00000086288.12,NME8,1.0556793006313072,8.826326941248281,-0.8539694865388652,0.3444969976159403,126.83097098560357,4.468618207785047,0.0,0.46379053225472566,0.8980293587473193,-0.9669470806840842,0.2345687632928421,-0.6377640590398497,0.26800066608945805,1.1664662913883845,0.9072806995614777,-0.9669470806840842,0.2345687632928421,8.82588855940227,0.0,7.925907043375322,164,True
vagina,raw,ENSG00000086288.12,NME8,1.1935244986681952,8.811468872627652,-0.8186961298958437,0.3008049685496792,86.53437007740938,4.951851373668002,0.0,0.8523874896357698,0.6953887489730184,-1.0,0.2345687632928421,-0.6505488569560902,0.2716035308471152,1.1380203217629365,0.8862901728928754,-1.0,0.2345687632928421,8.811426688642078,0.0,6.127366981682281,170,True
whole_blood,excluded_at_or_below_-1,ENSG00000086288.12,NME8,-2.8304568073465934,45.00054766058618,1.9928408035363676,1.5255253886194573,736.6418921900361,2.672657229419267,0.0,2.157475375299585,0.07145073346502936,-0.3344480500777432,4.875861138679207,2.028983531315298,0.9246949268970036,0.1249831605765887,-0.42888213031229894,-0.3344480500777432,4.875861138679207,43.73518981150574,0.0,3.124911390264364,803,True
whole_blood,raw,ENSG00000086288.12,NME8,-2.8304568073465934,45.00054766058618,1.9928408035363676,1.5255253886194573,736.6418921900361,2.672657229419267,0.0,2.157475375299585,0.07145073346502936,-0.3344480500777432,4.875861138679207,2.028983531315298,0.9246949268970036,0.1249831605765887,-0.42888213031229894,-0.3344480500777432,4.875861138679207,43.73518981150574,0.0,3.124911390264364,803,True
adipose_subcutaneous,excluded_at_or_below_-1,ENSG00000181322.15,NME9,0.5644601501792732,49.36324821656746,-0.19747415011197691,0.3396433612903284,552.3128796318779,4.30697089884497,0.0,2.8350796561558522,0.01788183342194333,-0.8783585720707076,0.8369057427018429,-0.1712731710799195,0.251671592743412,0.41520736176833917,0.5054067847445207,-0.8783585720707076,0.8369057427018429,49.35844589772803,0.0,0.8826195075091748,714,True
adipose_subcutaneous,raw,ENSG00000181322.15,NME9,0.5644601501792732,49.36324821656746,-0.19747415011197691,0.3396433612903284,552.3128796318779,4.30697089884497,0.0,2.8350796561558522,0.01788183342194333,-0.8783585720707076,0.8369057427018429,-0.1712731710799195,0.251671592743412,0.41520736176833917,0.5054067847445207,-0.8783585720707076,0.8369057427018429,49.35844589772803,0.0,0.8826195075091748,714,True
adipose_visceral_omentum,excluded_at_or_below_-1,ENSG00000181322.15,NME9,1.6218512505275982,37.58029879003193,-0.5006559290735592,0.24785434262566203,557.3745707194028,4.458895925287195,0.0,2.735487679131543,0.023672847116019885,-0.9800760948185664,0.2808078807797511,-0.4642140359112241,0.20258010634979878,0.588864210163877,0.4968037779724832,-0.9800760948185664,0.2808078807797511,37.578326081478856,0.0,0.8895859682027916,587,True
adipose_visceral_omentum,raw,ENSG00000181322.15,NME9,1.6218512505275982,37.58029879003193,-0.5006559290735592,0.24785434262566203,557.3745707194028,4.458895925287195,0.0,2.735487679131543,0.023672847116019885,-0.9800760948185664,0.2808078807797511,-0.4642140359112241,0.20258010634979878,0.588864210163877,0.4968037779724832,-0.9800760948185664,0.2808078807797511,37.578326081478856,0.0,0.8895859682027916,587,True
adrenal_gland,excluded_at_or_below_-1,ENSG00000181322.15,NME9,1.21650731128532,14.579640667719099,-0.3277058359267963,0.2802831391068572,272.7382745240211,3.0557188042859904,0.0,2.8593921527272035,0.0074573837893391875,-0.8944090763900358,0.2779074048739436,-0.3552282848515762,0.22327099179567295,-0.1322653337523912,-0.21444212101918225,-0.8944090763900358,0.2779074048739436,14.44268177625425,0.0,0.10770462095282296,295,True
adrenal_gland,raw,ENSG00000181322.15,NME9,1.21650731128532,14.579640667719099,-0.3277058359267963,0.2802831391068572,272.7382745240211,3.0557188042859904,0.0,2.8593921527272035,0.0074573837893391875,-0.8944090763900358,0.2779074048739436,-0.3552282848515762,0.22327099179567295,-0.1322653337523912,-0.21444212101918225,-0.8944090763900358,0.2779074048739436,14.44268177625425,0.0,0.10770462095282296,295,True
artery_aorta,excluded_at_or_below_-1,ENSG00000181322.15,NME9,0.6891697789907254,26.32472282041906,-0.3316523298593903,0.32675278920168843,374.3768635402713,3.405208510031649,0.0,2.494555819071682,0.04163037919532598,-0.908017239225134,0.4551180760184079,-0.3133996250740475,0.2427890552902442,0.3419048872237969,0.14920174231734284,-0.908017239225134,0.4551180760184079,26.244747815532882,0.0,1.092578803446337,472,True
artery_aorta,raw,ENSG00000181322.15,NME9,0.6891697789907254,26.32472282041906,-0.3316523298593903,0.32675278920168843,374.3768635402713,3.405208510031649,0.0,2.494555819071682,0.04163037919532598,-0.908017239225134,0.4551180760184079,-0.3133996250740475,0.2427890552902442,0.3419048872237969,0.14920174231734284,-0.908017239225134,0.4551180760184079,26.244747815532882,0.0,1.092578803446337,472,True
artery_coronary,excluded_at_or_below_-1,ENSG00000181322.15,NME9,0.40437398956863513,18.354148148798465,-0.3499349223148254,0.2859376844228962,190.32452310526153,4.450650225479223,0.0,2.8408577478872123,0.017632600209475345,-0.9243236199049082,0.5499352624359788,-0.3286801709081366,0.2281516200499382,0.5313115370589296,0.9707605164702802,-0.9243236199049082,0.5499352624359788,18.353037275440766,0.0,0.32361176890744564,268,True
artery_coronary,raw,ENSG00000181322.15,NME9,0.40437398956863513,18.354148148798465,-0.3499349223148254,0.2859376844228962,190.32452310526153,4.450650225479223,0.0,2.8408577478872123,0.017632600209475345,-0.9243236199049082,0.5499352624359788,-0.3286801709081366,0.2281516200499382,0.5313115370589296,0.9707605164702802,-0.9243236199049082,0.5499352624359788,18.353037275440766,0.0,0.32361176890744564,268,True
artery_tibial,excluded_at_or_below_-1,ENSG00000181322.15,NME9,0.7427330142580599,45.299648438614184,-0.334623222813803,0.3889420803310974,644.4265115082967,4.450794330386899,0.0,2.354277900005742,0.06253323282414006,-0.9821051650525864,0.8894501788594855,-0.3054247460262312,0.2886957639670062,0.5299650941127262,0.7421574562629112,-0.9821051650525864,0.8894501788594855,45.297232274137194,0.0,2.832582372087772,691,True
artery_tibial,raw,ENSG00000181322.15,NME9,0.7427330142580599,45.299648438614184,-0.334623222813803,0.3889420803310974,644.4265115082967,4.450794330386899,0.0,2.354277900005742,0.06253323282414006,-0.9821051650525864,0.8894501788594855,-0.3054247460262312,0.2886957639670062,0.5299650941127262,0.7421574562629112,-0.9821051650525864,0.8894501788594855,45.297232274137194,0.0,2.832582372087772,691,True
bladder,excluded_at_or_below_-1,ENSG00000181322.15,NME9,0.23777118675050596,4.8192402563516294,-0.2981172143537864,0.2930264907101833,48.66256194764816,4.733212571381266,0.0,2.3619363710147407,0.06144770655226568,-0.7875128364109053,0.6826092519161437,-0.27897526123814465,0.2601964091586931,0.8136739511665105,1.8319563115788684,-0.7875128364109053,0.6826092519161437,4.8191193321821935,0.0,0.29612383056428193,77,True
bladder,raw,ENSG00000181322.15,NME9,0.23777118675050596,4.8192402563516294,-0.2981172143537864,0.2930264907101833,48.66256194764816,4.733212571381266,0.0,2.3619363710147407,0.06144770655226568,-0.7875128364109053,0.6826092519161437,-0.27897526123814465,0.2601964091586931,0.8136739511665105,1.8319563115788684,-0.7875128364109053,0.6826092519161437,4.8191193321821935,0.0,0.29612383056428193,77,True
brain_amygdala,excluded_at_or_below_-1,ENSG00000181322.15,NME9,0.9107721527130729,8.958060114628418,0.46274444607751813,0.5823551150400805,151.00085949766728,3.85755062403867,0.0,2.286232473724639,0.07273845225801656,-0.4786969392038889,2.0512346127715326,0.5186601612999419,0.4871829295055749,0.3424026230908037,-0.04435966634336497,-0.4786969392038889,2.0512346127715326,8.952796360340955,0.0,0.651212550632405,181,True
brain_amygdala,raw,ENSG00000181322.15,NME9,0.9107721527130729,8.958060114628418,0.46274444607751813,0.5823551150400805,151.00085949766728,3.85755062403867,0.0,2.286232473724639,0.07273845225801656,-0.4786969392038889,2.0512346127715326,0.5186601612999419,0.4871829295055749,0.3424026230908037,-0.04435966634336497,-0.4786969392038889,2.0512346127715326,8.952796360340955,0.0,0.651212550632405,181,True
brain_anterior_cingulate_cortex_ba24,excluded_at_or_below_-1,ENSG00000181322.15,NME9,-0.1192569348895394,12.78838442238568,0.6101957994927428,0.596003063580117,125.13627225469746,2.7336404906834293,0.0,2.6186278480591643,0.008802077516748375,-0.4933929804087523,1.7622552553786217,0.6002038919283346,0.40264901758200927,-0.05842183836911924,-0.23325293991565976,-0.4933929804087523,1.7622552553786217,12.483508677396584,0.0,0.10988081105944572,233,True
brain_anterior_cingulate_cortex_ba24,raw,ENSG00000181322.15,NME9,-0.1192569348895394,12.78838442238568,0.6101957994927428,0.596003063580117,125.13627225469746,2.7336404906834293,0.0,2.6186278480591643,0.008802077516748375,-0.4933929804087523,1.7622552553786217,0.6002038919283346,0.40264901758200927,-0.05842183836911924,-0.23325293991565976,-0.4933929804087523,1.7622552553786217,12.483508677396584,0.0,0.10988081105944572,233,True
brain_caudate_basal_ganglia,excluded_at_or_below_-1,ENSG00000181322.15,NME9,1.3490630461792144,21.05982940381179,0.6107176369360308,0.6219306202289508,277.59083158870646,5.630097773947635,0.0,2.9382912715963267,0.01334290838744741,-0.6814587086865913,3.0866733862397,0.6848385586144234,0.6082533781310747,0.8269988549773444,1.6048119529586877,-0.6814587086865913,3.0866733862397,21.059463701226782,0.0,0.2809944948542431,300,True
brain_caudate_basal_ganglia,raw,ENSG00000181322.15,NME9,1.3490630461792144,21.05982940381179,0.6107176369360308,0.6219306202289508,277.59083158870646,5.630097773947635,0.0,2.9382912715963267,0.01334290838744741,-0.6814587086865913,3.0866733862397,0.6848385586144234,0.6082533781310747,0.8269988549773444,1.6048119529586877,-0.6814587086865913,3.0866733862397,21.059463701226782,0.0,0.2809944948542431,300,True
brain_cerebellar_hemisphere,excluded_at_or_below_-1,ENSG00000181322.15,NME9,1.3055850817836134,15.358359195520586,1.3076095055381731,0.579527395398956,232.79076378745108,2.9417413251034774,0.012712244343926803,3.8977189287854,0.0,-0.2896279689814569,2.5130990676761225,1.1999023718481892,0.5043576976627717,-0.46136935575744464,-0.035632172732810385,-0.2896279689814569,2.5130990676761225,15.350511710396248,0.19513945566686686,0.0,277,True
brain_cerebellar_hemisphere,raw,ENSG00000181322.15,NME9,1.3055850817836134,15.358359195520586,1.3076095055381731,0.579527395398956,232.79076378745108,2.9417413251034774,0.012712244343926803,3.8977189287854,0.0,-0.2896279689814569,2.5130990676761225,1.1999023718481892,0.5043576976627717,-0.46136935575744464,-0.035632172732810385,-0.2896279689814569,2.5130990676761225,15.350511710396248,0.19513945566686686,0.0,277,True
brain_cerebellum,excluded_at_or_below_-1,ENSG00000181322.15,NME9,1.5572249054546243,18.442554375653426,1.502429216953775,0.3992747803678969,307.96882994999487,4.7206025367773625,0.0,4.356626102620858,6.110934785532292e-05,0.2724233843480765,2.8351964815479107,1.4398705915563048,0.42913813302325426,-0.3523409586138726,0.7640949914917581,0.2724233843480765,2.8351964815479107,18.441777208173413,0.0,0.0011269649784846347,266,True
brain_cerebellum,raw,ENSG00000181322.15,NME9,1.5572249054546243,18.442554375653426,1.502429216953775,0.3992747803678969,307.96882994999487,4.7206025367773625,0.0,4.356626102620858,6.110934785532292e-05,0.2724233843480765,2.8351964815479107,1.4398705915563048,0.42913813302325426,-0.3523409586138726,0.7640949914917581,0.2724233843480765,2.8351964815479107,18.441777208173413,0.0,0.0011269649784846347,266,True
brain_cortex,excluded_at_or_below_-1,ENSG00000181322.15,NME9,1.6529126921937844,12.89910413292325,0.9685399678332115,0.4389453058123326,206.38859131414756,1.8174944606901557,0.19165967401158965,4.307494569495126,0.0,-0.3684253755900645,1.5326560837338112,0.8472914635619152,0.3898038416389229,-0.7956683402645872,0.3954177659221334,-0.3684253755900645,1.5326560837338112,12.897853468381062,2.471998391199165,0.0,270,True
brain_cortex,raw,ENSG00000181322.15,NME9,1.6529126921937844,12.89910413292325,0.9685399678332115,0.4389453058123326,206.38859131414756,1.8174944606901557,0.19165967401158965,4.307494569495126,0.0,-0.3684253755900645,1.5326560837338112,0.8472914635619152,0.3898038416389229,-0.7956683402645872,0.3954177659221334,-0.3684253755900645,1.5326560837338112,12.897853468381062,2.471998391199165,0.0,270,True
brain_frontal_cortex_ba9,excluded_at_or_below_-1,ENSG00000181322.15,NME9,0.49322623118451875,14.44923472057046,1.0113657796829991,0.6117406675516648,331.6629145436839,2.1880252236167754,0.08955817991690279,3.5398784514707677,0.0,-0.5198651917699433,1.9578310424465344,0.9192288466406122,0.4491970158546192,-0.5481742603032544,0.038525116050901254,-0.5198651917699433,1.9578310424465344,14.421743829324228,1.2915851285821018,0.0,269,True
brain_frontal_cortex_ba9,raw,ENSG00000181322.15,NME9,0.49322623118451875,14.44923472057046,1.0113657796829991,0.6117406675516648,331.6629145436839,2.1880252236167754,0.08955817991690279,3.5398784514707677,0.0,-0.5198651917699433,1.9578310424465344,0.9192288466406122,0.4491970158546192,-0.5481742603032544,0.038525116050901254,-0.5198651917699433,1.9578310424465344,14.421743829324228,1.2915851285821018,0.0,269,True
brain_hippocampus,excluded_at_or_below_-1,ENSG00000181322.15,NME9,1.4248566208788955,15.021031894457765,0.4241424564504493,0.6445215232669935,245.59373118354407,5.3156890317962615,0.0,2.1802936968366917,0.09284318001359337,-0.5695166711685515,2.846744023244868,0.5869932829395708,0.6300902815050619,0.8909770917496727,0.9959613543730064,-0.5695166711685515,2.846744023244868,15.020960773948094,0.0,1.3945937651127878,255,True
brain_hippocampus,raw,ENSG00000181322.15,NME9,1.4248566208788955,15.021031894457765,0.4241424564504493,0.6445215232669935,245.59373118354407,5.3156890317962615,0.0,2.1802936968366917,0.09284318001359337,-0.5695166711685515,2.846744023244868,0.5869932829395708,0.6300902815050619,0.8909770917496727,0.9959613543730064,-0.5695166711685515,2.846744023244868,15.020960773948094,0.0,1.3945937651127878,255,True
brain_hypothalamus,excluded_at_or_below_-1,ENSG00000181322.15,NME9,0.27286060182277766,15.1669315852261,1.0280816110208377,0.9344030487246461,261.22288989296493,3.7905607368075267,0.0,2.3273363774836273,0.06594511202193937,-0.5096424388597969,3.5325912572905667,1.106280035407215,0.6766022635487154,0.37714696874032844,0.10136629278403753,-0.5096424388597969,3.5325912572905667,15.155413822746128,0.0,0.9994254622798417,257,True
brain_hypothalamus,raw,ENSG00000181322.15,NME9,0.27286060182277766,15.1669315852261,1.0280816110208377,0.9344030487246461,261.22288989296493,3.7905607368075267,0.0,2.3273363774836273,0.06594511202193937,-0.5096424388597969,3.5325912572905667,1.106280035407215,0.6766022635487154,0.37714696874032844,0.10136629278403753,-0.5096424388597969,3.5325912572905667,15.155413822746128,0.0,0.9994254622798417,257,True
brain_nucleus_accumbens_basal_ganglia,excluded_at_or_below_-1,ENSG00000181322.15,NME9,1.1737635012719811,23.479681912116835,0.8406166747374049,0.4662244971628423,216.74794908671964,5.749617917251007,0.0,4.13973143053913,0.00018989708770689878,-0.5241306703196207,2.736096108445187,0.820157478649286,0.4750924680068279,0.24481015649644042,1.7901159288248163,-0.5241306703196207,2.736096108445187,23.479471325013954,0.0,0.00445868322551779,285,True
brain_nucleus_accumbens_basal_ganglia,raw,ENSG00000181322.15,NME9,1.1737635012719811,23.479681912116835,0.8406166747374049,0.4662244971628423,216.74794908671964,5.749617917251007,0.0,4.13973143053913,0.00018989708770689878,-0.5241306703196207,2.736096108445187,0.820157478649286,0.4750924680068279,0.24481015649644042,1.7901159288248163,-0.5241306703196207,2.736096108445187,23.479471325013954,0.0,0.00445868322551779,285,True
brain_putamen_basal_ganglia,excluded_at_or_below_-1,ENSG00000181322.15,NME9,-1.0529207098867936,13.470413028465554,0.26113738916315277,0.708363768622035,202.16558532583494,2.473224514020554,0.0,1.9375711655838994,0.11129967491528689,-0.7093703540402803,1.499947908318538,0.2578127348913136,0.41787971358917614,0.07024845003218307,-0.414465555733214,-0.7093703540402803,1.499947908318538,12.837811526630942,0.0,1.4288442495377467,254,True
brain_putamen_basal_ganglia,raw,ENSG00000181322.15,NME9,-1.0529207098867936,13.470413028465554,0.26113738916315277,0.708363768622035,202.16558532583494,2.473224514020554,0.0,1.9375711655838994,0.11129967491528689,-0.7093703540402803,1.499947908318538,0.2578127348913136,0.41787971358917614,0.07024845003218307,-0.414465555733214,-0.7093703540402803,1.499947908318538,12.837811526630942,0.0,1.4288442495377467,254,True
brain_spinal_cord_cervical_c-1,excluded_at_or_below_-1,ENSG00000181322.15,NME9,0.7744652569331355,12.298147119855736,0.8146546901756583,0.5468635534528096,182.59117655806978,3.302150001324806,0.0036135777156972226,3.820741283421632,0.0,-0.6627912986534137,2.091566135380901,0.710657105020915,0.4717030630242992,-0.5213414736705617,0.19523739696794085,-0.6627912986534137,2.091566135380901,12.289750057014572,0.04440996693751653,0.0,204,True
brain_spinal_cord_cervical_c-1,raw,ENSG00000181322.15,NME9,0.7744652569331355,12.298147119855736,0.8146546901756583,0.5468635534528096,182.59117655806978,3.302150001324806,0.0036135777156972226,3.820741283421632,0.0,-0.6627912986534137,2.091566135380901,0.710657105020915,0.4717030630242992,-0.5213414736705617,0.19523739696794085,-0.6627912986534137,2.091566135380901,12.289750057014572,0.04440996693751653,0.0,204,True
brain_substantia_nigra,excluded_at_or_below_-1,ENSG00000181322.15,NME9,0.28626728160831166,16.20438947452989,0.45151254502691385,0.4606909319915294,214.4945080806954,6.536405106667001,0.0,2.9182369489510633,0.0141498417054927,-0.4991255591137564,2.5807967214646075,0.4396252242565637,0.40593274434424786,1.193018753862436,5.6434564488057966,-0.4991255591137564,2.5807967214646075,16.204362890176593,0.0,0.22928916983435899,183,True
brain_substantia_nigra,raw,ENSG00000181322.15,NME9,0.28626728160831166,16.20438947452989,0.45151254502691385,0.4606909319915294,214.4945080806954,6.536405106667001,0.0,2.9182369489510633,0.0141498417054927,-0.4991255591137564,2.5807967214646075,0.4396252242565637,0.40593274434424786,1.193018753862436,5.6434564488057966,-0.4991255591137564,2.5807967214646075,16.204362890176593,0.0,0.22928916983435899,183,True
breast_mammary_tissue,excluded_at_or_below_-1,ENSG00000181322.15,NME9,0.4154801322468198,25.690988222061172,-0.19438322026196453,0.4286151560199603,496.6225614031689,3.1052261322305497,0.0,1.9306320586755652,0.14824039340428355,-0.7795127813572467,0.7467384169184086,-0.17467317426698034,0.2885316538422084,0.2729417320027975,-0.24752959415637266,-0.7795127813572467,0.7467384169184086,25.48388022937497,0.0,3.777740430670189,514,True
breast_mammary_tissue,raw,ENSG00000181322.15,NME9,0.4154801322468198,25.690988222061172,-0.19438322026196453,0.4286151560199603,496.6225614031689,3.1052261322305497,0.0,1.9306320586755652,0.14824039340428355,-0.7795127813572467,0.7467384169184086,-0.17467317426698034,0.2885316538422084,0.2729417320027975,-0.24752959415637266,-0.7795127813572467,0.7467384169184086,25.48388022937497,0.0,3.777740430670189,514,True
cells_cultured_fibroblasts,excluded_at_or_below_-1,ENSG00000181322.15,NME9,-0.8378524644990731,37.13212642369605,-0.4592281655816299,0.24833444979509853,872.5537384762548,2.4813280036779632,0.031766569104474646,2.9044375507421267,0.0,-0.9692444179483888,-0.0235095153372245,-0.4605261753493805,0.16434516254671303,-0.09302316030169967,-0.12265749168910567,-0.9692444179483888,-0.0235095153372245,36.585174247619754,1.1621854659362592,0.0,652,True
cells_cultured_fibroblasts,raw,ENSG00000181322.15,NME9,-0.8378524644990731,37.13212642369605,-0.4592281655816299,0.24833444979509853,872.5537384762548,2.4813280036779632,0.031766569104474646,2.9044375507421267,0.0,-0.9692444179483888,-0.0235095153372245,-0.4605261753493805,0.16434516254671303,-0.09302316030169967,-0.12265749168910567,-0.9692444179483888,-0.0235095153372245,36.585174247619754,1.1621854659362592,0.0,652,True
cells_ebv-transformed_lymphocytes,excluded_at_or_below_-1,ENSG00000181322.15,NME9,0.5427177885905033,19.461013087075195,-0.5173138799624513,0.177760641143512,292.99401978252195,2.9568085778876467,0.010003642149540162,3.44399110792787,0.0,-0.9502089417312772,-0.1456555940229758,-0.5278059822159802,0.13759368700659094,-0.34279917823589917,0.31744502814214837,-0.9502089417312772,-0.1456555940229758,19.409206929826478,0.19416276053235915,0.0,326,True
cells_ebv-transformed_lymphocytes,raw,ENSG00000181322.15,NME9,0.5832507557098701,20.54085263283979,-0.5169249697142162,0.17844683357016564,245.15698120525704,2.942356420070025,0.01253598041583179,3.8284302713913108,0.0,-1.0,-0.1456555940229758,-0.5292500006189894,0.1398420747352614,-0.412774689274913,0.48188398020958045,-1.0,-0.1456555940229758,20.527243266401,0.2573291195786179,0.0,327,True
cervix_ectocervix,excluded_at_or_below_-1,ENSG00000181322.15,NME9,0.40538205219593815,2.420812071766267,-0.5326561637381325,0.060880596542147086,17.787830336402134,27.307136034014615,0.0,3.8720509966908954,0.0005551981519744583,-0.6993444071492546,0.6428909925334314,-0.2926692436671143,0.30792304652359753,1.3259177077631377,1.8028963511494682,-0.6993444071492546,0.6428909925334314,2.4203183172935736,0.0,0.0013437562569513228,24,True
cervix_ectocervix,raw,ENSG00000181322.15,NME9,0.40538205219593815,2.420812071766267,-0.5326561637381325,0.060880596542147086,17.787830336402134,27.307136034014615,0.0,3.8720509966908954,0.0005551981519744583,-0.6993444071492546,0.6428909925334314,-0.2926692436671143,0.30792304652359753,1.3259177077631377,1.8028963511494682,-0.6993444071492546,0.6428909925334314,2.4203183172935736,0.0,0.0013437562569513228,24,True
cervix_endocervix,excluded_at_or_below_-1,ENSG00000181322.15,NME9,0.4611342228759266,2.7995261924028747,0.11104498550134541,0.04948823154240742,21.29120394855127,39.684521334166064,0.0,21.942436255269914,0.0,-0.6567968701397152,1.4997438586328564,0.12961542988739566,0.5648117973958213,0.807251774864662,0.25900794271525385,-0.6567968701397152,1.4997438586328564,2.7984019667238043,0.0,0.0,23,True
cervix_endocervix,raw,ENSG00000181322.15,NME9,0.4611342228759266,2.7995261924028747,0.11104498550134541,0.04948823154240742,21.29120394855127,39.684521334166064,0.0,21.942436255269914,0.0,-0.6567968701397152,1.4997438586328564,0.12961542988739566,0.5648117973958213,0.807251774864662,0.25900794271525385,-0.6567968701397152,1.4997438586328564,2.7984019667238043,0.0,0.0,23,True
colon_sigmoid,excluded_at_or_below_-1,ENSG00000181322.15,NME9,-0.1553869044921865,28.123789627940308,-0.3827888915088221,0.3489692309553572,321.0169941333132,4.367970757802945,0.0,2.1628359168360016,0.09636658774118458,-0.9164870589301328,0.6950450628114719,-0.36559404782576677,0.23723169003133385,0.4478055855721188,0.5976440965476915,-0.9164870589301328,0.6950450628114719,28.12153307661311,0.0,2.7099761846440615,419,True
colon_sigmoid,raw,ENSG00000181322.15,NME9,-0.1553869044921865,28.123789627940308,-0.3827888915088221,0.3489692309553572,321.0169941333132,4.367970757802945,0.0,2.1628359168360016,0.09636658774118458,-0.9164870589301328,0.6950450628114719,-0.36559404782576677,0.23723169003133385,0.4478055855721188,0.5976440965476915,-0.9164870589301328,0.6950450628114719,28.12153307661311,0.0,2.7099761846440615,419,True
colon_transverse,excluded_at_or_below_-1,ENSG00000181322.15,NME9,0.37063870867903065,35.45347437302258,-0.44931844288562184,0.2757749667985065,325.8022434452163,5.208480921149207,0.0,2.384962788331808,0.05818992225193332,-0.9143917891376648,0.5663475720055839,-0.43200918883929607,0.20822851232883738,0.6365611235813733,1.5972367841200583,-0.9143917891376648,0.5663475720055839,35.45337685101626,0.0,2.0630292425291286,479,True
colon_transverse,raw,ENSG00000181322.15,NME9,0.37063870867903065,35.45347437302258,-0.44931844288562184,0.2757749667985065,325.8022434452163,5.208480921149207,0.0,2.384962788331808,0.05818992225193332,-0.9143917891376648,0.5663475720055839,-0.43200918883929607,0.20822851232883738,0.6365611235813733,1.5972367841200583,-0.9143917891376648,0.5663475720055839,35.45337685101626,0.0,2.0630292425291286,479,True
esophagus_gastroesophageal_junction,excluded_at_or_below_-1,ENSG00000181322.15,NME9,-0.7670960813917692,20.628256918096707,-0.28394931143283847,0.45111725003400516,433.40217456151765,2.5533699583672655,0.0,2.1069143077106713,0.07307000440391762,-0.9560298329608788,0.5305452349249338,-0.2726184175979288,0.2855321834456084,0.1645448806814325,-0.32997993880147725,-0.9560298329608788,0.5305452349249338,19.83622860932665,0.0,1.4494333118406149,403,True
esophagus_gastroesophageal_junction,raw,ENSG00000181322.15,NME9,-0.7670960813917692,20.628256918096707,-0.28394931143283847,0.45111725003400516,433.40217456151765,2.5533699583672655,0.0,2.1069143077106713,0.07307000440391762,-0.9560298329608788,0.5305452349249338,-0.2726184175979288,0.2855321834456084,0.1645448806814325,-0.32997993880147725,-0.9560298329608788,0.5305452349249338,19.83622860932665,0.0,1.4494333118406149,403,True
esophagus_mucosa,excluded_at_or_below_-1,ENSG00000181322.15,NME9,0.8814653949094002,29.318838964022135,-0.59750084326785,0.2752728556938537,341.95527114089043,3.043526999164784,0.0,1.9152026451705524,0.1515095605187047,-0.9702898727294658,-0.0050865214623232,-0.5816984398437584,0.189654594966351,0.2849264391896448,-0.20091795242134847,-0.9702898727294658,-0.0050865214623232,29.03315383502637,0.0,4.398800378016791,611,True
esophagus_mucosa,raw,ENSG00000181322.15,NME9,0.7657087650976414,30.453057609318652,-0.5975790771691596,0.2743269647682271,425.121866341841,3.054424520730718,0.0,2.0745650261938313,0.10785681743665404,-1.0,-0.0050865214623232,-0.5837422585415902,0.1914287811851021,0.25667284153941095,-0.19442410056774717,-1.0,-0.0050865214623232,30.166053194638014,0.0,3.253614492198466,614,True
esophagus_muscularis,excluded_at_or_below_-1,ENSG00000181322.15,NME9,-0.3510267624696958,30.36700685963012,-0.318890389031338,0.4039562398968335,457.322585438875,3.0069741849321376,0.0,2.2093391184045,0.07706942686044198,-0.9499664490219262,0.5400223081243523,-0.2975832999995216,0.2674904322706806,0.24536861284727257,-0.2851826826480681,-0.9499664490219262,0.5400223081243523,30.03655116046392,0.0,2.3148997828012976,561,True
esophagus_muscularis,raw,ENSG00000181322.15,NME9,-0.3510267624696958,30.36700685963012,-0.318890389031338,0.4039562398968335,457.322585438875,3.0069741849321376,0.0,2.2093391184045,0.07706942686044198,-0.9499664490219262,0.5400223081243523,-0.2975832999995216,0.2674904322706806,0.24536861284727257,-0.2851826826480681,-0.9499664490219262,0.5400223081243523,30.03655116046392,0.0,2.3148997828012976,561,True
fallopian_tube,excluded_at_or_below_-1,ENSG00000181322.15,NME9,0.19400405697972406,1.7294241454379138,0.06955830180997387,0.9965383871299609,12.500252766073315,5.49360797695193,0.0,0.7020995923158502,0.7815538605099163,-0.4251825307959399,3.940678886800989,0.8406473221142593,1.254262256589515,1.4268981683675925,0.893629730347822,-0.4251825307959399,3.940678886800989,1.729422304584288,0.0,1.3516366785998066,29,True
fallopian_tube,raw,ENSG00000181322.15,NME9,0.19400405697972406,1.7294241454379138,0.06955830180997387,0.9965383871299609,12.500252766073315,5.49360797695193,0.0,0.7020995923158502,0.7815538605099163,-0.4251825307959399,3.940678886800989,0.8406473221142593,1.254262256589515,1.4268981683675925,0.893629730347822,-0.4251825307959399,3.940678886800989,1.729422304584288,0.0,1.3516366785998066,29,True
heart_atrial_appendage,excluded_at_or_below_-1,ENSG00000181322.15,NME9,1.5358205784832453,28.06305310627192,-0.6600424015969256,0.19628683297424704,460.86839632738975,4.662187431784926,0.0,2.306034888764726,0.07000784299228173,-0.9801102450166964,-0.0129505973139917,-0.6305005987340897,0.16524404651538896,0.7018032649061577,0.7569653956696407,-0.9801102450166964,-0.0129505973139917,28.06241729007064,0.0,1.9645893036271578,461,True
heart_atrial_appendage,raw,ENSG00000181322.15,NME9,1.5358205784832453,28.06305310627192,-0.6600424015969256,0.19628683297424704,460.86839632738975,4.662187431784926,0.0,2.306034888764726,0.07000784299228173,-0.9801102450166964,-0.0129505973139917,-0.6305005987340897,0.16524404651538896,0.7018032649061577,0.7569653956696407,-0.9801102450166964,-0.0129505973139917,28.06241729007064,0.0,1.9645893036271578,461,True
heart_left_ventricle,excluded_at_or_below_-1,ENSG00000181322.15,NME9,0.263562679306159,21.748188043350975,-0.8245806350103234,0.2647891220489825,453.3335323935777,3.1464045234893896,0.0,0.904058928339752,0.6621473753264605,-0.9938513705518008,-0.2354661521965129,-0.7610743318127458,0.14888283375218195,0.6772026531292947,0.1402734486092423,-0.9938513705518008,-0.2354661521965129,21.594080148769773,0.0,14.298463493097126,450,True
heart_left_ventricle,raw,ENSG00000181322.15,NME9,0.4350991119897019,21.88476057957411,-0.8197336762516686,0.2545596146028049,368.43785331467546,3.2459157272932377,0.0,1.0014749601259822,0.6035938225643828,-1.0,-0.2354661521965129,-0.7621315250348132,0.1493982301176664,0.6703368378912077,0.13116537935937256,-1.0,-0.2354661521965129,21.771936198203665,0.0,13.141406194501606,452,True
kidney_cortex,excluded_at_or_below_-1,ENSG00000181322.15,NME9,1.3714029612732552,7.689253745929499,-0.6579087184028908,0.15375181549597058,110.77118682431029,13.346926201001095,0.0,1.9571374125640149,0.14732094344494767,-0.8706866455582924,0.7931551020084644,-0.4203760171441528,0.3564983283158865,1.2008990532201844,0.9629271535537343,-0.8706866455582924,0.7931551020084644,7.6888566642409915,0.0,1.132729617788956,104,True
kidney_cortex,raw,ENSG00000181322.15,NME9,1.3714029612732552,7.689253745929499,-0.6579087184028908,0.15375181549597058,110.77118682431029,13.346926201001095,0.0,1.9571374125640149,0.14732094344494767,-0.8706866455582924,0.7931551020084644,-0.4203760171441528,0.3564983283158865,1.2008990532201844,0.9629271535537343,-0.8706866455582924,0.7931551020084644,7.6888566642409915,0.0,1.132729617788956,104,True
kidney_medulla,excluded_at_or_below_-1,ENSG00000181322.15,NME9,0.23076923081903658,9.636590689538505,0.40333470234013874,0.008977481510604146,8.923076923197591,0.7271876537403972,0.7683155610802079,204.7444583008747,0.0,-0.8963909103250249,0.4079509172385727,-0.1286977112084262,0.47450924349955953,-0.3492275394557239,-1.420427269979323,-0.8963909103250249,0.4079509172385727,9.628439670378054,7.397680027673447,0.0,11,True
kidney_medulla,raw,ENSG00000181322.15,NME9,0.23076923081903658,9.636590689538505,0.40333470234013874,0.008977481510604146,8.923076923197591,0.7271876537403972,0.7683155610802079,204.7444583008747,0.0,-0.8963909103250249,0.4079509172385727,-0.1286977112084262,0.47450924349955953,-0.3492275394557239,-1.420427269979323,-0.8963909103250249,0.4079509172385727,9.628439670378054,7.397680027673447,0.0,11,True
liver,excluded_at_or_below_-1,ENSG00000181322.15,NME9,0.4555488669309776,20.622339112088156,-0.8081871967980648,0.14216539737098965,204.91763428876123,6.3972522073966465,0.0,1.7389250941761838,0.22048398916064604,-0.982994583454086,-0.1650962759184283,-0.7822139659800813,0.11577871244796252,1.3700552738508425,4.080772919878844,-0.982994583454086,-0.1650962759184283,20.622338097116735,0.0,4.546895369471865,262,True
liver,raw,ENSG00000181322.15,NME9,0.4555488669309776,20.622339112088156,-0.8081871967980648,0.14216539737098965,204.91763428876123,6.3972522073966465,0.0,1.7389250941761838,0.22048398916064604,-0.982994583454086,-0.1650962759184283,-0.7822139659800813,0.11577871244796252,1.3700552738508425,4.080772919878844,-0.982994583454086,-0.1650962759184283,20.622338097116735,0.0,4.546895369471865,262,True
lung,excluded_at_or_below_-1,ENSG00000181322.15,NME9,4.1284239089994985,45.31877532614768,0.09282653630315653,0.6651589312821046,1488.6317357264088,8.149405554555731,0.0,1.9303638429048755,0.15518447941551197,-0.815097687374654,3.925804831431874,0.48226850941310395,0.8392599997463928,1.343667964976361,1.6763523001194525,-0.815097687374654,3.925804831431874,45.3182494955613,0.0,7.032688955990968,604,True
lung,raw,ENSG00000181322.15,NME9,4.1284239089994985,45.31877532614768,0.09282653630315653,0.6651589312821046,1488.6317357264088,8.149405554555731,0.0,1.9303638429048755,0.15518447941551197,-0.815097687374654,3.925804831431874,0.48226850941310395,0.8392599997463928,1.343667964976361,1.6763523001194525,-0.815097687374654,3.925804831431874,45.3182494955613,0.0,7.032688955990968,604,True
minor_salivary_gland,excluded_at_or_below_-1,ENSG00000181322.15,NME9,1.4889499489154756,10.053813345935499,-0.07737016705416765,0.25261420111553357,119.26716190869631,3.7892710795260185,0.000724080175690835,4.510737668844208,0.0,-0.8831016513037926,0.5994891928280901,-0.11252621351014243,0.2772653712360723,-0.260688448594392,0.0717078919451688,-0.8831016513037926,0.5994891928280901,10.053219624088886,0.007279337031668831,0.0,181,True
minor_salivary_gland,raw,ENSG00000181322.15,NME9,1.4889499489154756,10.053813345935499,-0.07737016705416765,0.25261420111553357,119.26716190869631,3.7892710795260185,0.000724080175690835,4.510737668844208,0.0,-0.8831016513037926,0.5994891928280901,-0.11252621351014243,0.2772653712360723,-0.260688448594392,0.0717078919451688,-0.8831016513037926,0.5994891928280901,10.053219624088886,0.007279337031668831,0.0,181,True
muscle_skeletal,excluded_at_or_below_-1,ENSG00000181322.15,NME9,3.130855136309211,64.32067910585985,-0.14266939409221235,0.638283710263855,1337.7012497616088,7.201748098084698,0.0,1.6529138914389094,0.25511050399838975,-0.8886868552767335,3.1077297102111405,0.054721029474516694,0.5644768148218723,1.0470094866571347,1.3187172549846995,-0.8886868552767335,3.1077297102111405,64.32044191747032,0.0,16.40882035496501,818,True
muscle_skeletal,raw,ENSG00000181322.15,NME9,3.130855136309211,64.32067910585985,-0.14266939409221235,0.638283710263855,1337.7012497616088,7.201748098084698,0.0,1.6529138914389094,0.25511050399838975,-0.8886868552767335,3.1077297102111405,0.054721029474516694,0.5644768148218723,1.0470094866571347,1.3187172549846995,-0.8886868552767335,3.1077297102111405,64.32044191747032,0.0,16.40882035496501,818,True
nerve_tibial,excluded_at_or_below_-1,ENSG00000181322.15,NME9,0.7307838462605978,49.1276689312146,0.028828000470907618,0.35700156975633063,475.61336138802415,4.6307223391602,0.0,3.047860099290977,0.009590364580924635,-0.7405684109301495,1.197799355413805,0.0353849303010036,0.27687825837562036,0.3510402359271132,1.2230506317509073,-0.7405684109301495,1.197799355413805,49.12635485199886,0.0,0.47113965356254495,670,True
nerve_tibial,raw,ENSG00000181322.15,NME9,0.7307838462605978,49.1276689312146,0.028828000470907618,0.35700156975633063,475.61336138802415,4.6307223391602,0.0,3.047860099290977,0.009590364580924635,-0.7405684109301495,1.197799355413805,0.0353849303010036,0.27687825837562036,0.3510402359271132,1.2230506317509073,-0.7405684109301495,1.197799355413805,49.12635485199886,0.0,0.47113965356254495,670,True
ovary,excluded_at_or_below_-1,ENSG00000181322.15,NME9,0.3582002536297028,11.543454811648573,-0.043249257287761696,0.3128240303518593,248.38633655098323,4.066212501839056,0.0,2.351273533471919,0.06278381203747418,-0.5633509468558437,0.8561969203870861,-0.06946751550303847,0.23429941581283484,0.07753074042101597,0.39330137613505567,-0.5633509468558437,0.8561969203870861,11.540346768514596,0.0,0.7245469623616929,193,True
ovary,raw,ENSG00000181322.15,NME9,0.3582002536297028,11.543454811648573,-0.043249257287761696,0.3128240303518593,248.38633655098323,4.066212501839056,0.0,2.351273533471919,0.06278381203747418,-0.5633509468558437,0.8561969203870861,-0.06946751550303847,0.23429941581283484,0.07753074042101597,0.39330137613505567,-0.5633509468558437,0.8561969203870861,11.540346768514596,0.0,0.7245469623616929,193,True
pancreas,excluded_at_or_below_-1,ENSG00000181322.15,NME9,0.4691596484445329,41.59339474141597,-0.4669281163397087,0.22572982971089273,201.43738709945546,9.609663719755945,0.0,2.4578353717260506,0.048777928310620645,-0.8592357385252481,1.0669192549155122,-0.4336912681962731,0.2040411230546458,1.9075553106485448,9.237376816679571,-0.8592357385252481,1.0669192549155122,41.593394737229715,0.0,2.028839626687937,362,True
pancreas,raw,ENSG00000181322.15,NME9,0.4691596484445329,41.59339474141597,-0.4669281163397087,0.22572982971089273,201.43738709945546,9.609663719755945,0.0,2.4578353717260506,0.048777928310620645,-0.8592357385252481,1.0669192549155122,-0.4336912681962731,0.2040411230546458,1.9075553106485448,9.237376816679571,-0.8592357385252481,1.0669192549155122,41.593394737229715,0.0,2.028839626687937,362,True
pituitary,excluded_at_or_below_-1,ENSG00000181322.15,NME9,1.2622562640597679,18.55773585725271,1.2168222183717134,0.4674795072186091,225.97122018756622,3.308546364320716,0.003398057458482084,3.7757207210292822,0.0,-0.0312722059951505,2.3104884546134272,1.150142844951158,0.404503311885703,-0.3761467412133999,0.22985636412260924,-0.0312722059951505,2.3104884546134272,18.54276554368506,0.06300938275660362,0.0,313,True
pituitary,raw,ENSG00000181322.15,NME9,1.2622562640597679,18.55773585725271,1.2168222183717134,0.4674795072186091,225.97122018756622,3.308546364320716,0.003398057458482084,3.7757207210292822,0.0,-0.0312722059951505,2.3104884546134272,1.150142844951158,0.404503311885703,-0.3761467412133999,0.22985636412260924,-0.0312722059951505,2.3104884546134272,18.54276554368506,0.06300938275660362,0.0,313,True
prostate,excluded_at_or_below_-1,ENSG00000181322.15,NME9,0.030710847032935425,13.236318654638977,-0.08564345925457806,0.47112678751236514,322.2780319103279,2.2772178617261054,0.012675348814733778,2.3519195985778882,0.0,-0.8691547721471125,0.6729819451436849,-0.07255268479626825,0.31150085911151876,0.143329716421792,-0.4422624743625483,-0.8691547721471125,0.6729819451436849,12.40333876341512,0.15721664529359536,0.0,282,True
prostate,raw,ENSG00000181322.15,NME9,0.030710847032935425,13.236318654638977,-0.08564345925457806,0.47112678751236514,322.2780319103279,2.2772178617261054,0.012675348814733778,2.3519195985778882,0.0,-0.8691547721471125,0.6729819451436849,-0.07255268479626825,0.31150085911151876,0.143329716421792,-0.4422624743625483,-0.8691547721471125,0.6729819451436849,12.40333876341512,0.15721664529359536,0.0,282,True
skin_not_sun_exposed_suprapubic,excluded_at_or_below_-1,ENSG00000181322.15,NME9,2.331926906305859,33.886632695162426,-0.21063749262967027,0.33249021697162423,641.7005259509168,3.185359974316926,0.0,2.8906758913358885,0.009124238264286301,-0.8902529905125502,0.5382600269331863,-0.20202550754570503,0.26382159615739764,0.12047372297320505,-0.1577253642630967,-0.8902529905125502,0.5382600269331863,33.67443418858156,0.0,0.3072535609516467,651,True
skin_not_sun_exposed_suprapubic,raw,ENSG00000181322.15,NME9,2.331926906305859,33.886632695162426,-0.21063749262967027,0.33249021697162423,641.7005259509168,3.185359974316926,0.0,2.8906758913358885,0.009124238264286301,-0.8902529905125502,0.5382600269331863,-0.20202550754570503,0.26382159615739764,0.12047372297320505,-0.1577253642630967,-0.8902529905125502,0.5382600269331863,33.67443418858156,0.0,0.3072535609516467,651,True
skin_sun_exposed_lower_leg,excluded_at_or_below_-1,ENSG00000181322.15,NME9,0.5646534940476599,49.989649692439784,-0.11850669480933375,0.382326527085293,302.79644704043653,3.8663604438478476,0.0,2.976165869014102,0.011368182972340183,-0.9231002802509608,0.9267471482352858,-0.11997071697059186,0.2804806794472507,0.048467645425090536,0.18247810532958475,-0.9231002802509608,0.9267471482352858,49.96058077197096,0.0,0.5679610236201466,754,True
skin_sun_exposed_lower_leg,raw,ENSG00000181322.15,NME9,0.5646534940476599,49.989649692439784,-0.11850669480933375,0.382326527085293,302.79644704043653,3.8663604438478476,0.0,2.976165869014102,0.011368182972340183,-0.9231002802509608,0.9267471482352858,-0.11997071697059186,0.2804806794472507,0.048467645425090536,0.18247810532958475,-0.9231002802509608,0.9267471482352858,49.96058077197096,0.0,0.5679610236201466,754,True
small_intestine_terminal_ileum,excluded_at_or_below_-1,ENSG00000181322.15,NME9,-0.12158766395669802,12.352015963881684,-0.19331594737564178,0.3847796197135099,381.970003492088,3.6012637895247215,0.0,2.152147206911995,0.09730215044842509,-0.7788727585078358,0.7865169069325286,-0.19222372921293265,0.25992735898600816,0.2971764688664642,0.4183660527811517,-0.7788727585078358,0.7865169069325286,12.333153941663952,0.0,1.2000424003353727,207,True
small_intestine_terminal_ileum,raw,ENSG00000181322.15,NME9,-0.12158766395669802,12.352015963881684,-0.19331594737564178,0.3847796197135099,381.970003492088,3.6012637895247215,0.0,2.152147206911995,0.09730215044842509,-0.7788727585078358,0.7865169069325286,-0.19222372921293265,0.25992735898600816,0.2971764688664642,0.4183660527811517,-0.7788727585078358,0.7865169069325286,12.333153941663952,0.0,1.2000424003353727,207,True
spleen,excluded_at_or_below_-1,ENSG00000181322.15,NME9,0.3493294865813299,13.581390365855752,-0.3880965801999157,0.3569046406197085,181.27028176538175,3.169286837154708,0.0,1.8305765900404634,0.1818222988128189,-0.8500786297136509,0.4117353615454289,-0.3609888015883444,0.24157302484948132,0.3255256705271033,-0.2041282674984961,-0.8500786297136509,0.4117353615454289,13.491842699586085,0.0,2.4531178548596904,277,True
spleen,raw,ENSG00000181322.15,NME9,0.3493294865813299,13.581390365855752,-0.3880965801999157,0.3569046406197085,181.27028176538175,3.169286837154708,0.0,1.8305765900404634,0.1818222988128189,-0.8500786297136509,0.4117353615454289,-0.3609888015883444,0.24157302484948132,0.3255256705271033,-0.2041282674984961,-0.8500786297136509,0.4117353615454289,13.491842699586085,0.0,2.4531178548596904,277,True
stomach,excluded_at_or_below_-1,ENSG00000181322.15,NME9,1.0990322447950152,27.2359519941712,-0.4694282680075112,0.25786480423577274,467.36138663937254,5.0654579238562425,0.0,2.3946730290516975,0.05685404036885325,-0.906068043126704,0.4541969542735447,-0.4436888000005805,0.20875419217714672,0.49476923934956885,0.48879825151691714,-0.906068043126704,0.4541969542735447,27.235717294771323,0.0,1.5484605705516035,407,True
stomach,raw,ENSG00000181322.15,NME9,1.0990322447950152,27.2359519941712,-0.4694282680075112,0.25786480423577274,467.36138663937254,5.0654579238562425,0.0,2.3946730290516975,0.05685404036885325,-0.906068043126704,0.4541969542735447,-0.4436888000005805,0.20875419217714672,0.49476923934956885,0.48879825151691714,-0.906068043126704,0.4541969542735447,27.235717294771323,0.0,1.5484605705516035,407,True
testis,excluded_at_or_below_-1,ENSG00000181322.15,NME9,2.0485706273918156,29.125042504145586,1.7165507101047328,0.42679269336107606,448.2691148165014,3.336696826288712,0.003822505536006527,5.454011610773998,0.0,0.0705954124629772,2.7235257973973948,1.6005377312078242,0.41165185824925504,-0.7175222525004095,0.6452637352871178,0.0705954124629772,2.7235257973973948,29.124619227687308,0.11132901823191688,0.0,414,True
testis,raw,ENSG00000181322.15,NME9,2.0485706273918156,29.125042504145586,1.7165507101047328,0.42679269336107606,448.2691148165014,3.336696826288712,0.003822505536006527,5.454011610773998,0.0,0.0705954124629772,2.7235257973973948,1.6005377312078242,0.41165185824925504,-0.7175222525004095,0.6452637352871178,0.0705954124629772,2.7235257973973948,29.124619227687308,0.11132901823191688,0.0,414,True
thyroid,excluded_at_or_below_-1,ENSG00000181322.15,NME9,2.1728506708538933,43.012079347001404,0.2629741634788656,0.3918979286089646,521.4948713991512,4.475158814054586,0.0,2.724586622371505,0.024392770314989147,-0.4920460696967752,1.503101903790733,0.2949782705393383,0.3229974506908725,0.30090471998883184,0.16859369075629393,-0.4920460696967752,1.503101903790733,43.00983165578256,0.0,1.0491289448658536,684,True
thyroid,raw,ENSG00000181322.15,NME9,2.1728506708538933,43.012079347001404,0.2629741634788656,0.3918979286089646,521.4948713991512,4.475158814054586,0.0,2.724586622371505,0.024392770314989147,-0.4920460696967752,1.503101903790733,0.2949782705393383,0.3229974506908725,0.30090471998883184,0.16859369075629393,-0.4920460696967752,1.503101903790733,43.00983165578256,0.0,1.0491289448658536,684,True
uterus,excluded_at_or_below_-1,ENSG00000181322.15,NME9,0.3509380945597981,9.117403440100254,-0.08258443424203123,0.32163591483548654,115.08206231923293,3.6266609811444273,0.0,2.940184300440688,0.011892419958355499,-0.751273303036581,0.742230468898331,-0.07231236675144397,0.24998102133979744,0.11972517209906813,0.11513469310386215,-0.751273303036581,0.742230468898331,9.104683358174343,0.0,0.10827671808325973,153,True
uterus,raw,ENSG00000181322.15,NME9,0.3509380945597981,9.117403440100254,-0.08258443424203123,0.32163591483548654,115.08206231923293,3.6266609811444273,0.0,2.940184300440688,0.011892419958355499,-0.751273303036581,0.742230468898331,-0.07231236675144397,0.24998102133979744,0.11972517209906813,0.11513469310386215,-0.751273303036581,0.742230468898331,9.104683358174343,0.0,0.10827671808325973,153,True
vagina,excluded_at_or_below_-1,ENSG00000181322.15,NME9,0.5630684198962486,10.286628784551137,-0.36466376813321805,0.3061842812373764,155.20677219074466,4.241039288691252,0.0,2.7305605347130357,0.023920308132819118,-0.9558437263379256,0.5535423648417863,-0.33502509852433204,0.2502217435593522,0.3895309876008326,0.2828611238048633,-0.9558437263379256,0.5535423648417863,10.285244592040613,0.0,0.24602621986302287,170,True
vagina,raw,ENSG00000181322.15,NME9,0.5630684198962486,10.286628784551137,-0.36466376813321805,0.3061842812373764,155.20677219074466,4.241039288691252,0.0,2.7305605347130357,0.023920308132819118,-0.9558437263379256,0.5535423648417863,-0.33502509852433204,0.2502217435593522,0.3895309876008326,0.2828611238048633,-0.9558437263379256,0.5535423648417863,10.285244592040613,0.0,0.24602621986302287,170,True
whole_blood,excluded_at_or_below_-1,ENSG00000181322.15,NME9,1.5362218159448349,59.423835552240384,-0.8155237411575584,0.22813368028271966,1038.642479533884,6.152824874254704,0.0,1.045332142862516,0.5790539437857997,-0.9841513623415032,0.177018417993702,-0.7482186925155117,0.16071997186390954,1.2647208840666815,2.8307251181816904,-0.9841513623415032,0.177018417993702,59.42383458638194,0.0,34.40960577211947,767,True
whole_blood,raw,ENSG00000181322.15,NME9,1.2124360947165855,60.34129537306588,-0.8277497669748426,0.24789026743445522,965.9462943489734,5.732200819861676,0.0,0.982687292192759,0.617034737811064,-1.0,0.177018417993702,-0.7595065219917777,0.16549758724795496,1.153197459569931,2.480565486402205,-1.0,0.177018417993702,60.34085365457286,0.0,37.232402814045145,803,True
adipose_subcutaneous,excluded_at_or_below_-1,ENSG00000123609.11,NMI,0.28613507936503146,46.11477587414905,3.40426318006933,0.6168149439323759,705.6244179607917,3.4419769943296803,0.0,3.1317740505383687,0.004754038880805122,2.0383273081560396,4.905495315908434,3.404311226127754,0.44988502668602015,0.04173515157793096,0.27200228774099955,2.0383273081560396,4.905495315908434,45.99101943525861,0.0,0.21864309456308345,714,True
adipose_subcutaneous,raw,ENSG00000123609.11,NMI,0.28613507936503146,46.11477587414905,3.40426318006933,0.6168149439323759,705.6244179607917,3.4419769943296803,0.0,3.1317740505383687,0.004754038880805122,2.0383273081560396,4.905495315908434,3.404311226127754,0.44988502668602015,0.04173515157793096,0.27200228774099955,2.0383273081560396,4.905495315908434,45.99101943525861,0.0,0.21864309456308345,714,True
adipose_visceral_omentum,excluded_at_or_below_-1,ENSG00000123609.11,NMI,-0.5304506676362972,44.766874643923806,3.5684856316864404,0.7707190681931478,609.169243151019,4.110997493689508,0.0,3.2647312320451767,0.004634906605348924,1.789270186431709,5.808899839257769,3.5540682713823673,0.5233460928559939,0.019566659544612466,0.31365743973189053,1.789270186431709,5.808899839257769,44.757237307261406,0.0,0.20744561483259516,587,True
adipose_visceral_omentum,raw,ENSG00000123609.11,NMI,-0.5304506676362972,44.766874643923806,3.5684856316864404,0.7707190681931478,609.169243151019,4.110997493689508,0.0,3.2647312320451767,0.004634906605348924,1.789270186431709,5.808899839257769,3.5540682713823673,0.5233460928559939,0.019566659544612466,0.31365743973189053,1.789270186431709,5.808899839257769,44.757237307261406,0.0,0.20744561483259516,587,True
adrenal_gland,excluded_at_or_below_-1,ENSG00000123609.11,NMI,1.9392472317273597,24.169218155970288,3.418829008166332,0.515061692760761,276.14962652695385,3.1236043490301726,0.007608783431497029,8.012103738775867,0.0,0.5007918572964596,4.556457006038631,3.2359417872945073,0.6525453164648028,-1.1645837502783134,2.0551732277881234,0.5007918572964596,4.556457006038631,24.169216215222487,0.1838983318906542,0.0,295,True
adrenal_gland,raw,ENSG00000123609.11,NMI,1.9392472317273597,24.169218155970288,3.418829008166332,0.515061692760761,276.14962652695385,3.1236043490301726,0.007608783431497029,8.012103738775867,0.0,0.5007918572964596,4.556457006038631,3.2359417872945073,0.6525453164648028,-1.1645837502783134,2.0551732277881234,0.5007918572964596,4.556457006038631,24.169216215222487,0.1838983318906542,0.0,295,True
artery_aorta,excluded_at_or_below_-1,ENSG00000123609.11,NMI,1.3182769500899254,29.87927432506273,3.246140038279263,0.5414595229976065,393.15499761135607,3.4083675029523586,0.0020658687661692736,3.7340885137095525,0.0,1.8164706875828416,4.551100683156923,3.2128614152255084,0.4418061119992513,-0.18069363037956487,0.22067217149574958,1.8164706875828416,4.551100683156923,29.8511929116031,0.06166864706897446,0.0,472,True
artery_aorta,raw,ENSG00000123609.11,NMI,1.3182769500899254,29.87927432506273,3.246140038279263,0.5414595229976065,393.15499761135607,3.4083675029523586,0.0020658687661692736,3.7340885137095525,0.0,1.8164706875828416,4.551100683156923,3.2128614152255084,0.4418061119992513,-0.18069363037956487,0.22067217149574958,1.8164706875828416,4.551100683156923,29.8511929116031,0.06166864706897446,0.0,472,True
artery_coronary,excluded_at_or_below_-1,ENSG00000123609.11,NMI,-0.1352377268024026,16.81978124620122,3.383263526562424,0.6322065304848601,341.23525493961074,2.7646449010675105,0.01869133216106897,3.383923940009589,0.0,1.8705225442540363,4.61916354013155,3.386201646708009,0.44024924142139016,-0.18050880242320444,0.22394986451096388,1.8705225442540363,4.61916354013155,16.764818981305957,0.31335680019978357,0.0,268,True
artery_coronary,raw,ENSG00000123609.11,NMI,-0.1352377268024026,16.81978124620122,3.383263526562424,0.6322065304848601,341.23525493961074,2.7646449010675105,0.01869133216106897,3.383923940009589,0.0,1.8705225442540363,4.61916354013155,3.386201646708009,0.44024924142139016,-0.18050880242320444,0.22394986451096388,1.8705225442540363,4.61916354013155,16.764818981305957,0.31335680019978357,0.0,268,True
artery_tibial,excluded_at_or_below_-1,ENSG00000123609.11,NMI,0.5439698885041735,52.26070428412615,2.8279052865778636,0.68661225062455,465.0048024893315,4.952428712940713,0.0,2.860920603842378,0.016694060872819445,1.4389049354808685,5.232349929962481,2.8518151495524067,0.5193024686839769,0.27681347965183273,0.9177083707982012,1.4389049354808685,5.232349929962481,52.25997726668814,0.0,0.8724312417022522,691,True
artery_tibial,raw,ENSG00000123609.11,NMI,0.5439698885041735,52.26070428412615,2.8279052865778636,0.68661225062455,465.0048024893315,4.952428712940713,0.0,2.860920603842378,0.016694060872819445,1.4389049354808685,5.232349929962481,2.8518151495524067,0.5193024686839769,0.27681347965183273,0.9177083707982012,1.4389049354808685,5.232349929962481,52.25997726668814,0.0,0.8724312417022522,691,True
bladder,excluded_at_or_below_-1,ENSG00000123609.11,NMI,0.07032430109715168,5.327674546675401,3.147129272650921,0.5872954205246754,54.19516943872833,4.379379345341874,0.0,2.803013760819168,0.019607253930034638,1.9830921079709456,4.96580044275606,3.1884031456669666,0.4829911568385615,0.6562820213719626,1.8895910695809306,1.9830921079709456,4.96580044275606,5.32728907127325,0.0,0.104453509579153,77,True
bladder,raw,ENSG00000123609.11,NMI,0.07032430109715168,5.327674546675401,3.147129272650921,0.5872954205246754,54.19516943872833,4.379379345341874,0.0,2.803013760819168,0.019607253930034638,1.9830921079709456,4.96580044275606,3.1884031456669666,0.4829911568385615,0.6562820213719626,1.8895910695809306,1.9830921079709456,4.96580044275606,5.32728907127325,0.0,0.104453509579153,77,True
brain_amygdala,excluded_at_or_below_-1,ENSG00000123609.11,NMI,0.21096111632666592,11.071223700197102,1.215260333200169,0.717121781743433,124.85674922753998,4.035460543294511,0.0,2.3346914554411446,0.06524936508317651,0.0313810798166387,3.261568424112972,1.2627748548305835,0.5304513724671627,0.4238486438933534,0.4931382056945077,0.0313810798166387,3.261568424112972,11.067868328878356,0.0,0.7221713812835105,181,True
brain_amygdala,raw,ENSG00000123609.11,NMI,0.21096111632666592,11.071223700197102,1.215260333200169,0.717121781743433,124.85674922753998,4.035460543294511,0.0,2.3346914554411446,0.06524936508317651,0.0313810798166387,3.261568424112972,1.2627748548305835,0.5304513724671627,0.4238486438933534,0.4931382056945077,0.0313810798166387,3.261568424112972,11.067868328878356,0.0,0.7221713812835105,181,True
brain_anterior_cingulate_cortex_ba24,excluded_at_or_below_-1,ENSG00000123609.11,NMI,1.0982328699444242,16.744782959884287,0.8573057561150764,0.5015220178572625,227.2806559908293,6.745822665518916,0.0,1.852059412469572,0.17995257368093728,0.2005106309328244,3.249574282829827,1.0220667491708557,0.506594139011892,1.2621939307011913,2.2650444453023963,0.2005106309328244,3.249574282829827,16.744781418871355,0.0,3.0132665120506372,233,True
brain_anterior_cingulate_cortex_ba24,raw,ENSG00000123609.11,NMI,1.0982328699444242,16.744782959884287,0.8573057561150764,0.5015220178572625,227.2806559908293,6.745822665518916,0.0,1.852059412469572,0.17995257368093728,0.2005106309328244,3.249574282829827,1.0220667491708557,0.506594139011892,1.2621939307011913,2.2650444453023963,0.2005106309328244,3.249574282829827,16.744781418871355,0.0,3.0132665120506372,233,True
brain_caudate_basal_ganglia,excluded_at_or_below_-1,ENSG00000123609.11,NMI,1.0701921501569231,26.833782658989577,1.131128161360489,0.5827743630397869,310.82900046787574,6.881109265336763,0.0,3.5781654171145365,0.0016588462522156705,-0.3433754972741939,3.9667211550980657,1.2493849973198505,0.5768952452715307,1.0092349328427432,2.384598063430966,-0.3433754972741939,3.9667211550980657,26.833756883118955,0.0,0.04451307703842833,300,True
brain_caudate_basal_ganglia,raw,ENSG00000123609.11,NMI,1.0701921501569231,26.833782658989577,1.131128161360489,0.5827743630397869,310.82900046787574,6.881109265336763,0.0,3.5781654171145365,0.0016588462522156705,-0.3433754972741939,3.9667211550980657,1.2493849973198505,0.5768952452715307,1.0092349328427432,2.384598063430966,-0.3433754972741939,3.9667211550980657,26.833756883118955,0.0,0.04451307703842833,300,True
brain_cerebellar_hemisphere,excluded_at_or_below_-1,ENSG00000123609.11,NMI,0.5720955999045286,16.069319603784265,0.19266703189493922,0.5439929714666318,195.9186710358378,3.974798953364658,0.0,2.297302586416367,0.07110305013977036,-0.6910159517737753,1.7216176452626637,0.25989760177111726,0.42653804296624964,0.6981919189904386,0.854123611731255,-0.6910159517737753,1.7216176452626637,16.06321982091885,0.0,1.142143924332946,277,True
brain_cerebellar_hemisphere,raw,ENSG00000123609.11,NMI,0.5720955999045286,16.069319603784265,0.19266703189493922,0.5439929714666318,195.9186710358378,3.974798953364658,0.0,2.297302586416367,0.07110305013977036,-0.6910159517737753,1.7216176452626637,0.25989760177111726,0.42653804296624964,0.6981919189904386,0.854123611731255,-0.6910159517737753,1.7216176452626637,16.06321982091885,0.0,1.142143924332946,277,True
brain_cerebellum,excluded_at_or_below_-1,ENSG00000123609.11,NMI,0.5758825581182646,21.519073031465254,0.33131994872352377,0.49274224238608805,113.07916909858517,5.709110838242478,0.0,3.164498161777059,0.006690809285142047,-0.7712588708743855,2.320496231084876,0.3658719364879448,0.4189239117472135,0.6296041045127824,1.7490778738066401,-0.7712588708743855,2.320496231084876,21.518720914408078,0.0,0.1439776576985019,266,True
brain_cerebellum,raw,ENSG00000123609.11,NMI,0.5758825581182646,21.519073031465254,0.33131994872352377,0.49274224238608805,113.07916909858517,5.709110838242478,0.0,3.164498161777059,0.006690809285142047,-0.7712588708743855,2.320496231084876,0.3658719364879448,0.4189239117472135,0.6296041045127824,1.7490778738066401,-0.7712588708743855,2.320496231084876,21.518720914408078,0.0,0.1439776576985019,266,True
brain_cortex,excluded_at_or_below_-1,ENSG00000123609.11,NMI,0.7239935190464261,24.35849342919511,0.8105691665848468,0.56051259641955,236.985996185594,7.898143603113342,0.0,2.0139899905621204,0.13158975415629356,0.012339826400409,3.940937235214353,0.9475503633658082,0.5188747691281463,1.5964465212497596,5.458187413586428,0.012339826400409,3.940937235214353,24.358207901452577,0.0,3.205290589440032,270,True
brain_cortex,raw,ENSG00000123609.11,NMI,0.7239935190464261,24.35849342919511,0.8105691665848468,0.56051259641955,236.985996185594,7.898143603113342,0.0,2.0139899905621204,0.13158975415629356,0.012339826400409,3.940937235214353,0.9475503633658082,0.5188747691281463,1.5964465212497596,5.458187413586428,0.012339826400409,3.940937235214353,24.358207901452577,0.0,3.205290589440032,270,True
brain_frontal_cortex_ba9,excluded_at_or_below_-1,ENSG00000123609.11,NMI,1.576785674030561,38.65818093528002,0.7571952592152247,0.4029400756909024,390.41482995542486,16.041343550825385,0.0,2.7249749351860046,0.024410449875960392,-0.0192091225934033,5.327721491269636,0.9889942780610119,0.6502458770919871,2.2591743533336177,8.75629327118339,-0.0192091225934033,5.327721491269636,38.658171891780555,0.0,0.9436633672605701,269,True
brain_frontal_cortex_ba9,raw,ENSG00000123609.11,NMI,1.576785674030561,38.65818093528002,0.7571952592152247,0.4029400756909024,390.41482995542486,16.041343550825385,0.0,2.7249749351860046,0.024410449875960392,-0.0192091225934033,5.327721491269636,0.9889942780610119,0.6502458770919871,2.2591743533336177,8.75629327118339,-0.0192091225934033,5.327721491269636,38.658171891780555,0.0,0.9436633672605701,269,True
brain_hippocampus,excluded_at_or_below_-1,ENSG00000123609.11,NMI,0.40377264045634703,19.655039676752725,1.0363778281261764,0.6593945763637099,141.07417575622168,5.983663362388698,0.0,2.1324320845879425,0.10293886057177629,0.0421049768025438,3.8263349271972062,1.1317566368946839,0.5503970679996139,1.2791984878533993,3.7459437857178743,0.0421049768025438,3.8263349271972062,19.654776159819363,0.0,2.023240262685118,255,True
brain_hippocampus,raw,ENSG00000123609.11,NMI,0.40377264045634703,19.655039676752725,1.0363778281261764,0.6593945763637099,141.07417575622168,5.983663362388698,0.0,2.1324320845879425,0.10293886057177629,0.0421049768025438,3.8263349271972062,1.1317566368946839,0.5503970679996139,1.2791984878533993,3.7459437857178743,0.0421049768025438,3.8263349271972062,19.654776159819363,0.0,2.023240262685118,255,True
brain_hypothalamus,excluded_at_or_below_-1,ENSG00000123609.11,NMI,1.0928954043066827,18.154858324588048,1.0966878363185806,0.5748027749544888,173.1736517182736,5.54161650942214,0.0,2.9809646357508224,0.011759790209794275,-0.1149161181757592,3.349060909310724,1.2274000818581816,0.5512863975093478,0.7912012257643621,1.0127983998261518,-0.1149161181757592,3.349060909310724,18.154419928974324,0.0,0.21349216974524632,257,True
brain_hypothalamus,raw,ENSG00000123609.11,NMI,1.0928954043066827,18.154858324588048,1.0966878363185806,0.5748027749544888,173.1736517182736,5.54161650942214,0.0,2.9809646357508224,0.011759790209794275,-0.1149161181757592,3.349060909310724,1.2274000818581816,0.5512863975093478,0.7912012257643621,1.0127983998261518,-0.1149161181757592,3.349060909310724,18.154419928974324,0.0,0.21349216974524632,257,True
brain_nucleus_accumbens_basal_ganglia,excluded_at_or_below_-1,ENSG00000123609.11,NMI,0.8588627137339786,19.11837412993046,1.0450306062236916,0.5814509883729967,396.7497523528119,4.87404935171732,0.0,2.7514222860924784,0.022698426425836794,-0.0862109899857364,3.0489859410737,1.089025661000011,0.4954724372589241,0.5203367259040518,0.7974057940020463,-0.0862109899857364,3.0489859410737,19.11821479836123,0.0,0.43395339199394656,285,True
brain_nucleus_accumbens_basal_ganglia,raw,ENSG00000123609.11,NMI,0.8588627137339786,19.11837412993046,1.0450306062236916,0.5814509883729967,396.7497523528119,4.87404935171732,0.0,2.7514222860924784,0.022698426425836794,-0.0862109899857364,3.0489859410737,1.089025661000011,0.4954724372589241,0.5203367259040518,0.7974057940020463,-0.0862109899857364,3.0489859410737,19.11821479836123,0.0,0.43395339199394656,285,True
brain_putamen_basal_ganglia,excluded_at_or_below_-1,ENSG00000123609.11,NMI,0.5836536995450959,25.746148996001303,1.0583300338531576,0.5876565082081013,143.0197955892736,8.47500218078273,0.0,2.6762417675953745,0.02784436233435541,-0.0537445029139174,4.579997709177647,1.1450543554179518,0.5626154878557685,1.6709662785795567,6.691420332288519,-0.0537445029139174,4.579997709177647,25.745885445237985,0.0,0.7168777629560137,254,True
brain_putamen_basal_ganglia,raw,ENSG00000123609.11,NMI,0.5836536995450959,25.746148996001303,1.0583300338531576,0.5876565082081013,143.0197955892736,8.47500218078273,0.0,2.6762417675953745,0.02784436233435541,-0.0537445029139174,4.579997709177647,1.1450543554179518,0.5626154878557685,1.6709662785795567,6.691420332288519,-0.0537445029139174,4.579997709177647,25.745885445237985,0.0,0.7168777629560137,254,True
brain_spinal_cord_cervical_c-1,excluded_at_or_below_-1,ENSG00000123609.11,NMI,0.5739006683423874,15.885811125952266,1.6971096171904874,0.8788788136507741,231.28086588894453,5.713171339199639,0.0,3.0756009786075635,0.008829524154057763,-0.214256962271472,5.24762375619625,1.6679570426271306,0.7691152839523155,0.4190316933637736,1.8698608882536734,-0.214256962271472,5.24762375619625,15.88556032436142,0.0,0.14026193858469083,204,True
brain_spinal_cord_cervical_c-1,raw,ENSG00000123609.11,NMI,0.5739006683423874,15.885811125952266,1.6971096171904874,0.8788788136507741,231.28086588894453,5.713171339199639,0.0,3.0756009786075635,0.008829524154057763,-0.214256962271472,5.24762375619625,1.6679570426271306,0.7691152839523155,0.4190316933637736,1.8698608882536734,-0.214256962271472,5.24762375619625,15.88556032436142,0.0,0.14026193858469083,204,True
brain_substantia_nigra,excluded_at_or_below_-1,ENSG00000123609.11,NMI,0.2766683639342283,20.644908057205956,1.4313510225017865,0.7145974393964628,90.20473614174804,9.23475538044961,0.0,2.7721268988669667,0.021443661732622236,0.0306044617855343,6.097642397369134,1.5197066606237546,0.6775132380369698,1.9976757225197865,10.91519926137433,0.0306044617855343,6.097642397369134,20.64454462504301,0.0,0.44269463156344696,183,True
brain_substantia_nigra,raw,ENSG00000123609.11,NMI,0.2766683639342283,20.644908057205956,1.4313510225017865,0.7145974393964628,90.20473614174804,9.23475538044961,0.0,2.7721268988669667,0.021443661732622236,0.0306044617855343,6.097642397369134,1.5197066606237546,0.6775132380369698,1.9976757225197865,10.91519926137433,0.0306044617855343,6.097642397369134,20.64454462504301,0.0,0.44269463156344696,183,True
breast_mammary_tissue,excluded_at_or_below_-1,ENSG00000123609.11,NMI,0.6748091601474363,45.48498459576024,3.459927203987212,0.5824920491469093,690.9258917468358,4.960179928284009,0.0,4.404218067966019,5.682805179701985e-05,1.6458999060206243,5.5029463401601415,3.424879415962514,0.4638129526859499,-0.11247894923321752,1.4102675270593705,1.6458999060206243,5.5029463401601415,45.484338281200976,0.0,0.002584786331797262,514,True
breast_mammary_tissue,raw,ENSG00000123609.11,NMI,0.6748091601474363,45.48498459576024,3.459927203987212,0.5824920491469093,690.9258917468358,4.960179928284009,0.0,4.404218067966019,5.682805179701985e-05,1.6458999060206243,5.5029463401601415,3.424879415962514,0.4638129526859499,-0.11247894923321752,1.4102675270593705,1.6458999060206243,5.5029463401601415,45.484338281200976,0.0,0.002584786331797262,514,True
cells_cultured_fibroblasts,excluded_at_or_below_-1,ENSG00000123609.11,NMI,0.23435992851413673,41.943974148616434,3.1927132993648226,0.518148445205,466.11465482568684,3.342159840252479,0.0,3.19490951091491,0.002329150562379231,2.022142291070042,4.417234807946247,3.1794552395323024,0.3739528863938569,-0.1167609824185011,0.1587942703661236,2.022142291070042,4.417234807946247,41.78637790887415,0.0,0.09732676560624531,652,True
cells_cultured_fibroblasts,raw,ENSG00000123609.11,NMI,0.23435992851413673,41.943974148616434,3.1927132993648226,0.518148445205,466.11465482568684,3.342159840252479,0.0,3.19490951091491,0.002329150562379231,2.022142291070042,4.417234807946247,3.1794552395323024,0.3739528863938569,-0.1167609824185011,0.1587942703661236,2.022142291070042,4.417234807946247,41.78637790887415,0.0,0.09732676560624531,652,True
cells_ebv-transformed_lymphocytes,excluded_at_or_below_-1,ENSG00000123609.11,NMI,-0.42769077223365354,19.55932518537986,5.635400851204945,0.4355069744189279,307.07588483988656,2.677802267713037,0.01655613611641218,2.992544380977235,0.0,4.713847004000408,6.460029885130292,5.6395466336888935,0.29175718563184955,0.010369337647507918,-0.004286703422962557,4.713847004000408,6.460029885130292,19.33711862607123,0.3201479680724446,0.0,327,True
cells_ebv-transformed_lymphocytes,raw,ENSG00000123609.11,NMI,-0.42769077223365354,19.55932518537986,5.635400851204945,0.4355069744189279,307.07588483988656,2.677802267713037,0.01655613611641218,2.992544380977235,0.0,4.713847004000408,6.460029885130292,5.6395466336888935,0.29175718563184955,0.010369337647507918,-0.004286703422962557,4.713847004000408,6.460029885130292,19.33711862607123,0.3201479680724446,0.0,327,True
cervix_ectocervix,excluded_at_or_below_-1,ENSG00000123609.11,NMI,0.07588025670856144,1.4663867278057021,3.5002527090497457,0.41232799046415586,32.82596608261351,3.9376675929323266,0.0,3.067728057710743,0.008619732481706548,2.6058261676978023,4.648318750069142,3.5224503820271287,0.400879519431035,0.356639945410216,1.6064778836002684,2.6058261676978023,4.648318750069142,1.4657472472416995,0.0,0.012634349157021232,24,True
cervix_ectocervix,raw,ENSG00000123609.11,NMI,0.07588025670856144,1.4663867278057021,3.5002527090497457,0.41232799046415586,32.82596608261351,3.9376675929323266,0.0,3.067728057710743,0.008619732481706548,2.6058261676978023,4.648318750069142,3.5224503820271287,0.400879519431035,0.356639945410216,1.6064778836002684,2.6058261676978023,4.648318750069142,1.4657472472416995,0.0,0.012634349157021232,24,True
cervix_endocervix,excluded_at_or_below_-1,ENSG00000123609.11,NMI,0.5751046248757186,0.01417608434163719,-0.3018716081267221,0.5392917301015362,19.775000437854587,11.619199861446123,0.0,-8.070076235531076,1.0,2.775545757188204,4.12895734330833,3.4104983644891407,0.3972242041011977,0.22525849518570662,-1.0413361011368998,2.775545757188204,4.12895734330833,1.1102230246251565e-16,0.0,1.1102230246251565e-16,23,True
cervix_endocervix,raw,ENSG00000123609.11,NMI,0.5751046248757186,0.01417608434163719,-0.3018716081267221,0.5392917301015362,19.775000437854587,11.619199861446123,0.0,-8.070076235531076,1.0,2.775545757188204,4.12895734330833,3.4104983644891407,0.3972242041011977,0.22525849518570662,-1.0413361011368998,2.775545757188204,4.12895734330833,1.1102230246251565e-16,0.0,1.1102230246251565e-16,23,True
colon_sigmoid,excluded_at_or_below_-1,ENSG00000123609.11,NMI,0.9063703331332746,28.07962288932707,3.5126696460080415,0.58978995432489,509.1945963438324,4.261486380896635,0.0,3.0869371534745906,0.008413518244706895,2.22527955784025,5.289899001472313,3.557362048541837,0.46992308625646656,0.42801448526395236,0.32781985607944364,2.22527955784025,5.289899001472313,28.076133370675077,0.0,0.23621906035499884,419,True
colon_sigmoid,raw,ENSG00000123609.11,NMI,0.9063703331332746,28.07962288932707,3.5126696460080415,0.58978995432489,509.1945963438324,4.261486380896635,0.0,3.0869371534745906,0.008413518244706895,2.22527955784025,5.289899001472313,3.557362048541837,0.46992308625646656,0.42801448526395236,0.32781985607944364,2.22527955784025,5.289899001472313,28.076133370675077,0.0,0.23621906035499884,419,True
colon_transverse,excluded_at_or_below_-1,ENSG00000123609.11,NMI,1.2443093672100998,32.48920427929512,3.419674042586894,0.5588764280027936,528.6265870785635,3.853520085851533,0.0,3.73464401668935,0.0003400336683609599,1.9437975813210624,4.942528580344151,3.452126801276202,0.46125531631906647,0.045539047628305594,0.5455883159395629,1.9437975813210624,4.942528580344151,32.469735713565626,0.0,0.01104080334539459,479,True
colon_transverse,raw,ENSG00000123609.11,NMI,1.2443093672100998,32.48920427929512,3.419674042586894,0.5588764280027936,528.6265870785635,3.853520085851533,0.0,3.73464401668935,0.0003400336683609599,1.9437975813210624,4.942528580344151,3.452126801276202,0.46125531631906647,0.045539047628305594,0.5455883159395629,1.9437975813210624,4.942528580344151,32.469735713565626,0.0,0.01104080334539459,479,True
esophagus_gastroesophageal_junction,excluded_at_or_below_-1,ENSG00000123609.11,NMI,1.8684714843878256,24.50367582180565,2.9578253743619003,0.5654452139956593,387.9122507237357,3.8159757576396363,0.0,3.667109901069539,0.0005136570881486116,1.491604290131606,4.483567515640804,3.0378008639620817,0.5103799312987837,0.37625365275607064,0.2842184272233852,1.491604290131606,4.483567515640804,24.48640100326822,0.0,0.012577613438577995,403,True
esophagus_gastroesophageal_junction,raw,ENSG00000123609.11,NMI,1.8684714843878256,24.50367582180565,2.9578253743619003,0.5654452139956593,387.9122507237357,3.8159757576396363,0.0,3.667109901069539,0.0005136570881486116,1.491604290131606,4.483567515640804,3.0378008639620817,0.5103799312987837,0.37625365275607064,0.2842184272233852,1.491604290131606,4.483567515640804,24.48640100326822,0.0,0.012577613438577995,403,True
esophagus_mucosa,excluded_at_or_below_-1,ENSG00000123609.11,NMI,1.0835629826405628,43.64890625706791,3.5220516693297204,0.8104645197072913,675.4797380459961,3.116230732765332,0.007753659584541745,4.545997132012966,0.0,0.9168090947887696,5.307916627299525,3.457211136151896,0.6492132174526789,-0.420040275048589,0.6659810474345171,0.9168090947887696,5.307916627299525,43.646952496990615,0.33842361156432954,0.0,614,True
esophagus_mucosa,raw,ENSG00000123609.11,NMI,1.0835629826405628,43.64890625706791,3.5220516693297204,0.8104645197072913,675.4797380459961,3.116230732765332,0.007753659584541745,4.545997132012966,0.0,0.9168090947887696,5.307916627299525,3.457211136151896,0.6492132174526789,-0.420040275048589,0.6659810474345171,0.9168090947887696,5.307916627299525,43.646952496990615,0.33842361156432954,0.0,614,True
esophagus_muscularis,excluded_at_or_below_-1,ENSG00000123609.11,NMI,1.3472204780377455,39.04054715117936,3.0712279068075334,0.6547481193794937,318.83361559878017,4.58100921071195,0.0,3.131397311043143,0.007398075950591039,1.6214634900421665,5.1921290531242805,3.1363527179280646,0.5389135669044806,0.4763281893068812,0.6391579736356237,1.6214634900421665,5.1921290531242805,39.0393264488785,0.0,0.28881590212872066,561,True
esophagus_muscularis,raw,ENSG00000123609.11,NMI,1.3472204780377455,39.04054715117936,3.0712279068075334,0.6547481193794937,318.83361559878017,4.58100921071195,0.0,3.131397311043143,0.007398075950591039,1.6214634900421665,5.1921290531242805,3.1363527179280646,0.5389135669044806,0.4763281893068812,0.6391579736356237,1.6214634900421665,5.1921290531242805,39.0393264488785,0.0,0.28881590212872066,561,True
fallopian_tube,excluded_at_or_below_-1,ENSG00000123609.11,NMI,0.5554295810500235,2.033468027550099,3.7751031418894,0.06627099391766732,13.372295266575048,10.393938012519202,0.0,19.665246174714923,0.0,2.853576546254797,4.262170032729009,3.6217193122579454,0.3557064802524226,-0.5615690846948703,-0.3024442496952906,2.853576546254797,4.262170032729009,2.0334288616425678,0.0,0.0,29,True
fallopian_tube,raw,ENSG00000123609.11,NMI,0.5554295810500235,2.033468027550099,3.7751031418894,0.06627099391766732,13.372295266575048,10.393938012519202,0.0,19.665246174714923,0.0,2.853576546254797,4.262170032729009,3.6217193122579454,0.3557064802524226,-0.5615690846948703,-0.3024442496952906,2.853576546254797,4.262170032729009,2.0334288616425678,0.0,0.0,29,True
heart_atrial_appendage,excluded_at_or_below_-1,ENSG00000123609.11,NMI,1.4952463619889422,30.130529584220128,1.3768123171384643,0.6113289560905381,613.4986727346392,4.4442436032522386,0.0,3.0782004005333974,0.008708173535868235,0.0461836995357243,3.2979470558190966,1.456000216914021,0.5253678821081542,0.47985246031413165,0.5968456562980178,0.0461836995357243,3.2979470558190966,30.128950674573215,0.0,0.26236813092779787,461,True
heart_atrial_appendage,raw,ENSG00000123609.11,NMI,1.4952463619889422,30.130529584220128,1.3768123171384643,0.6113289560905381,613.4986727346392,4.4442436032522386,0.0,3.0782004005333974,0.008708173535868235,0.0461836995357243,3.2979470558190966,1.456000216914021,0.5253678821081542,0.47985246031413165,0.5968456562980178,0.0461836995357243,3.2979470558190966,30.128950674573215,0.0,0.26236813092779787,461,True
heart_left_ventricle,excluded_at_or_below_-1,ENSG00000123609.11,NMI,1.3547582399938927,46.5904100938144,0.9113338051551194,0.5330802529869985,359.20060295934996,8.131963406305381,0.0,3.6091057345067123,0.001484289643151629,-0.4490993353524767,3.976634001145347,1.0107313014909547,0.5578087949814818,1.402377176703593,4.332085685038821,-0.4490993353524767,3.976634001145347,46.59026447702475,0.0,0.06915344703494308,452,True
heart_left_ventricle,raw,ENSG00000123609.11,NMI,1.3547582399938927,46.5904100938144,0.9113338051551194,0.5330802529869985,359.20060295934996,8.131963406305381,0.0,3.6091057345067123,0.001484289643151629,-0.4490993353524767,3.976634001145347,1.0107313014909547,0.5578087949814818,1.402377176703593,4.332085685038821,-0.4490993353524767,3.976634001145347,46.59026447702475,0.0,0.06915344703494308,452,True
kidney_cortex,excluded_at_or_below_-1,ENSG00000123609.11,NMI,-0.1682986521321686,5.1542588547679475,2.263889795633483,1.497315777436499,101.07366967111277,2.9239425103842276,0.0,1.1825102106304142,0.4899043313904282,1.0118927546875818,5.359649424588714,2.471878182165836,0.838573413135377,0.5881091632291264,0.22653581284901003,1.0118927546875818,5.359649424588714,5.082503340141262,0.0,2.489940400641523,104,True
kidney_cortex,raw,ENSG00000123609.11,NMI,-0.1682986521321686,5.1542588547679475,2.263889795633483,1.497315777436499,101.07366967111277,2.9239425103842276,0.0,1.1825102106304142,0.4899043313904282,1.0118927546875818,5.359649424588714,2.471878182165836,0.838573413135377,0.5881091632291264,0.22653581284901003,1.0118927546875818,5.359649424588714,5.082503340141262,0.0,2.489940400641523,104,True
kidney_medulla,excluded_at_or_below_-1,ENSG00000123609.11,NMI,0.18864925255565326,1.846861376215555,3.0040064230806465,0.05340092854893926,7.725601500020423,30.155286612931675,0.0,23.45804784237387,0.0,2.1182268137929476,4.142674831187114,3.0845265602640306,0.572273373995218,-0.09493891593466278,-0.10803765514742114,2.1182268137929476,4.142674831187114,1.8468050793254516,0.0,0.0,11,True
kidney_medulla,raw,ENSG00000123609.11,NMI,0.18864925255565326,1.846861376215555,3.0040064230806465,0.05340092854893926,7.725601500020423,30.155286612931675,0.0,23.45804784237387,0.0,2.1182268137929476,4.142674831187114,3.0845265602640306,0.572273373995218,-0.09493891593466278,-0.10803765514742114,2.1182268137929476,4.142674831187114,1.8468050793254516,0.0,0.0,11,True
liver,excluded_at_or_below_-1,ENSG00000123609.11,NMI,0.13340406017261994,16.605991202006283,2.7068404311973713,0.7237913496537471,165.0813999432317,2.9074428569831663,0.012896437619447816,3.566794159100631,0.0,0.881363129155015,4.194863206177533,2.7050053699086334,0.5333520298331642,-0.22883171470057156,0.5167870192958586,0.881363129155015,4.194863206177533,16.577302349160494,0.21378814564467405,0.0,262,True
liver,raw,ENSG00000123609.11,NMI,0.13340406017261994,16.605991202006283,2.7068404311973713,0.7237913496537471,165.0813999432317,2.9074428569831663,0.012896437619447816,3.566794159100631,0.0,0.881363129155015,4.194863206177533,2.7050053699086334,0.5333520298331642,-0.22883171470057156,0.5167870192958586,0.881363129155015,4.194863206177533,16.577302349160494,0.21378814564467405,0.0,262,True
lung,excluded_at_or_below_-1,ENSG00000123609.11,NMI,0.37253275043578,34.138508670275456,3.851901053943018,0.7861437315031846,444.7823767486041,2.752965109867383,0.012693602933472048,3.0334450361081604,0.0,2.1656466837089776,5.382240121359101,3.8232018654022397,0.5606119071600717,-0.16891965893823496,-0.0781160060872148,2.1656466837089776,5.382240121359101,33.79566028339237,0.4289886925118942,0.0,604,True
lung,raw,ENSG00000123609.11,NMI,0.37253275043578,34.138508670275456,3.851901053943018,0.7861437315031846,444.7823767486041,2.752965109867383,0.012693602933472048,3.0334450361081604,0.0,2.1656466837089776,5.382240121359101,3.8232018654022397,0.5606119071600717,-0.16891965893823496,-0.0781160060872148,2.1656466837089776,5.382240121359101,33.79566028339237,0.4289886925118942,0.0,604,True
minor_salivary_gland,excluded_at_or_below_-1,ENSG00000123609.11,NMI,-1.274669267608596,9.859829437623988,2.928476718402829,1.1472111805697383,125.73422429827936,2.250946844644344,0.0,1.8087020864331318,0.12537941502243533,1.4612561294600614,4.754446611316998,2.913588922553081,0.6347304280474731,0.015120728270775947,-0.497511106015895,1.4612561294600614,4.754446611316998,9.077052375628458,0.0,1.138075516984303,181,True
minor_salivary_gland,raw,ENSG00000123609.11,NMI,-1.274669267608596,9.859829437623988,2.928476718402829,1.1472111805697383,125.73422429827936,2.250946844644344,0.0,1.8087020864331318,0.12537941502243533,1.4612561294600614,4.754446611316998,2.913588922553081,0.6347304280474731,0.015120728270775947,-0.497511106015895,1.4612561294600614,4.754446611316998,9.077052375628458,0.0,1.138075516984303,181,True
muscle_skeletal,excluded_at_or_below_-1,ENSG00000123609.11,NMI,4.061782216066389,46.20861380452969,0.9299057995416327,0.6138909160445746,847.873360195346,4.658335402081114,0.0,2.3421983279731866,0.06436295408280836,-0.0868107101662541,2.952025982314992,1.0562803550482254,0.5420547237994127,0.6101290443610742,0.23679698492041545,-0.0868107101662541,2.952025982314992,46.20718676844666,0.0,2.9740310402732826,818,True
muscle_skeletal,raw,ENSG00000123609.11,NMI,4.061782216066389,46.20861380452969,0.9299057995416327,0.6138909160445746,847.873360195346,4.658335402081114,0.0,2.3421983279731866,0.06436295408280836,-0.0868107101662541,2.952025982314992,1.0562803550482254,0.5420547237994127,0.6101290443610742,0.23679698492041545,-0.0868107101662541,2.952025982314992,46.20718676844666,0.0,2.9740310402732826,818,True
nerve_tibial,excluded_at_or_below_-1,ENSG00000123609.11,NMI,-0.578788747998403,59.92828804328771,3.4725238917363095,0.6549016560008062,573.8099165995288,6.13437627358823,0.0,2.4777803609529085,0.04643572496292068,2.3250999772948515,6.313263994216758,3.488502100922048,0.4412711709683506,0.5236246358110108,2.133649897143643,2.3250999772948515,6.313263994216758,59.92758555320421,0.0,2.782780880440489,670,True
nerve_tibial,raw,ENSG00000123609.11,NMI,-0.578788747998403,59.92828804328771,3.4725238917363095,0.6549016560008062,573.8099165995288,6.13437627358823,0.0,2.4777803609529085,0.04643572496292068,2.3250999772948515,6.313263994216758,3.488502100922048,0.4412711709683506,0.5236246358110108,2.133649897143643,2.3250999772948515,6.313263994216758,59.92758555320421,0.0,2.782780880440489,670,True
ovary,excluded_at_or_below_-1,ENSG00000123609.11,NMI,-0.07656615335742646,12.192511693634598,3.5075221180194727,0.5668511606556385,125.31679429847304,2.4717521512987717,0.04619431253157162,3.7211799690877507,0.0,2.015982763138489,4.498260442905612,3.496739351943085,0.39624273373012253,-0.3035870627586241,0.6147895192992183,2.015982763138489,4.498260442905612,12.18050699512578,0.5626701469258346,0.0,193,True
ovary,raw,ENSG00000123609.11,NMI,-0.07656615335742646,12.192511693634598,3.5075221180194727,0.5668511606556385,125.31679429847304,2.4717521512987717,0.04619431253157162,3.7211799690877507,0.0,2.015982763138489,4.498260442905612,3.496739351943085,0.39624273373012253,-0.3035870627586241,0.6147895192992183,2.015982763138489,4.498260442905612,12.18050699512578,0.5626701469258346,0.0,193,True
pancreas,excluded_at_or_below_-1,ENSG00000123609.11,NMI,0.5825260523508906,20.874357397877173,1.6241060378259842,0.8389293263214015,354.4080199144514,3.0896926132783573,0.0,3.0772313107394416,0.00033398638671475775,-0.2013463967566616,3.4569506742812504,1.6514955372540938,0.639370052466579,0.04946361284024181,0.20162273288923327,-0.2013463967566616,3.4569506742812504,20.69787062982985,0.0,0.006912807024346379,362,True
pancreas,raw,ENSG00000123609.11,NMI,0.5825260523508906,20.874357397877173,1.6241060378259842,0.8389293263214015,354.4080199144514,3.0896926132783573,0.0,3.0772313107394416,0.00033398638671475775,-0.2013463967566616,3.4569506742812504,1.6514955372540938,0.639370052466579,0.04946361284024181,0.20162273288923327,-0.2013463967566616,3.4569506742812504,20.69787062982985,0.0,0.006912807024346379,362,True
pituitary,excluded_at_or_below_-1,ENSG00000123609.11,NMI,2.2685901163968425,18.929998287456648,2.0763422281617583,0.5699084254064989,223.82545126316165,5.316937560075007,0.0,3.217426584042251,0.005650328938936584,0.7797639975756887,4.21899422462706,2.2075633419590774,0.6249487675966116,0.5932680924181586,0.4726784261368433,0.7797639975756887,4.21899422462706,18.929922961166124,0.0,0.10696029151931707,313,True
pituitary,raw,ENSG00000123609.11,NMI,2.2685901163968425,18.929998287456648,2.0763422281617583,0.5699084254064989,223.82545126316165,5.316937560075007,0.0,3.217426584042251,0.005650328938936584,0.7797639975756887,4.21899422462706,2.2075633419590774,0.6249487675966116,0.5932680924181586,0.4726784261368433,0.7797639975756887,4.21899422462706,18.929922961166124,0.0,0.10696029151931707,313,True
prostate,excluded_at_or_below_-1,ENSG00000123609.11,NMI,0.5296974168792643,21.164290557235887,3.2008851849574858,0.6643390345304637,255.5676789635259,3.3159025117311027,0.004087467325542437,4.816731103380498,0.0,0.9381841502968864,4.7585590270496745,3.167901799859222,0.5393463038696688,-0.27104305597285105,1.0103537162138219,0.9381841502968864,4.7585590270496745,21.163994286950462,0.08650713512587682,0.0,282,True
prostate,raw,ENSG00000123609.11,NMI,0.5296974168792643,21.164290557235887,3.2008851849574858,0.6643390345304637,255.5676789635259,3.3159025117311027,0.004087467325542437,4.816731103380498,0.0,0.9381841502968864,4.7585590270496745,3.167901799859222,0.5393463038696688,-0.27104305597285105,1.0103537162138219,0.9381841502968864,4.7585590270496745,21.163994286950462,0.08650713512587682,0.0,282,True
skin_not_sun_exposed_suprapubic,excluded_at_or_below_-1,ENSG00000123609.11,NMI,-0.41908068518050484,41.99567340016427,2.7525344385111823,0.7885324406183265,820.9038282625116,3.4799754666933342,0.0,2.808597823523724,0.017062835397398626,1.1865259123433276,4.6928874524074375,2.739613609872539,0.5395898551844329,-0.05222691306329088,0.011310188763919093,1.1865259123433276,4.6928874524074375,41.89663622183743,0.0,0.7148754075579011,651,True
skin_not_sun_exposed_suprapubic,raw,ENSG00000123609.11,NMI,-0.41908068518050484,41.99567340016427,2.7525344385111823,0.7885324406183265,820.9038282625116,3.4799754666933342,0.0,2.808597823523724,0.017062835397398626,1.1865259123433276,4.6928874524074375,2.739613609872539,0.5395898551844329,-0.05222691306329088,0.011310188763919093,1.1865259123433276,4.6928874524074375,41.89663622183743,0.0,0.7148754075579011,651,True
skin_sun_exposed_lower_leg,excluded_at_or_below_-1,ENSG00000123609.11,NMI,0.4270192886103779,59.187097055803285,2.5361513284222883,0.7254061685873032,355.4291952460936,5.011752993284509,0.0,3.031603087768727,0.010095674155961994,0.9811219897943106,5.106878008955521,2.5501544874773474,0.5406817944700243,0.2889745393461865,0.8764062670137114,0.9811219897943106,5.106878008955521,59.186601215895365,0.0,0.5975286402745436,754,True
skin_sun_exposed_lower_leg,raw,ENSG00000123609.11,NMI,0.4270192886103779,59.187097055803285,2.5361513284222883,0.7254061685873032,355.4291952460936,5.011752993284509,0.0,3.031603087768727,0.010095674155961994,0.9811219897943106,5.106878008955521,2.5501544874773474,0.5406817944700243,0.2889745393461865,0.8764062670137114,0.9811219897943106,5.106878008955521,59.186601215895365,0.0,0.5975286402745436,754,True
small_intestine_terminal_ileum,excluded_at_or_below_-1,ENSG00000123609.11,NMI,1.4917077837372095,11.87342363486475,3.779885441787464,0.4002735805518862,223.3868504598524,4.248312148639282,0.0,3.8314439511871026,0.000528652582722217,2.695448246564944,4.982311412151128,3.823378992510378,0.42377159459080377,0.08340473644520371,0.258076813117321,2.695448246564944,4.982311412151128,11.871990755840605,0.0,0.00627615857512942,207,True
small_intestine_terminal_ileum,raw,ENSG00000123609.11,NMI,1.4917077837372095,11.87342363486475,3.779885441787464,0.4002735805518862,223.3868504598524,4.248312148639282,0.0,3.8314439511871026,0.000528652582722217,2.695448246564944,4.982311412151128,3.823378992510378,0.42377159459080377,0.08340473644520371,0.258076813117321,2.695448246564944,4.982311412151128,11.871990755840605,0.0,0.00627615857512942,207,True
spleen,excluded_at_or_below_-1,ENSG00000123609.11,NMI,0.41699762470634383,20.896086542363374,4.66766898500815,0.465927037552254,263.68529359119987,4.527733737907428,0.0,3.5188940269705093,0.002011868835874589,3.5083335684424384,6.159376902013723,4.662130099086828,0.3693503730698884,0.057621907563822496,0.9614344426443715,3.5083335684424384,6.159376902013723,20.895343211956288,0.0,0.04203868982303849,277,True
spleen,raw,ENSG00000123609.11,NMI,0.41699762470634383,20.896086542363374,4.66766898500815,0.465927037552254,263.68529359119987,4.527733737907428,0.0,3.5188940269705093,0.002011868835874589,3.5083335684424384,6.159376902013723,4.662130099086828,0.3693503730698884,0.057621907563822496,0.9614344426443715,3.5083335684424384,6.159376902013723,20.895343211956288,0.0,0.04203868982303849,277,True
stomach,excluded_at_or_below_-1,ENSG00000123609.11,NMI,-0.7539855748144226,26.605784684153562,2.831292151621252,1.0219067564200874,244.400361969257,3.5018914005047166,0.0,2.567917881417156,0.03489332233838853,0.9757218878566304,5.361749062542229,2.8192941852747984,0.6582386461149116,0.06340688169311116,-0.036499687057097496,0.9757218878566304,5.361749062542229,26.547733230419077,0.0,0.9263386129625614,407,True
stomach,raw,ENSG00000123609.11,NMI,-0.7539855748144226,26.605784684153562,2.831292151621252,1.0219067564200874,244.400361969257,3.5018914005047166,0.0,2.567917881417156,0.03489332233838853,0.9757218878566304,5.361749062542229,2.8192941852747984,0.6582386461149116,0.06340688169311116,-0.036499687057097496,0.9757218878566304,5.361749062542229,26.547733230419077,0.0,0.9263386129625614,407,True
testis,excluded_at_or_below_-1,ENSG00000123609.11,NMI,1.4537253205357672,22.805734894542088,1.9994804745984631,0.6144101792376271,443.19268362671886,3.850244258898087,0.0,2.53980094898907,0.0391638946104309,0.896054798438396,3.672232969807615,2.075282769727267,0.4963547824796847,0.4404686791870216,0.08109946572107152,0.896054798438396,3.672232969807615,22.79195546351107,0.0,0.8926217417385822,414,True
testis,raw,ENSG00000123609.11,NMI,1.4537253205357672,22.805734894542088,1.9994804745984631,0.6144101792376271,443.19268362671886,3.850244258898087,0.0,2.53980094898907,0.0391638946104309,0.896054798438396,3.672232969807615,2.075282769727267,0.4963547824796847,0.4404686791870216,0.08109946572107152,0.896054798438396,3.672232969807615,22.79195546351107,0.0,0.8926217417385822,414,True
thyroid,excluded_at_or_below_-1,ENSG00000123609.11,NMI,0.5918604243757628,61.217497959304104,3.4776523216451047,0.5359829510894006,234.5250193376065,4.761846309156663,0.0,4.533504435987435,2.252251077177816e-05,1.7594669279906858,5.282378641150323,3.48780992615645,0.41107933856768336,0.04641800796223768,0.970043305591783,1.7594669279906858,5.282378641150323,61.216618300653344,0.0,0.0013787519450882968,684,True
thyroid,raw,ENSG00000123609.11,NMI,0.5918604243757628,61.217497959304104,3.4776523216451047,0.5359829510894006,234.5250193376065,4.761846309156663,0.0,4.533504435987435,2.252251077177816e-05,1.7594669279906858,5.282378641150323,3.48780992615645,0.41107933856768336,0.04641800796223768,0.970043305591783,1.7594669279906858,5.282378641150323,61.216618300653344,0.0,0.0013787519450882968,684,True
uterus,excluded_at_or_below_-1,ENSG00000123609.11,NMI,0.47527775943632655,11.55109788561434,3.29522372589972,0.40733516285654014,140.06545790288797,4.979280636844598,0.0,3.6634647159823612,0.0012139446208210768,2.2400379771505654,4.729403218361995,3.343366359929492,0.3625879788971198,0.394032674566996,1.072913862706102,2.2400379771505654,4.729403218361995,11.551038739395164,0.0,0.014022321342584632,153,True
uterus,raw,ENSG00000123609.11,NMI,0.47527775943632655,11.55109788561434,3.29522372589972,0.40733516285654014,140.06545790288797,4.979280636844598,0.0,3.6634647159823612,0.0012139446208210768,2.2400379771505654,4.729403218361995,3.343366359929492,0.3625879788971198,0.394032674566996,1.072913862706102,2.2400379771505654,4.729403218361995,11.551038739395164,0.0,0.014022321342584632,153,True
vagina,excluded_at_or_below_-1,ENSG00000123609.11,NMI,-0.3625210960065856,9.33279078821016,3.4793728972757902,0.742060084881864,233.04929083490492,2.747068681798429,0.0,2.2473918901126564,0.0583910930464753,2.3001310478755075,4.920803013227303,3.486532542914776,0.47253133493027527,0.08108879002551934,-0.18136131225919572,2.3001310478755075,4.920803013227303,9.118266791402249,0.0,0.5324255646393545,170,True
vagina,raw,ENSG00000123609.11,NMI,-0.3625210960065856,9.33279078821016,3.4793728972757902,0.742060084881864,233.04929083490492,2.747068681798429,0.0,2.2473918901126564,0.0583910930464753,2.3001310478755075,4.920803013227303,3.486532542914776,0.47253133493027527,0.08108879002551934,-0.18136131225919572,2.3001310478755075,4.920803013227303,9.118266791402249,0.0,0.5324255646393545,170,True
whole_blood,excluded_at_or_below_-1,ENSG00000123609.11,NMI,-56054.13689060902,56082.01875293062,4.970625992809384,130.67042725548433,2540.6106760924363,0.024382867770098206,0.41710403106632993,0.031938330957200126,0.0,2.0195898388346527,7.223552873164216,4.878047745153177,1.2359740800632435,-0.2132988555863308,-1.1282044505970834,2.0195898388346527,7.223552873164216,28.59610868319578,11.927552204571839,0.0,803,True
whole_blood,raw,ENSG00000123609.11,NMI,-56054.13689060902,56082.01875293062,4.970625992809384,130.67042725548433,2540.6106760924363,0.024382867770098206,0.41710403106632993,0.031938330957200126,0.0,2.0195898388346527,7.223552873164216,4.878047745153177,1.2359740800632435,-0.2132988555863308,-1.1282044505970834,2.0195898388346527,7.223552873164216,28.59610868319578,11.927552204571839,0.0,803,True
adipose_subcutaneous,excluded_at_or_below_-1,ENSG00000173614.14,NMNAT1,2.130803331905345,55.80470193851078,1.5052143275882195,0.36826413265172925,816.6709128833978,3.9249159850587856,0.0004474549098358966,4.973486084997489,0.0,0.2101082784893586,2.527270556877341,1.48658988420425,0.32375840475795997,-0.3116648412134792,0.9123754141142788,0.2101082784893586,2.527270556877341,55.80419942242744,0.02496986302102666,0.0,714,True
adipose_subcutaneous,raw,ENSG00000173614.14,NMNAT1,2.130803331905345,55.80470193851078,1.5052143275882195,0.36826413265172925,816.6709128833978,3.9249159850587856,0.0004474549098358966,4.973486084997489,0.0,0.2101082784893586,2.527270556877341,1.48658988420425,0.32375840475795997,-0.3116648412134792,0.9123754141142788,0.2101082784893586,2.527270556877341,55.80419942242744,0.02496986302102666,0.0,714,True
adipose_visceral_omentum,excluded_at_or_below_-1,ENSG00000173614.14,NMNAT1,0.20734410054986033,36.570970945032734,1.4669158922863645,0.5595991955426902,710.9917464058224,2.759012685671,0.02048812726388273,3.557803164910651,0.0,0.0591060381350783,2.558647240699391,1.424762621031546,0.3976277696991576,-0.31110718440639556,-0.06265320073553848,0.0591060381350783,2.558647240699391,36.50545068452391,0.7479283194499208,0.0,587,True
adipose_visceral_omentum,raw,ENSG00000173614.14,NMNAT1,0.20734410054986033,36.570970945032734,1.4669158922863645,0.5595991955426902,710.9917464058224,2.759012685671,0.02048812726388273,3.557803164910651,0.0,0.0591060381350783,2.558647240699391,1.424762621031546,0.3976277696991576,-0.31110718440639556,-0.06265320073553848,0.0591060381350783,2.558647240699391,36.50545068452391,0.7479283194499208,0.0,587,True
adrenal_gland,excluded_at_or_below_-1,ENSG00000173614.14,NMNAT1,2.2999256239682238,23.490577122302895,1.9664981675077458,0.3768000016585074,234.97374790144067,3.515114079761512,0.0020746357814410005,8.08467455659007,0.0,-0.1875650287324564,2.903057557350844,1.8471317602435477,0.5030597220038339,-0.8791964945434328,1.3308356911804013,-0.1875650287324564,2.903057557350844,23.489547572851677,0.0487322558844987,0.0,295,True
adrenal_gland,raw,ENSG00000173614.14,NMNAT1,2.2999256239682238,23.490577122302895,1.9664981675077458,0.3768000016585074,234.97374790144067,3.515114079761512,0.0020746357814410005,8.08467455659007,0.0,-0.1875650287324564,2.903057557350844,1.8471317602435477,0.5030597220038339,-0.8791964945434328,1.3308356911804013,-0.1875650287324564,2.903057557350844,23.489547572851677,0.0487322558844987,0.0,295,True
artery_aorta,excluded_at_or_below_-1,ENSG00000173614.14,NMNAT1,1.1150855309498096,32.52122236310499,1.5128836152510903,0.3797468897692152,224.9115800923998,3.241448862129411,0.005162348761943129,4.383367335880019,0.0,0.3358548009302842,2.3832826529141613,1.4853530767236927,0.312043067438117,-0.42773415913694646,0.7039826043846773,0.3358548009302842,2.3832826529141613,32.518704566834764,0.16787289426059382,0.0,472,True
artery_aorta,raw,ENSG00000173614.14,NMNAT1,1.1150855309498096,32.52122236310499,1.5128836152510903,0.3797468897692152,224.9115800923998,3.241448862129411,0.005162348761943129,4.383367335880019,0.0,0.3358548009302842,2.3832826529141613,1.4853530767236927,0.312043067438117,-0.42773415913694646,0.7039826043846773,0.3358548009302842,2.3832826529141613,32.518704566834764,0.16787289426059382,0.0,472,True
artery_coronary,excluded_at_or_below_-1,ENSG00000173614.14,NMNAT1,1.5154265322097693,14.8723684495052,1.5579685614808128,0.3438695839095524,428.5486374511922,2.889980437888502,0.015259281488493958,4.286740751224534,0.0,0.5156367682697858,2.260674572174047,1.4853801404468479,0.3175663146792355,-0.5189038663905607,0.16650677358261934,0.5156367682697858,2.260674572174047,14.87080056468906,0.2269177317758453,0.0,268,True
artery_coronary,raw,ENSG00000173614.14,NMNAT1,1.5154265322097693,14.8723684495052,1.5579685614808128,0.3438695839095524,428.5486374511922,2.889980437888502,0.015259281488493958,4.286740751224534,0.0,0.5156367682697858,2.260674572174047,1.4853801404468479,0.3175663146792355,-0.5189038663905607,0.16650677358261934,0.5156367682697858,2.260674572174047,14.87080056468906,0.2269177317758453,0.0,268,True
artery_tibial,excluded_at_or_below_-1,ENSG00000173614.14,NMNAT1,1.137907897587423,68.73966725895328,1.2948978052358582,0.36073034637366186,302.518912665222,3.375563339504635,0.003355400351415111,7.298206042601545,0.0,-0.5666911822408843,2.1559191990785647,1.288241091952686,0.3011365972173274,-0.5013023875879972,2.434576827150007,-0.5666911822408843,2.1559191990785647,68.73762266806777,0.2306422432558739,0.0,691,True
artery_tibial,raw,ENSG00000173614.14,NMNAT1,1.137907897587423,68.73966725895328,1.2948978052358582,0.36073034637366186,302.518912665222,3.375563339504635,0.003355400351415111,7.298206042601545,0.0,-0.5666911822408843,2.1559191990785647,1.288241091952686,0.3011365972173274,-0.5013023875879972,2.434576827150007,-0.5666911822408843,2.1559191990785647,68.73762266806777,0.2306422432558739,0.0,691,True
bladder,excluded_at_or_below_-1,ENSG00000173614.14,NMNAT1,0.387246462629565,4.5807530456584615,1.7048026061453871,0.3056864477680391,105.95414965925887,4.330014994414078,0.0,3.1304092568525546,0.007364418254775518,1.02815537884706,2.6407481646108972,1.6938271528948137,0.2875222274460242,0.00686240522997112,0.7974736330305521,1.02815537884706,2.6407481646108972,4.580322861458086,0.0,0.03373141329368756,77,True
bladder,raw,ENSG00000173614.14,NMNAT1,0.387246462629565,4.5807530456584615,1.7048026061453871,0.3056864477680391,105.95414965925887,4.330014994414078,0.0,3.1304092568525546,0.007364418254775518,1.02815537884706,2.6407481646108972,1.6938271528948137,0.2875222274460242,0.00686240522997112,0.7974736330305521,1.02815537884706,2.6407481646108972,4.580322861458086,0.0,0.03373141329368756,77,True
brain_amygdala,excluded_at_or_below_-1,ENSG00000173614.14,NMNAT1,0.5336518190102272,8.42855718216858,0.8153674753321429,0.5521410253155559,113.12059865098034,2.169881054999723,0.08591660987917048,3.037990630265309,0.0,-0.3707329172273872,1.6625382155914363,0.7793582385514757,0.40894203359737236,-0.26153262175278025,-0.1200388576538538,-0.3707329172273872,1.6625382155914363,8.345013158610294,0.7169752399848649,0.0,181,True
brain_amygdala,raw,ENSG00000173614.14,NMNAT1,0.5336518190102272,8.42855718216858,0.8153674753321429,0.5521410253155559,113.12059865098034,2.169881054999723,0.08591660987917048,3.037990630265309,0.0,-0.3707329172273872,1.6625382155914363,0.7793582385514757,0.40894203359737236,-0.26153262175278025,-0.1200388576538538,-0.3707329172273872,1.6625382155914363,8.345013158610294,0.7169752399848649,0.0,181,True
brain_anterior_cingulate_cortex_ba24,excluded_at_or_below_-1,ENSG00000173614.14,NMNAT1,1.3346214238653216,14.07215064252332,0.9592668761169411,0.39610860050399016,200.93179179068943,3.0326522392953494,0.010058002633313332,4.81335774552197,0.0,-0.3889116812321996,1.8086857095121045,0.8862555416682142,0.38120174732323564,-0.5034786936468778,0.2962475730921228,-0.3889116812321996,1.8086857095121045,14.071748872583578,0.14153368721576953,0.0,233,True
brain_anterior_cingulate_cortex_ba24,raw,ENSG00000173614.14,NMNAT1,1.3346214238653216,14.07215064252332,0.9592668761169411,0.39610860050399016,200.93179179068943,3.0326522392953494,0.010058002633313332,4.81335774552197,0.0,-0.3889116812321996,1.8086857095121045,0.8862555416682142,0.38120174732323564,-0.5034786936468778,0.2962475730921228,-0.3889116812321996,1.8086857095121045,14.071748872583578,0.14153368721576953,0.0,233,True
brain_caudate_basal_ganglia,excluded_at_or_below_-1,ENSG00000173614.14,NMNAT1,2.5630341346584604,17.181241577480577,0.9888245070573183,0.35837953605884215,209.52240788073053,3.6913592121704077,0.0010961601835974206,5.031064643185815,0.0,-0.28611066587472,1.924261443232844,0.9155319181351689,0.4301780168960638,-0.5225219429101551,0.4332862730499598,-0.28611066587472,1.924261443232844,17.180733544895077,0.01883283603691055,0.0,300,True
brain_caudate_basal_ganglia,raw,ENSG00000173614.14,NMNAT1,2.5630341346584604,17.181241577480577,0.9888245070573183,0.35837953605884215,209.52240788073053,3.6913592121704077,0.0010961601835974206,5.031064643185815,0.0,-0.28611066587472,1.924261443232844,0.9155319181351689,0.4301780168960638,-0.5225219429101551,0.4332862730499598,-0.28611066587472,1.924261443232844,17.180733544895077,0.01883283603691055,0.0,300,True
brain_cerebellar_hemisphere,excluded_at_or_below_-1,ENSG00000173614.14,NMNAT1,0.8205420973258114,16.043798227918572,0.6623500471991264,0.4808724903080352,178.0808032689988,3.4504571181230754,0.0,3.1299821074790715,0.004872732017649504,-0.4019321310296061,1.835602766052062,0.5958426061177519,0.3860135474479212,-0.35348477791424043,0.025931742049616346,-0.4019321310296061,1.835602766052062,16.002101518549722,0.0,0.07797395241911498,277,True
brain_cerebellar_hemisphere,raw,ENSG00000173614.14,NMNAT1,0.8205420973258114,16.043798227918572,0.6623500471991264,0.4808724903080352,178.0808032689988,3.4504571181230754,0.0,3.1299821074790715,0.004872732017649504,-0.4019321310296061,1.835602766052062,0.5958426061177519,0.3860135474479212,-0.35348477791424043,0.025931742049616346,-0.4019321310296061,1.835602766052062,16.002101518549722,0.0,0.07797395241911498,277,True
brain_cerebellum,excluded_at_or_below_-1,ENSG00000173614.14,NMNAT1,0.9484978678208625,15.75711228040927,0.7108993728750899,0.3354896859039961,177.18897217780514,3.0317000388984465,0.009577785318561212,3.887149050664582,0.0,-0.2112374590480594,1.4301005747773257,0.667766474685962,0.28232687450297206,-0.405911711828791,0.19678377694426974,-0.2112374590480594,1.4301005747773257,15.748631442413956,0.15083701101658387,0.0,266,True
brain_cerebellum,raw,ENSG00000173614.14,NMNAT1,0.9484978678208625,15.75711228040927,0.7108993728750899,0.3354896859039961,177.18897217780514,3.0317000388984465,0.009577785318561212,3.887149050664582,0.0,-0.2112374590480594,1.4301005747773257,0.667766474685962,0.28232687450297206,-0.405911711828791,0.19678377694426974,-0.2112374590480594,1.4301005747773257,15.748631442413956,0.15083701101658387,0.0,266,True
brain_cortex,excluded_at_or_below_-1,ENSG00000173614.14,NMNAT1,1.4264790994418082,19.20182760970198,1.0136834095127503,0.2983907059288286,249.3373008742705,3.569487154262553,0.0017108262851321758,5.470297281804616,0.0,-0.1405169962726419,1.7668241091232209,0.9601901255599358,0.3024837365137862,-0.6170848718565307,1.081554139423976,-0.1405169962726419,1.7668241091232209,19.20132534765221,0.03285013211413812,0.0,270,True
brain_cortex,raw,ENSG00000173614.14,NMNAT1,1.4264790994418082,19.20182760970198,1.0136834095127503,0.2983907059288286,249.3373008742705,3.569487154262553,0.0017108262851321758,5.470297281804616,0.0,-0.1405169962726419,1.7668241091232209,0.9601901255599358,0.3024837365137862,-0.6170848718565307,1.081554139423976,-0.1405169962726419,1.7668241091232209,19.20132534765221,0.03285013211413812,0.0,270,True
brain_frontal_cortex_ba9,excluded_at_or_below_-1,ENSG00000173614.14,NMNAT1,0.6033678012470727,17.233193012303825,1.1109925252690127,0.43051335569488136,354.23817532641374,2.828749254682347,0.01816078096416461,4.21134845927611,0.0,-0.1710215958239038,1.9721172991038505,1.0678599048457564,0.34121220100224386,-0.4259410739080342,0.40400097898200693,-0.1710215958239038,1.9721172991038505,17.230644712872056,0.3129219645018104,0.0,269,True
brain_frontal_cortex_ba9,raw,ENSG00000173614.14,NMNAT1,0.6033678012470727,17.233193012303825,1.1109925252690127,0.43051335569488136,354.23817532641374,2.828749254682347,0.01816078096416461,4.21134845927611,0.0,-0.1710215958239038,1.9721172991038505,1.0678599048457564,0.34121220100224386,-0.4259410739080342,0.40400097898200693,-0.1710215958239038,1.9721172991038505,17.230644712872056,0.3129219645018104,0.0,269,True
brain_hippocampus,excluded_at_or_below_-1,ENSG00000173614.14,NMNAT1,1.0470561872878459,10.309166578958578,0.814210898346788,0.6251767027700107,357.0241353581863,2.2105568491785457,0.04989365677402535,2.547998284005682,0.0,-0.3121742589170826,1.7914244388081637,0.7627582212293187,0.4534367750278783,-0.1866459086960047,-0.5444900461003952,-0.3121742589170826,1.7914244388081637,9.907871657672706,0.4943399478490156,0.0,255,True
brain_hippocampus,raw,ENSG00000173614.14,NMNAT1,1.0470561872878459,10.309166578958578,0.814210898346788,0.6251767027700107,357.0241353581863,2.2105568491785457,0.04989365677402535,2.547998284005682,0.0,-0.3121742589170826,1.7914244388081637,0.7627582212293187,0.4534367750278783,-0.1866459086960047,-0.5444900461003952,-0.3121742589170826,1.7914244388081637,9.907871657672706,0.4943399478490156,0.0,255,True
brain_hypothalamus,excluded_at_or_below_-1,ENSG00000173614.14,NMNAT1,1.6122972539932183,13.748394180091964,1.0140390780714257,0.5239436496790133,213.67072122263758,3.2625147099064677,0.0043752773540574165,3.89390315015066,0.0,-0.4285901557785505,2.222748929058485,0.9091312768089596,0.48900030165732283,-0.364552332314577,-0.1097331794939147,-0.4285901557785505,2.222748929058485,13.741377813225187,0.06012233915975118,0.0,257,True
brain_hypothalamus,raw,ENSG00000173614.14,NMNAT1,1.6122972539932183,13.748394180091964,1.0140390780714257,0.5239436496790133,213.67072122263758,3.2625147099064677,0.0043752773540574165,3.89390315015066,0.0,-0.4285901557785505,2.222748929058485,0.9091312768089596,0.48900030165732283,-0.364552332314577,-0.1097331794939147,-0.4285901557785505,2.222748929058485,13.741377813225187,0.06012233915975118,0.0,257,True
brain_nucleus_accumbens_basal_ganglia,excluded_at_or_below_-1,ENSG00000173614.14,NMNAT1,2.793876832303614,16.60147252247989,1.0610965418930653,0.32356776999162257,376.6656992118584,3.5861727348191437,0.0016119570220418438,6.020334328653079,0.0,-0.3163376767814513,1.8816019771987849,0.9023679712528044,0.4250719446080061,-0.676163984195982,0.1337581615387453,-0.3163376767814513,1.8816019771987849,16.60114868388453,0.026760338194948385,0.0,285,True
brain_nucleus_accumbens_basal_ganglia,raw,ENSG00000173614.14,NMNAT1,2.793876832303614,16.60147252247989,1.0610965418930653,0.32356776999162257,376.6656992118584,3.5861727348191437,0.0016119570220418438,6.020334328653079,0.0,-0.3163376767814513,1.8816019771987849,0.9023679712528044,0.4250719446080061,-0.676163984195982,0.1337581615387453,-0.3163376767814513,1.8816019771987849,16.60114868388453,0.026760338194948385,0.0,285,True
brain_putamen_basal_ganglia,excluded_at_or_below_-1,ENSG00000173614.14,NMNAT1,2.3592569022309573,10.661330284379263,0.8637224903501801,0.4080060954730312,242.67825346797048,2.936947760621012,0.01251620902443252,3.747984483661192,0.0,-0.2175855636512685,1.7110433054670064,0.7948527879076793,0.409134004325485,-0.29838023480807907,-0.2557035244112136,-0.2175855636512685,1.7110433054670064,10.651818252242402,0.1333203837353314,0.0,254,True
brain_putamen_basal_ganglia,raw,ENSG00000173614.14,NMNAT1,2.3592569022309573,10.661330284379263,0.8637224903501801,0.4080060954730312,242.67825346797048,2.936947760621012,0.01251620902443252,3.747984483661192,0.0,-0.2175855636512685,1.7110433054670064,0.7948527879076793,0.409134004325485,-0.29838023480807907,-0.2557035244112136,-0.2175855636512685,1.7110433054670064,10.651818252242402,0.1333203837353314,0.0,254,True
brain_spinal_cord_cervical_c-1,excluded_at_or_below_-1,ENSG00000173614.14,NMNAT1,1.27427661069043,8.656598034297796,1.3075976910172395,0.6399960809745866,210.74089907242282,1.8748267078132554,0.17131376533948903,3.624301289648142,0.0,-0.3325637975727097,2.156042209887169,1.1604892051375595,0.5316011610411533,-0.6103388576634966,-0.08914940221882572,-0.3325637975727097,2.156042209887169,8.644418922821233,1.4809079548404351,0.0,204,True
brain_spinal_cord_cervical_c-1,raw,ENSG00000173614.14,NMNAT1,1.27427661069043,8.656598034297796,1.3075976910172395,0.6399960809745866,210.74089907242282,1.8748267078132554,0.17131376533948903,3.624301289648142,0.0,-0.3325637975727097,2.156042209887169,1.1604892051375595,0.5316011610411533,-0.6103388576634966,-0.08914940221882572,-0.3325637975727097,2.156042209887169,8.644418922821233,1.4809079548404351,0.0,204,True
brain_substantia_nigra,excluded_at_or_below_-1,ENSG00000173614.14,NMNAT1,-0.5664196644672179,11.054912363233973,0.9619540210369303,0.6642525062760488,102.00505879343993,2.8603208636028357,0.0,2.4831039127346517,0.029594004128028432,-0.2043535588522745,2.305439441452244,0.9386292922967159,0.4148188204057429,-0.08483279209424051,-0.08194140116509319,-0.2043535588522745,2.305439441452244,10.869938337570924,0.0,0.32168500003348843,183,True
brain_substantia_nigra,raw,ENSG00000173614.14,NMNAT1,-0.5664196644672179,11.054912363233973,0.9619540210369303,0.6642525062760488,102.00505879343993,2.8603208636028357,0.0,2.4831039127346517,0.029594004128028432,-0.2043535588522745,2.305439441452244,0.9386292922967159,0.4148188204057429,-0.08483279209424051,-0.08194140116509319,-0.2043535588522745,2.305439441452244,10.869938337570924,0.0,0.32168500003348843,183,True
breast_mammary_tissue,excluded_at_or_below_-1,ENSG00000173614.14,NMNAT1,1.1439118335066956,36.58152879850828,1.4645416836840046,0.4363124807886294,414.0822184106513,2.6292875962778384,0.03153604828386174,5.170822342775939,0.0,-0.1307579118792321,2.275728214743524,1.4416962277790304,0.35456873386306353,-0.5315048620751602,0.8404781707569473,-0.1307579118792321,2.275728214743524,36.58144811168017,1.1536343139435286,0.0,514,True
breast_mammary_tissue,raw,ENSG00000173614.14,NMNAT1,1.1439118335066956,36.58152879850828,1.4645416836840046,0.4363124807886294,414.0822184106513,2.6292875962778384,0.03153604828386174,5.170822342775939,0.0,-0.1307579118792321,2.275728214743524,1.4416962277790304,0.35456873386306353,-0.5315048620751602,0.8404781707569473,-0.1307579118792321,2.275728214743524,36.58144811168017,1.1536343139435286,0.0,514,True
cells_cultured_fibroblasts,excluded_at_or_below_-1,ENSG00000173614.14,NMNAT1,3.455745416568323,55.84176230286278,2.5717862140832692,0.24633187723360717,908.6185253728285,5.272241956255897,7.86340100393048e-07,5.625590185546842,0.0,1.5919043717486805,3.490120822708437,2.623395800006354,0.26439318577742743,0.351414373963801,0.8687412664194474,1.5919043717486805,3.490120822708437,55.84134373163064,4.391028783601314e-05,0.0,652,True
cells_cultured_fibroblasts,raw,ENSG00000173614.14,NMNAT1,3.455745416568323,55.84176230286278,2.5717862140832692,0.24633187723360717,908.6185253728285,5.272241956255897,7.86340100393048e-07,5.625590185546842,0.0,1.5919043717486805,3.490120822708437,2.623395800006354,0.26439318577742743,0.351414373963801,0.8687412664194474,1.5919043717486805,3.490120822708437,55.84134373163064,4.391028783601314e-05,0.0,652,True
cells_ebv-transformed_lymphocytes,excluded_at_or_below_-1,ENSG00000173614.14,NMNAT1,-0.06569966586055065,19.68887682597437,1.956698323019177,0.3816042809399171,307.93251610053005,3.054847163232027,0.0,2.916874347573556,0.004842384807050798,1.1696236069981445,2.781002930274074,1.966774956588335,0.26735685658026404,0.05328182545062053,0.12988424959322664,1.1696236069981445,2.781002930274074,19.503443820047103,0.0,0.09444318003936486,327,True
cells_ebv-transformed_lymphocytes,raw,ENSG00000173614.14,NMNAT1,-0.06569966586055065,19.68887682597437,1.956698323019177,0.3816042809399171,307.93251610053005,3.054847163232027,0.0,2.916874347573556,0.004842384807050798,1.1696236069981445,2.781002930274074,1.966774956588335,0.26735685658026404,0.05328182545062053,0.12988424959322664,1.1696236069981445,2.781002930274074,19.503443820047103,0.0,0.09444318003936486,327,True
cervix_ectocervix,excluded_at_or_below_-1,ENSG00000173614.14,NMNAT1,0.08888151811145234,1.0966424600301021,1.771494842587723,0.4092343225671249,13.672443294218478,1.7824686853311664,0.2016924297306955,3.3935921981079975,0.0,0.789483043795892,2.287292020854475,1.7112692608596294,0.32881066914465334,-0.7167167814876536,0.8570730468160974,0.789483043795892,2.287292020854475,1.0931775833132054,0.2204856429055702,0.0,24,True
cervix_ectocervix,raw,ENSG00000173614.14,NMNAT1,0.08888151811145234,1.0966424600301021,1.771494842587723,0.4092343225671249,13.672443294218478,1.7824686853311664,0.2016924297306955,3.3935921981079975,0.0,0.789483043795892,2.287292020854475,1.7112692608596294,0.32881066914465334,-0.7167167814876536,0.8570730468160974,0.789483043795892,2.287292020854475,1.0931775833132054,0.2204856429055702,0.0,24,True
cervix_endocervix,excluded_at_or_below_-1,ENSG00000173614.14,NMNAT1,0.13275114449809394,1.6233328074164664,1.7385027573130272,0.24988132914903585,13.291399814269258,3.84129258420361,0.0006244173386147168,5.35907308634247,0.0,0.7915932229602556,2.417231431771816,1.7296310745737176,0.31335743934877797,-0.7009468768073104,2.304413580219359,0.7915932229602556,2.417231431771816,1.623330258507354,0.0010136355597099023,0.0,23,True
cervix_endocervix,raw,ENSG00000173614.14,NMNAT1,0.13275114449809394,1.6233328074164664,1.7385027573130272,0.24988132914903585,13.291399814269258,3.84129258420361,0.0006244173386147168,5.35907308634247,0.0,0.7915932229602556,2.417231431771816,1.7296310745737176,0.31335743934877797,-0.7009468768073104,2.304413580219359,0.7915932229602556,2.417231431771816,1.623330258507354,0.0010136355597099023,0.0,23,True
colon_sigmoid,excluded_at_or_below_-1,ENSG00000173614.14,NMNAT1,0.576464775408214,27.98165375831057,1.703572357875381,0.44999285934401095,520.203851810704,2.7210194909256384,0.02459628786166201,4.341976555844412,0.0,0.3219858015348724,2.56938171908513,1.6887107693445083,0.3531570481483019,-0.4660521635515142,0.9233106416151315,0.3219858015348724,2.56938171908513,27.97929163498738,0.6881867112195416,0.0,419,True
colon_sigmoid,raw,ENSG00000173614.14,NMNAT1,0.576464775408214,27.98165375831057,1.703572357875381,0.44999285934401095,520.203851810704,2.7210194909256384,0.02459628786166201,4.341976555844412,0.0,0.3219858015348724,2.56938171908513,1.6887107693445083,0.3531570481483019,-0.4660521635515142,0.9233106416151315,0.3219858015348724,2.56938171908513,27.97929163498738,0.6881867112195416,0.0,419,True
colon_transverse,excluded_at_or_below_-1,ENSG00000173614.14,NMNAT1,0.8658114521222134,28.1974330828031,2.0049670458715054,0.6144532442142573,691.9223429193702,2.2878439934726544,0.0727075833882704,4.004290163196677,0.0,0.2651668155422721,2.9989987829780587,1.9317162529541039,0.4599045913248342,-0.47941591286125984,0.08874531163980404,0.2651668155422721,2.9989987829780587,28.188071876632094,2.0494865865247873,0.0,479,True
colon_transverse,raw,ENSG00000173614.14,NMNAT1,0.8658114521222134,28.1974330828031,2.0049670458715054,0.6144532442142573,691.9223429193702,2.2878439934726544,0.0727075833882704,4.004290163196677,0.0,0.2651668155422721,2.9989987829780587,1.9317162529541039,0.4599045913248342,-0.47941591286125984,0.08874531163980404,0.2651668155422721,2.9989987829780587,28.188071876632094,2.0494865865247873,0.0,479,True
esophagus_gastroesophageal_junction,excluded_at_or_below_-1,ENSG00000173614.14,NMNAT1,-0.577621283817619,22.951890729532494,1.6671418986616688,0.5679542378711664,261.6535287210232,2.172260575928157,0.08796614827407175,3.1437510316791313,0.0,0.4045979882087969,2.5395310714741504,1.6440364829943053,0.3663445786116943,-0.2181792836999128,-0.21413723742263668,0.4045979882087969,2.5395310714741504,22.787890203279495,2.004562928474951,0.0,403,True
esophagus_gastroesophageal_junction,raw,ENSG00000173614.14,NMNAT1,-0.577621283817619,22.951890729532494,1.6671418986616688,0.5679542378711664,261.6535287210232,2.172260575928157,0.08796614827407175,3.1437510316791313,0.0,0.4045979882087969,2.5395310714741504,1.6440364829943053,0.3663445786116943,-0.2181792836999128,-0.21413723742263668,0.4045979882087969,2.5395310714741504,22.787890203279495,2.004562928474951,0.0,403,True
esophagus_mucosa,excluded_at_or_below_-1,ENSG00000173614.14,NMNAT1,0.4048381038298851,45.36615624691199,1.6135423867309584,0.5165368976490294,942.7960580343906,2.5954489432024856,0.03444856741354821,4.977902726570354,0.0,-0.2046203714217938,2.561521660015977,1.593633848718107,0.3885282688337108,-0.532322859724949,1.3381330824030293,-0.2046203714217938,2.561521660015977,45.36567882007571,1.5627826450947542,0.0,614,True
esophagus_mucosa,raw,ENSG00000173614.14,NMNAT1,0.4048381038298851,45.36615624691199,1.6135423867309584,0.5165368976490294,942.7960580343906,2.5954489432024856,0.03444856741354821,4.977902726570354,0.0,-0.2046203714217938,2.561521660015977,1.593633848718107,0.3885282688337108,-0.532322859724949,1.3381330824030293,-0.2046203714217938,2.561521660015977,45.36567882007571,1.5627826450947542,0.0,614,True
esophagus_muscularis,excluded_at_or_below_-1,ENSG00000173614.14,NMNAT1,0.9910610290918326,33.44603084289497,1.82381450277401,0.4859492682664685,327.4874470161138,2.848038150709634,0.015636797615172438,3.569003450857336,0.0,0.5974405932533564,2.802451741275622,1.7851568118017433,0.3728056456201083,-0.3405183502524766,0.23485713791315055,0.5974405932533564,2.802451741275622,33.38865968045487,0.5220917140651409,0.0,561,True
esophagus_muscularis,raw,ENSG00000173614.14,NMNAT1,0.9910610290918326,33.44603084289497,1.82381450277401,0.4859492682664685,327.4874470161138,2.848038150709634,0.015636797615172438,3.569003450857336,0.0,0.5974405932533564,2.802451741275622,1.7851568118017433,0.3728056456201083,-0.3405183502524766,0.23485713791315055,0.5974405932533564,2.802451741275622,33.38865968045487,0.5220917140651409,0.0,561,True
fallopian_tube,excluded_at_or_below_-1,ENSG00000173614.14,NMNAT1,0.0480264364074384,1.2587209633749157,1.6572690489394533,0.37432839883887964,17.369412925181834,2.6662161637127064,0.0,1.814954514193585,0.16885117014211687,1.1768684677687813,2.362990203137815,1.6880427790867698,0.26119575753936825,0.39385537576958396,0.011814616618233575,1.1768684677687813,2.362990203137815,1.2227162760296895,0.0,0.20645707395942461,29,True
fallopian_tube,raw,ENSG00000173614.14,NMNAT1,0.0480264364074384,1.2587209633749157,1.6572690489394533,0.37432839883887964,17.369412925181834,2.6662161637127064,0.0,1.814954514193585,0.16885117014211687,1.1768684677687813,2.362990203137815,1.6880427790867698,0.26119575753936825,0.39385537576958396,0.011814616618233575,1.1768684677687813,2.362990203137815,1.2227162760296895,0.0,0.20645707395942461,29,True
heart_atrial_appendage,excluded_at_or_below_-1,ENSG00000173614.14,NMNAT1,1.875560093864906,27.08998849896611,1.6868289618584746,0.6140209911213287,600.7601567507159,2.4410455553344543,0.05079505879812554,4.54499574275902,0.0,-0.2865100477944884,2.746678231542788,1.5582550163770141,0.5209458868697682,-0.6189877592899536,0.15607984555403842,-0.2865100477944884,2.746678231542788,27.088935912759098,1.375984092467253,0.0,461,True
heart_atrial_appendage,raw,ENSG00000173614.14,NMNAT1,1.875560093864906,27.08998849896611,1.6868289618584746,0.6140209911213287,600.7601567507159,2.4410455553344543,0.05079505879812554,4.54499574275902,0.0,-0.2865100477944884,2.746678231542788,1.5582550163770141,0.5209458868697682,-0.6189877592899536,0.15607984555403842,-0.2865100477944884,2.746678231542788,27.088935912759098,1.375984092467253,0.0,461,True
heart_left_ventricle,excluded_at_or_below_-1,ENSG00000173614.14,NMNAT1,6.596953439406203,24.519434547278223,1.8873970919136596,0.41312728515154046,563.5009981168398,4.420862784263177,5.702720107340848e-05,8.647439070483488,0.0,-0.6387369530091216,3.178842096178365,1.3334607201007371,0.87524386080428,-0.6035928983437415,-0.7772247785573345,-0.6387369530091216,3.178842096178365,24.51865762458084,0.0013982304184070316,0.0,452,True
heart_left_ventricle,raw,ENSG00000173614.14,NMNAT1,6.596953439406203,24.519434547278223,1.8873970919136596,0.41312728515154046,563.5009981168398,4.420862784263177,5.702720107340848e-05,8.647439070483488,0.0,-0.6387369530091216,3.178842096178365,1.3334607201007371,0.87524386080428,-0.6035928983437415,-0.7772247785573345,-0.6387369530091216,3.178842096178365,24.51865762458084,0.0013982304184070316,0.0,452,True
kidney_cortex,excluded_at_or_below_-1,ENSG00000173614.14,NMNAT1,-2.9216140517194766,7.255441437359771,1.3930853355628876,1.3480694965454698,126.07468875758954,1.3048951808821858,0.09290902459816856,1.4137508076300658,0.0,0.0454569502965465,2.6369493716174213,1.4039665019504155,0.5465812848882761,0.1007003698649937,-0.6703786406623795,0.0454569502965465,2.6369493716174213,4.584548546182001,0.42594593364872146,0.0,104,True
kidney_cortex,raw,ENSG00000173614.14,NMNAT1,-2.9216140517194766,7.255441437359771,1.3930853355628876,1.3480694965454698,126.07468875758954,1.3048951808821858,0.09290902459816856,1.4137508076300658,0.0,0.0454569502965465,2.6369493716174213,1.4039665019504155,0.5465812848882761,0.1007003698649937,-0.6703786406623795,0.0454569502965465,2.6369493716174213,4.584548546182001,0.42594593364872146,0.0,104,True
kidney_medulla,excluded_at_or_below_-1,ENSG00000173614.14,NMNAT1,0.13463858813183144,0.7508441749743785,1.8750331302502024,0.18108045881559445,7.782186412992839,7.25995789334471,0.0,6.148907360494696,6.160622566645321e-09,1.0877072300625632,2.8046215186565155,1.9643682758059837,0.43077187038510417,-0.047298334223730455,0.586155028446933,1.0877072300625632,2.8046215186565155,0.7508253431947494,0.0,4.625551552894791e-09,11,True
kidney_medulla,raw,ENSG00000173614.14,NMNAT1,0.13463858813183144,0.7508441749743785,1.8750331302502024,0.18108045881559445,7.782186412992839,7.25995789334471,0.0,6.148907360494696,6.160622566645321e-09,1.0877072300625632,2.8046215186565155,1.9643682758059837,0.43077187038510417,-0.047298334223730455,0.586155028446933,1.0877072300625632,2.8046215186565155,0.7508253431947494,0.0,4.625551552894791e-09,11,True
liver,excluded_at_or_below_-1,ENSG00000173614.14,NMNAT1,0.6450957936877777,19.80306716159798,1.0867427841742843,0.5175271430977025,146.9928014058875,4.552646774145837,0.0,3.853245939916912,0.0005653626941124775,-0.3233408241258357,2.752769996219278,1.11342313600971,0.4354886573302202,0.1614877341562034,0.8548839569802391,-0.3233408241258357,2.752769996219278,19.80209884845004,0.0,0.011195367954041302,262,True
liver,raw,ENSG00000173614.14,NMNAT1,0.6450957936877777,19.80306716159798,1.0867427841742843,0.5175271430977025,146.9928014058875,4.552646774145837,0.0,3.853245939916912,0.0005653626941124775,-0.3233408241258357,2.752769996219278,1.11342313600971,0.4354886573302202,0.1614877341562034,0.8548839569802391,-0.3233408241258357,2.752769996219278,19.80209884845004,0.0,0.011195367954041302,262,True
lung,excluded_at_or_below_-1,ENSG00000173614.14,NMNAT1,4.127694743994979,29.65111409400815,1.46896509886203,0.6131439151245959,1080.9581578967525,2.5798332448498473,0.03570525123233457,4.160688605226193,0.0,-0.3349356477422199,2.5874730089838223,1.3105029123153051,0.5638586021950583,-0.5145722106849775,-0.16788049178306386,-0.3349356477422199,2.5874730089838223,29.64582553346425,1.0585116486623,0.0,604,True
lung,raw,ENSG00000173614.14,NMNAT1,4.127694743994979,29.65111409400815,1.46896509886203,0.6131439151245959,1080.9581578967525,2.5798332448498473,0.03570525123233457,4.160688605226193,0.0,-0.3349356477422199,2.5874730089838223,1.3105029123153051,0.5638586021950583,-0.5145722106849775,-0.16788049178306386,-0.3349356477422199,2.5874730089838223,29.64582553346425,1.0585116486623,0.0,604,True
minor_salivary_gland,excluded_at_or_below_-1,ENSG00000173614.14,NMNAT1,0.06959513671049797,12.86765668144022,1.5444803952138684,0.4261406964989252,195.96231433283234,3.557658435277406,0.000637405496013729,3.679576970920899,0.0,0.4357245927462025,2.6164988539892096,1.5352143170747852,0.3167643651025952,-0.09609565622607327,0.701191416589344,0.4357245927462025,2.6164988539892096,12.85268915925093,0.008192374708662617,0.0,181,True
minor_salivary_gland,raw,ENSG00000173614.14,NMNAT1,0.06959513671049797,12.86765668144022,1.5444803952138684,0.4261406964989252,195.96231433283234,3.557658435277406,0.000637405496013729,3.679576970920899,0.0,0.4357245927462025,2.6164988539892096,1.5352143170747852,0.3167643651025952,-0.09609565622607327,0.701191416589344,0.4357245927462025,2.6164988539892096,12.85268915925093,0.008192374708662617,0.0,181,True
muscle_skeletal,excluded_at_or_below_-1,ENSG00000173614.14,NMNAT1,0.24837721505109708,52.363033549225285,2.0461316164322065,0.8484688045706564,556.2437201010414,3.3786104406033854,0.0,3.110285912901925,0.004625707696507625,0.1800905596878799,4.073156132332317,2.0473856430604225,0.6072011425363573,0.01968068675978748,0.022446288515976853,0.1800905596878799,4.073156132332317,52.18909768140425,0.0,0.24141151081865986,818,True
muscle_skeletal,raw,ENSG00000173614.14,NMNAT1,0.24837721505109708,52.363033549225285,2.0461316164322065,0.8484688045706564,556.2437201010414,3.3786104406033854,0.0,3.110285912901925,0.004625707696507625,0.1800905596878799,4.073156132332317,2.0473856430604225,0.6072011425363573,0.01968068675978748,0.022446288515976853,0.1800905596878799,4.073156132332317,52.18909768140425,0.0,0.24141151081865986,818,True
nerve_tibial,excluded_at_or_below_-1,ENSG00000173614.14,NMNAT1,0.5111193100841953,47.78829769278438,1.6727096159068178,0.4089843707666446,612.0737858857196,2.8043850865589457,0.019568120675755654,4.55381525653487,0.0,0.3557661804639924,2.4837255052531586,1.6602504237892097,0.30994316157393265,-0.42760202003602815,1.1086726363444042,0.3557661804639924,2.4837255052531586,47.78648717498386,0.9350917477105342,0.0,670,True
nerve_tibial,raw,ENSG00000173614.14,NMNAT1,0.5111193100841953,47.78829769278438,1.6727096159068178,0.4089843707666446,612.0737858857196,2.8043850865589457,0.019568120675755654,4.55381525653487,0.0,0.3557661804639924,2.4837255052531586,1.6602504237892097,0.30994316157393265,-0.42760202003602815,1.1086726363444042,0.3557661804639924,2.4837255052531586,47.78648717498386,0.9350917477105342,0.0,670,True
ovary,excluded_at_or_below_-1,ENSG00000173614.14,NMNAT1,-1.1250766266705516,10.689510554948065,1.2838846148889662,0.5799024154659034,177.69605710393816,2.3454276219589576,0.0,2.017004158089669,0.07146239565778197,0.456806149230474,2.2456340843199665,1.2685611112498465,0.33331640168738264,-0.06444302266952007,-0.4564907558962634,0.456806149230474,2.2456340843199665,10.00650445043563,0.0,0.7150887801883871,193,True
ovary,raw,ENSG00000173614.14,NMNAT1,-1.1250766266705516,10.689510554948065,1.2838846148889662,0.5799024154659034,177.69605710393816,2.3454276219589576,0.0,2.017004158089669,0.07146239565778197,0.456806149230474,2.2456340843199665,1.2685611112498465,0.33331640168738264,-0.06444302266952007,-0.4564907558962634,0.456806149230474,2.2456340843199665,10.00650445043563,0.0,0.7150887801883871,193,True
pancreas,excluded_at_or_below_-1,ENSG00000173614.14,NMNAT1,0.4022109189122476,24.034794180583916,0.5774447025828392,0.4357959220242465,228.47774636286834,3.0015136231111748,0.01066287234035667,3.9556542133844763,0.0,-0.6415069614347899,1.5023738870103496,0.5977383823093153,0.3275844891838446,0.07413814972480795,0.308089806306425,-0.6415069614347899,1.5023738870103496,24.024883046490885,0.25617426091673157,0.0,362,True
pancreas,raw,ENSG00000173614.14,NMNAT1,0.4022109189122476,24.034794180583916,0.5774447025828392,0.4357959220242465,228.47774636286834,3.0015136231111748,0.01066287234035667,3.9556542133844763,0.0,-0.6415069614347899,1.5023738870103496,0.5977383823093153,0.3275844891838446,0.07413814972480795,0.308089806306425,-0.6415069614347899,1.5023738870103496,24.024883046490885,0.25617426091673157,0.0,362,True
pituitary,excluded_at_or_below_-1,ENSG00000173614.14,NMNAT1,1.4780075611155619,29.6247181025874,1.5026294293582076,0.3987791584141429,286.87224949925974,7.408942992717064,0.0,4.29069888949529,0.00010053260571948385,0.2927405287806686,3.5917990781178144,1.5468923179494394,0.45642272854453975,0.8266344800068665,2.3683964689389123,0.2927405287806686,3.5917990781178144,29.624124308873867,0.0,0.0029781904089289934,313,True
pituitary,raw,ENSG00000173614.14,NMNAT1,1.4780075611155619,29.6247181025874,1.5026294293582076,0.3987791584141429,286.87224949925974,7.408942992717064,0.0,4.29069888949529,0.00010053260571948385,0.2927405287806686,3.5917990781178144,1.5468923179494394,0.45642272854453975,0.8266344800068665,2.3683964689389123,0.2927405287806686,3.5917990781178144,29.624124308873867,0.0,0.0029781904089289934,313,True
prostate,excluded_at_or_below_-1,ENSG00000173614.14,NMNAT1,0.16117322650759286,20.31759605265768,1.6310163225461662,0.45831643425844687,202.27053515518259,2.090668809364499,0.11242781199952603,5.168082452653023,0.0,-0.0438489062096429,2.308557465848045,1.592881364103664,0.33396041771249185,-0.7995019253265548,2.1868956352802726,-0.0438489062096429,2.308557465848045,20.317226186851972,2.2842212860872406,0.0,282,True
prostate,raw,ENSG00000173614.14,NMNAT1,0.16117322650759286,20.31759605265768,1.6310163225461662,0.45831643425844687,202.27053515518259,2.090668809364499,0.11242781199952603,5.168082452653023,0.0,-0.0438489062096429,2.308557465848045,1.592881364103664,0.33396041771249185,-0.7995019253265548,2.1868956352802726,-0.0438489062096429,2.308557465848045,20.317226186851972,2.2842212860872406,0.0,282,True
skin_not_sun_exposed_suprapubic,excluded_at_or_below_-1,ENSG00000173614.14,NMNAT1,0.6836855590844652,35.123416364761646,1.3141280280862968,0.5081602385936477,392.2718737903392,2.4709997677272026,0.04013238415312384,3.133153197478528,0.0,0.1883122964725574,2.2020164382540366,1.2836254332941075,0.36373410516597016,-0.2931207403237346,-0.12672107537005495,0.1883122964725574,2.2020164382540366,34.864015573181575,1.399176066103415,0.0,651,True
skin_not_sun_exposed_suprapubic,raw,ENSG00000173614.14,NMNAT1,0.6836855590844652,35.123416364761646,1.3141280280862968,0.5081602385936477,392.2718737903392,2.4709997677272026,0.04013238415312384,3.133153197478528,0.0,0.1883122964725574,2.2020164382540366,1.2836254332941075,0.36373410516597016,-0.2931207403237346,-0.12672107537005495,0.1883122964725574,2.2020164382540366,34.864015573181575,1.399176066103415,0.0,651,True
skin_sun_exposed_lower_leg,excluded_at_or_below_-1,ENSG00000173614.14,NMNAT1,1.6352821870024776,55.40206540561844,1.3775545897993895,0.43140573355705636,729.2947570719414,3.071608853438544,0.008934612119549611,4.987022217771131,0.0,-0.1437361369793333,2.3145486237092525,1.3513813122710914,0.34880659123564384,-0.38377473326212,0.495946993958464,-0.1437361369793333,2.3145486237092525,55.40135257465544,0.49498959615295757,0.0,754,True
skin_sun_exposed_lower_leg,raw,ENSG00000173614.14,NMNAT1,1.6352821870024776,55.40206540561844,1.3775545897993895,0.43140573355705636,729.2947570719414,3.071608853438544,0.008934612119549611,4.987022217771131,0.0,-0.1437361369793333,2.3145486237092525,1.3513813122710914,0.34880659123564384,-0.38377473326212,0.495946993958464,-0.1437361369793333,2.3145486237092525,55.40135257465544,0.49498959615295757,0.0,754,True
small_intestine_terminal_ileum,excluded_at_or_below_-1,ENSG00000173614.14,NMNAT1,0.9512987716317984,8.747226086216388,1.8429879531734326,0.5120272539531611,163.8400420698876,2.6254489223079016,0.0,2.5124313050924116,0.011085075574171393,0.9333422418610986,2.7935525905453304,1.8181103562498409,0.38824942297024145,-0.03378984826615289,-0.4466937883431408,0.9333422418610986,2.7935525905453304,8.468561224492312,0.0,0.09387464117799471,207,True
small_intestine_terminal_ileum,raw,ENSG00000173614.14,NMNAT1,0.9512987716317984,8.747226086216388,1.8429879531734326,0.5120272539531611,163.8400420698876,2.6254489223079016,0.0,2.5124313050924116,0.011085075574171393,0.9333422418610986,2.7935525905453304,1.8181103562498409,0.38824942297024145,-0.03378984826615289,-0.4466937883431408,0.9333422418610986,2.7935525905453304,8.468561224492312,0.0,0.09387464117799471,207,True
spleen,excluded_at_or_below_-1,ENSG00000173614.14,NMNAT1,0.19515265414771238,15.924715940292478,1.701800635351434,0.41918968377913207,380.6549612322573,3.215435092194392,0.0,2.69116835971223,0.021183868854612476,0.9041063947367628,2.6548937574733227,1.7157584396227736,0.3000326756210531,0.10704067445193806,-0.0027171239695125138,0.9041063947367628,2.6548937574733227,15.834141165326265,0.0,0.3354283698716924,277,True
spleen,raw,ENSG00000173614.14,NMNAT1,0.19515265414771238,15.924715940292478,1.701800635351434,0.41918968377913207,380.6549612322573,3.215435092194392,0.0,2.69116835971223,0.021183868854612476,0.9041063947367628,2.6548937574733227,1.7157584396227736,0.3000326756210531,0.10704067445193806,-0.0027171239695125138,0.9041063947367628,2.6548937574733227,15.834141165326265,0.0,0.3354283698716924,277,True
stomach,excluded_at_or_below_-1,ENSG00000173614.14,NMNAT1,0.33724619897737496,25.31435376552595,1.1950816811304896,0.560576306031699,457.5734483537286,3.0967930009628932,0.004561292584806337,3.344360121080455,0.0,-0.1305802221319038,2.4226111202567515,1.1866647631006895,0.4110514569341139,-0.15994189331833183,0.12416023967295597,-0.1305802221319038,2.4226111202567515,25.220027795980478,0.11503592577441546,0.0,407,True
stomach,raw,ENSG00000173614.14,NMNAT1,0.33724619897737496,25.31435376552595,1.1950816811304896,0.560576306031699,457.5734483537286,3.0967930009628932,0.004561292584806337,3.344360121080455,0.0,-0.1305802221319038,2.4226111202567515,1.1866647631006895,0.4110514569341139,-0.15994189331833183,0.12416023967295597,-0.1305802221319038,2.4226111202567515,25.220027795980478,0.11503592577441546,0.0,407,True
testis,excluded_at_or_below_-1,ENSG00000173614.14,NMNAT1,0.6941193209742543,31.536980568434064,1.8178799544233948,0.2723890378450614,414.95574573024936,3.861793085522491,0.0004907154674835341,4.324573139782506,0.0,0.9849319839207727,2.561692721398309,1.8174139107250384,0.2209741619259132,-0.07437026178642032,0.8411204670930714,0.9849319839207727,2.561692721398309,31.53369371690031,0.015474071253771315,0.0,414,True
testis,raw,ENSG00000173614.14,NMNAT1,0.6941193209742543,31.536980568434064,1.8178799544233948,0.2723890378450614,414.95574573024936,3.861793085522491,0.0004907154674835341,4.324573139782506,0.0,0.9849319839207727,2.561692721398309,1.8174139107250384,0.2209741619259132,-0.07437026178642032,0.8411204670930714,0.9849319839207727,2.561692721398309,31.53369371690031,0.015474071253771315,0.0,414,True
thyroid,excluded_at_or_below_-1,ENSG00000173614.14,NMNAT1,0.0738132583969308,47.726225854186126,2.163119281846484,0.4853614408531847,748.0303718279424,2.9955277890663083,0.010954144671210461,4.021116273938555,0.0,0.7830626620513799,3.191191506933383,2.1351137402617573,0.3521493646222706,-0.4129373353549359,0.6343010040452541,0.7830626620513799,3.191191506933383,47.711265308786516,0.5226361026389523,0.0,684,True
thyroid,raw,ENSG00000173614.14,NMNAT1,0.0738132583969308,47.726225854186126,2.163119281846484,0.4853614408531847,748.0303718279424,2.9955277890663083,0.010954144671210461,4.021116273938555,0.0,0.7830626620513799,3.191191506933383,2.1351137402617573,0.3521493646222706,-0.4129373353549359,0.6343010040452541,0.7830626620513799,3.191191506933383,47.711265308786516,0.5226361026389523,0.0,684,True
uterus,excluded_at_or_below_-1,ENSG00000173614.14,NMNAT1,0.21490369271895787,8.67245892616481,1.714495984069749,0.47887329939743745,129.51244787238772,1.875851366621449,0.17182679337255252,3.963555928330025,0.0,0.3723782479332782,2.3496865642009688,1.6525383615227123,0.3543890954699308,-0.7942230798704092,1.041632416188956,0.3723782479332782,2.3496865642009688,8.66902164164645,1.4895701903613707,0.0,153,True
uterus,raw,ENSG00000173614.14,NMNAT1,0.21490369271895787,8.67245892616481,1.714495984069749,0.47887329939743745,129.51244787238772,1.875851366621449,0.17182679337255252,3.963555928330025,0.0,0.3723782479332782,2.3496865642009688,1.6525383615227123,0.3543890954699308,-0.7942230798704092,1.041632416188956,0.3723782479332782,2.3496865642009688,8.66902164164645,1.4895701903613707,0.0,153,True
vagina,excluded_at_or_below_-1,ENSG00000173614.14,NMNAT1,0.22061470842166778,8.351694046694524,1.6090664667173211,0.4535091129368625,187.55437221257174,2.150976043109199,0.08733595196656793,2.954961023116839,0.0,0.6614714301459081,2.2988401071440165,1.589518286763885,0.31894243214360374,-0.2868142657367146,-0.1300205596014825,0.6614714301459081,2.2988401071440165,8.245565204088809,0.7201342866015041,0.0,170,True
vagina,raw,ENSG00000173614.14,NMNAT1,0.22061470842166778,8.351694046694524,1.6090664667173211,0.4535091129368625,187.55437221257174,2.150976043109199,0.08733595196656793,2.954961023116839,0.0,0.6614714301459081,2.2988401071440165,1.589518286763885,0.31894243214360374,-0.2868142657367146,-0.1300205596014825,0.6614714301459081,2.2988401071440165,8.245565204088809,0.7201342866015041,0.0,170,True
whole_blood,excluded_at_or_below_-1,ENSG00000173614.14,NMNAT1,-78995.21797225498,79023.01090490125,1.1466470785812188,121.37785733208621,3234.98597954427,0.02612714426333899,0.0,0.02169149729028495,0.310684477310779,-0.7150713587681627,3.3890642588894924,1.1935747193183177,0.9833414111207293,0.0868530320438463,-1.275982964066558,-0.7150713587681627,3.3890642588894924,26.967024464785936,0.0,8.378235900469008,803,True
whole_blood,raw,ENSG00000173614.14,NMNAT1,-78995.21797225498,79023.01090490125,1.1466470785812188,121.37785733208621,3234.98597954427,0.02612714426333899,0.0,0.02169149729028495,0.310684477310779,-0.7150713587681627,3.3890642588894924,1.1935747193183177,0.9833414111207293,0.0868530320438463,-1.275982964066558,-0.7150713587681627,3.3890642588894924,26.967024464785936,0.0,8.378235900469008,803,True
adipose_subcutaneous,excluded_at_or_below_-1,ENSG00000259167.2,NMNAT1P1,0.5741125740525922,9.30288238726417,-0.8907943375743567,0.07105799860048695,111.59866545971538,8.094011685116056,0.0,1.6743208398383538,0.2461877831580137,-0.974921580488332,-0.4841059233943997,-0.8591181633821552,0.08605789550980034,1.9870055990503204,5.469061412919077,-0.974921580488332,-0.4841059233943997,9.30274796829185,0.0,2.2902228995914866,114,True
adipose_subcutaneous,raw,ENSG00000259167.2,NMNAT1P1,2.923076923076923,643.833360149235,-0.9932899546803626,0.0009518890693353776,630.7692307692307,756.4904209806672,0.0,9.969057740935833,0.0,-1.0,-0.4841059233943997,-0.9775062613803441,0.06197145840552697,3.6682013218088034,17.22803258267226,-1.0,-0.4841059233943997,621.211590223622,0.0,0.0,714,True
adipose_visceral_omentum,excluded_at_or_below_-1,ENSG00000259167.2,NMNAT1P1,0.23336457592590404,11.331128480947866,-0.9027986661218004,0.1601528030866194,52.38383028667938,8.276887789382494,0.0,0.5032128859410901,0.8810861459277304,-0.9597850763620888,0.0345185931460827,-0.8176944574041541,0.13789974588700143,3.0609462478008043,14.259173109691229,-0.9597850763620888,0.0345185931460827,11.330995585197778,0.0,9.983583229686039,99,True
adipose_visceral_omentum,raw,ENSG00000259167.2,NMNAT1P1,2.5263157934577247,512.7936103331544,-0.9895802310187635,0.010734525914919016,705.4736841551768,134.9192742952348,0.0,1.3727461023294039,0.3897743000666757,-1.0,0.0345185931460827,-0.9692534093407346,0.08858939076589938,4.815972538362447,35.56199752648989,-1.0,0.0345185931460827,512.7789930661489,0.0,199.86807311125295,587,True
adrenal_gland,excluded_at_or_below_-1,ENSG00000259167.2,NMNAT1P1,0.31149042840624264,4.738399667503113,-0.8856890209002375,0.06276852978636893,46.64869940840519,4.842447663381856,0.0,1.8835726905674426,0.16966004810007154,-0.9692896111351956,-0.6707615668827033,-0.8745284645865633,0.05777339725029881,1.0991296814906653,1.8895654591118047,-0.9692896111351956,-0.6707615668827033,4.738341985729817,0.0,0.8039073292135093,81,True
adrenal_gland,raw,ENSG00000259167.2,NMNAT1P1,2.076923071828027,234.55204287994414,-0.9963958155598727,0.0016052308834462387,218.76923076935884,286.8848186273071,0.0,3.175298064026333,0.006615908199791562,-1.0,-0.6707615668827033,-0.9655484936661411,0.06367635752764152,1.875112644431973,3.139203334108096,-1.0,-0.6707615668827033,229.22333576889133,0.0,1.516520546696949,295,True
artery_aorta,excluded_at_or_below_-1,ENSG00000259167.2,NMNAT1P1,0.1600701745984052,3.430615654228603,-1.0684086061204823,0.2536139555628122,24.972629920951285,3.6584406941287844,0.0,-0.8733406861406333,1.0,-0.91179054512947,-0.4123325789092664,-0.7805404330534708,0.1237704101858265,1.390478233659997,1.5284859914935431,-0.91179054512947,-0.4123325789092664,2.338616240547874,0.0,2.3386162405478714,30,True
artery_aorta,raw,ENSG00000259167.2,NMNAT1P1,0.7692301479202649,540.1379506387007,-0.9940555043015985,0.00311597623085053,58.923076938519685,264.02013034888625,0.0,2.6979623127142602,0.026274570172439858,-1.0,-0.4123325789092664,-0.9860512987110256,0.061773060558843185,5.484427103536764,34.65361667252937,-1.0,-0.4123325789092664,539.9507716663176,0.0,14.186974439809694,472,True
artery_coronary,excluded_at_or_below_-1,ENSG00000259167.2,NMNAT1P1,0.02360965536929405,1.3928037128997293,-0.9529887887521833,0.14785667151899878,13.488577853308271,4.399351751402322,0.0,-0.19325427284261804,1.0,-0.9327839665813464,-0.4930345611091462,-0.8387529915369356,0.10705363008992312,2.3604468329659105,5.469882455728911,-0.9327839665813464,-0.4930345611091462,1.3669490481697912,0.0,1.3669490481697915,15,True
artery_coronary,raw,ENSG00000259167.2,NMNAT1P1,0.3846153942085876,262.05457903761044,-0.9941685254843049,0.0026397224553109232,21.23076923490444,268.4791530106784,0.0,3.1241732751627254,0.007604704566616629,-1.0,-0.4930345611091462,-0.9909749808696047,0.04449579461039793,7.034833958054034,62.932048771901734,-1.0,-0.4930345611091462,261.7295382093343,0.0,1.9903758144389916,268,True
artery_tibial,excluded_at_or_below_-1,ENSG00000259167.2,NMNAT1P1,0.01928983664833243,2.027684198377435,-0.8641057071406193,0.1059556125355628,53.404440736252454,3.866696315691151,0.0,1.0283298923657376,0.5891199573767316,-0.9411501695423284,-0.5744053482142254,-0.841087036779294,0.07179096776065066,1.379576851380951,3.437296884212893,-0.9411501695423284,-0.5744053482142254,2.0265332727516907,0.0,1.1938711952660044,36,True
artery_tibial,raw,ENSG00000259167.2,NMNAT1P1,0.923076923076923,660.2952820607376,-0.9948338426734238,0.0015808514399619897,84.76923077148207,376.1110398119359,0.0,4.621591613171,2.3354715078767087e-05,-1.0,-0.5744053482142254,-0.9917208875890804,0.03886327173729324,5.480570706752474,34.87518879217696,-1.0,-0.5744053482142254,650.5669908188014,0.0,0.015193806710223967,691,True
bladder,excluded_at_or_below_-1,ENSG00000259167.2,NMNAT1P1,0.3173037280830778,1.6257679814804245,-0.9064856282341842,0.003805063429799968,12.0609181792044,33.979018482736905,0.0,15.300253046552202,0.0,-0.9476522772347976,-0.8150621515761024,-0.8953743655797983,0.0364139826999317,0.5083240048259122,0.03547675404824302,-0.9476522772347976,-0.8150621515761024,1.625765275286521,0.0,0.0,16,True
bladder,raw,ENSG00000259167.2,NMNAT1P1,0.4102564102564102,67.01606584364471,-0.997853411145745,0.0005201065917780472,15.435897435897438,497.0248069398924,0.0,5.83675561609131,4.00527797288134e-08,-1.0,-0.8150621515761024,-0.9782596084321656,0.04568778627544939,1.9145392214839718,2.451738926125574,-1.0,-0.8150621515761024,66.96312386129988,0.0,2.6820592499698925e-06,77,True
brain_amygdala,excluded_at_or_below_-1,ENSG00000259167.2,NMNAT1P1,,,,,,,,,,-0.9609809580648222,-0.9138480606983066,,,,,,,,,,4,False
brain_amygdala,raw,ENSG00000259167.2,NMNAT1P1,0.10256410256399386,245.43970725398566,-0.9991672413678844,0.00042662538463883633,5.589743590981524,282.8231670640573,0.0,2.760498071905116,0.022255543139820238,-1.0,-0.9138480606983066,-0.9988320414959815,0.008316179179046528,7.937972687180739,67.96233543257716,-1.0,-0.9138480606983066,244.21297537056768,0.0,5.435092408663523,181,True
brain_anterior_cingulate_cortex_ba24,excluded_at_or_below_-1,ENSG00000259167.2,NMNAT1P1,,,,,,,,,,-0.9371281159148964,-0.8044684540375384,,,,,,,,,,6,False
brain_anterior_cingulate_cortex_ba24,raw,ENSG00000259167.2,NMNAT1P1,0.15381176988506304,306.59934598578775,-0.9977369371194624,0.0003299106015831387,5.076923123031091,828.4756799027982,0.0,9.70097415118442,0.0,-1.0,-0.8044684540375384,-0.9971192919327533,0.019274720321195513,7.471368185665978,59.53503240834047,-1.0,-0.8044684540375384,305.2455225990556,0.0,0.0,233,True
brain_caudate_basal_ganglia,excluded_at_or_below_-1,ENSG00000259167.2,NMNAT1P1,0.05804938678988313,1.372195529938911,-0.966296357305189,0.13695730932248038,41.22277129737796,2.3523567356521413,0.0,-0.0018539014674723452,1.0,-0.9661168191056628,-0.7384860338481611,-0.8898594970535638,0.05692915619523048,0.7418873449977615,-0.019753046957445175,-0.9661168191056628,-0.7384860338481611,1.2859322906580153,0.0,1.2859322906580157,31,True
brain_caudate_basal_ganglia,raw,ENSG00000259167.2,NMNAT1P1,0.8247902618271993,267.4567936148161,-0.9967326635191086,0.0022998629680905662,39.05293200736298,158.79897680208845,0.0,2.009124729700488,0.13400819518833637,-1.0,-0.7384860338481611,-0.9886188146955351,0.03811737255860901,3.7691424080604152,14.72073535922949,-1.0,-0.7384860338481611,265.20981491912806,0.0,35.540288643545054,300,True
brain_cerebellar_hemisphere,excluded_at_or_below_-1,ENSG00000259167.2,NMNAT1P1,,,,,,,,,,-0.9050788971391486,-0.8053329598325655,,,,,,,,,,5,False
brain_cerebellar_hemisphere,raw,ENSG00000259167.2,NMNAT1P1,0.12820512820091842,371.4002910900356,-0.9981359510017187,0.0010192727749676073,4.358974359016926,267.5089648952724,0.0,2.586317852334507,0.03552841923444776,-1.0,-0.8053329598325655,-0.9975373179777188,0.01900671192235083,8.188696416139937,69.28273335709721,-1.0,-0.8053329598325655,368.7735525655279,0.0,13.10194137812449,277,True
brain_cerebellum,excluded_at_or_below_-1,ENSG00000259167.2,NMNAT1P1,0.09830249702502589,1.4204286986843335,-0.866785423597085,0.06974777158876894,25.969011889230583,4.213536350082576,0.0,1.6654040194409674,0.24977377490235625,-0.9489216880493004,-0.6589775091874772,-0.8565930038438735,0.06162163598006787,1.1592237378858314,2.1864772202369984,-0.9489216880493004,-0.6589775091874772,1.4202237271610714,0.0,0.3547346415389149,27,True
brain_cerebellum,raw,ENSG00000259167.2,NMNAT1P1,0.692307692300787,240.24464510231326,-0.9958884800432085,0.0016811887905362334,44.30769230859098,283.4090180582803,0.0,3.4586046002649216,0.0025406618612460003,-1.0,-0.6589775091874772,-0.9854436507661076,0.04748926991796373,3.60444730921783,13.925917213083636,-1.0,-0.6589775091874772,238.89294551356258,0.0,0.6069461955870211,266,True
brain_cortex,excluded_at_or_below_-1,ENSG00000259167.2,NMNAT1P1,0.09482410371493961,1.6359519167271541,-0.929180662025743,0.04589157964091293,20.3013628038432,5.883754699170607,0.0,1.0569757563178674,0.5720117937681872,-0.9634797865640344,-0.7382513677885344,-0.9087292592092554,0.04880301063702913,1.9568765084301452,4.389573033351275,-0.9634797865640344,-0.7382513677885344,1.6359465859795996,0.0,0.9357807411551327,24,True
brain_cortex,raw,ENSG00000259167.2,NMNAT1P1,0.6153846153846153,288.14347653985925,-0.9970945290130775,0.0009141644477181047,35.23076923076923,400.4306993616033,0.0,4.494767309146409,4.219018948403455e-05,-1.0,-0.7382513677885344,-0.991887045263045,0.029678376601537094,4.624317505136485,26.093221266373362,-1.0,-0.7382513677885344,280.14709302412706,0.0,0.01181945893808889,270,True
brain_frontal_cortex_ba9,excluded_at_or_below_-1,ENSG00000259167.2,NMNAT1P1,0.15708982590400192,179117216517.09677,-1.1988853185316648,0.047415066241018614,6.424313436533775,9.874299311630352,0.0,-7.1105764469168085,1.0,-0.9604853609774172,-0.8678246015357401,-0.9211881503808075,0.03873109446842247,0.26151968226379974,-1.6837026199355607,-0.9604853609774172,-0.8678246015357401,1.8797852950549045,0.0,1.8797852950548708,10,True
brain_frontal_cortex_ba9,raw,ENSG00000259167.2,NMNAT1P1,0.26167662217425486,258.6676739638193,-0.9983471359051826,0.0008839116142982537,9.442107628759011,208.82940705233213,0.0,2.6444983659436785,0.030755406954332168,-1.0,-0.8678246015357401,-0.9970701914639705,0.016538615962835866,6.252337361810963,40.120185512272236,-1.0,-0.8678246015357401,254.81754677777374,0.0,7.837017350254991,269,True
brain_hippocampus,excluded_at_or_below_-1,ENSG00000259167.2,NMNAT1P1,0.06904942212744043,0.7680025365875505,-0.9636669311328719,0.06276812183938428,8.716802976127905,5.772729673214968,0.0,0.14030524601546318,0.9902076919639883,-0.969894206143462,-0.7074514562464889,-0.8901586511148822,0.09501526416566343,1.2982535335837186,0.008815730233635577,-0.969894206143462,-0.7074514562464889,0.7680007919596492,0.0,0.7604802916328794,10,True
brain_hippocampus,raw,ENSG00000259167.2,NMNAT1P1,0.2562081040352278,352.32240885001175,-0.9965329312539832,0.00031442607399254183,11.435899029655163,1300.2195950076161,0.0,15.594049119519731,0.0,-1.0,-0.7074514562464889,-0.9956924961221523,0.027861503844596895,8.566346783010337,80.10700588857219,-1.0,-0.7074514562464889,344.1044727465721,0.0,0.0,255,True
brain_hypothalamus,excluded_at_or_below_-1,ENSG00000259167.2,NMNAT1P1,,,,,,,,,,-0.967569032611453,-0.8675218627617478,,,,,,,,,,11,False
brain_hypothalamus,raw,ENSG00000259167.2,NMNAT1P1,0.289520068286073,242.65583041283722,-0.9983446481028702,0.001260773198173611,21.43139628858975,146.74436097218094,0.0,1.8568138240980536,0.17966701448433153,-1.0,-0.8675218627617478,-0.9960319916768916,0.019973529625725555,5.159116409581452,25.684725316464817,-1.0,-0.8675218627617478,240.9080621365747,0.0,43.2832322892842,257,True
brain_nucleus_accumbens_basal_ganglia,excluded_at_or_below_-1,ENSG00000259167.2,NMNAT1P1,0.07279602165439106,3.6629279012059386,-0.9169048289524904,0.049287043483958695,19.23975784024472,12.678590935471338,0.0,1.4384724730947174,0.3553680827874224,-0.9670373246506136,-0.4750406866631782,-0.8903002322386228,0.09216277328268166,3.5872202863988383,13.622736486261694,-0.9670373246506136,-0.4750406866631782,3.662926603868562,0.0,1.301687204607815,27,True
brain_nucleus_accumbens_basal_ganglia,raw,ENSG00000259167.2,NMNAT1P1,0.6923079596858482,298.06355930658395,-0.9945111546146186,0.002798657219623672,60.30769231047042,262.4980922558321,0.0,2.7736156937502203,0.021500278866149303,-1.0,-0.4750406866631782,-0.9896073904226064,0.04258300284892307,7.473184816282502,76.72092704279639,-1.0,-0.4750406866631782,296.04874361216145,0.0,6.365130545634607,285,True
brain_putamen_basal_ganglia,excluded_at_or_below_-1,ENSG00000259167.2,NMNAT1P1,0.08217778027002529,493907637519.0161,-3.0008256887485527,0.3984803412432429,9.31415821306554,8.199628718199719,0.0,-7.212982907166771,1.0,-0.9684368284646498,-0.6904314621415525,-0.9082208643711615,0.07367470035559308,1.8990246315295674,2.886121754689718,-0.9684368284646498,-0.6904314621415525,2.4881868648363064,0.0,2.488186864836307,17,True
brain_putamen_basal_ganglia,raw,ENSG00000259167.2,NMNAT1P1,0.43589743589743596,321.466075798061,-0.9961937252606592,0.0001143629796987666,23.589743589743584,3781.0587001485333,0.0,47.068425225327346,0.0,-1.0,-0.6904314621415525,-0.9938573019461013,0.02951928647244661,6.885474378647377,56.500664132589776,-1.0,-0.6904314621415525,21.17643626995248,0.0,0.0,254,True
brain_spinal_cord_cervical_c-1,excluded_at_or_below_-1,ENSG00000259167.2,NMNAT1P1,,,,,,,,,,-0.943778578039916,-0.824120317677496,,,,,,,,,,12,False
brain_spinal_cord_cervical_c-1,raw,ENSG00000259167.2,NMNAT1P1,0.36957809683171544,179.74555834398544,-0.9978368748909691,0.0022674615241490064,179.15863406762273,108.34684893374661,0.0,1.3491390410469233,0.4033990202047109,-1.0,-0.824120317677496,-0.9928585105231916,0.030298482365523467,4.3504584669073365,18.08103000036971,-1.0,-0.824120317677496,179.33997253498205,0.0,72.34556920415186,204,True
brain_substantia_nigra,excluded_at_or_below_-1,ENSG00000259167.2,NMNAT1P1,-0.3974860012857826,1.7858312504273748,-1.1980386185171152,0.3124649463230347,18.59201371425786,1.5227434524836099,0.0,-1.1243111684729592,1.0,-0.949626470412846,-0.8615944181478092,-0.9138800618525172,0.025163872339250583,0.45620002776254986,-0.3935163504681225,-0.949626470412846,-0.8615944181478092,0.3889987736049437,0.0,0.3889987736049437,14,True
brain_substantia_nigra,raw,ENSG00000259167.2,NMNAT1P1,0.36842752830285,158.2315551744121,-0.9982782963499826,0.0016287373653527744,125.35629950901857,118.68100924264003,0.0,1.4949350976022286,0.32846776686623047,-1.0,-0.8615944181478092,-0.9934115894313403,0.023918516601351615,3.6437291995706604,12.435735639465726,-1.0,-0.8615944181478092,157.58430647705998,0.0,51.76136524168353,183,True
breast_mammary_tissue,excluded_at_or_below_-1,ENSG00000259167.2,NMNAT1P1,0.6355277711276824,16.859184541003096,-0.8683296484388751,0.06945709630209818,56.05274615331544,15.57889687619954,0.0,1.6965843984081992,0.23712051281317198,-0.951654988458339,-0.1031941912488672,-0.8159159157227559,0.14290106583232978,2.964161441059637,10.371112680703682,-0.951654988458339,-0.1031941912488672,16.85897319124188,0.0,3.997608368610793,119,True
breast_mammary_tissue,raw,ENSG00000259167.2,NMNAT1P1,3.0512820323000067,432.8199025993273,-0.989620563522811,0.0026373959552581532,1029.8974358974358,475.31588695118376,0.0,5.565618543763248,1.88043001063565e-07,-1.0,-0.1031941912488672,-0.9573813112276419,0.10362424746081382,4.112715150774934,23.523654300127596,-1.0,-0.1031941912488672,432.18856930121996,0.0,8.127003559676993e-05,514,True
cells_cultured_fibroblasts,excluded_at_or_below_-1,ENSG00000259167.2,NMNAT1P1,0.563800175801382,4.386667528500663,-0.8785972493633335,0.0007465112584386384,21.59220063852593,221.00449607512434,0.0,139.81982019780756,0.0,-0.9524029833115896,-0.7619371148014837,-0.8631071030452685,0.055720004747277396,0.07580318390544101,-0.7718634262303183,-0.9524029833115896,-0.7619371148014837,4.376488060311679,0.0,0.0,27,True
cells_cultured_fibroblasts,raw,ENSG00000259167.2,NMNAT1P1,0.6923076923076923,676.568389856421,-0.9972946702789838,0.0009538841626472379,40.30769230769231,348.9373867362872,0.0,4.010879027003204,0.00032324222678526733,-1.0,-0.7619371148014837,-0.9943311223653715,0.029479375704221024,5.581156331781289,31.753290370909923,-1.0,-0.7619371148014837,672.207343089605,0.0,0.21728579844169205,652,True
cells_ebv-transformed_lymphocytes,excluded_at_or_below_-1,ENSG00000259167.2,NMNAT1P1,0.23719413359171534,2.3698045843012987,-0.9059498832490277,0.01157655213073706,13.997180719087261,14.681921275563816,0.0,5.957752435444338,1.9606559984927198e-08,-0.954719201749419,-0.7857657529676481,-0.8988312140821144,0.03929043438054231,1.3152022034764321,2.1663005456449342,-0.954719201749419,-0.7857657529676481,2.369791770115284,0.0,4.646346449255212e-08,21,True
cells_ebv-transformed_lymphocytes,raw,ENSG00000259167.2,NMNAT1P1,0.5384551442123543,329.44050082212766,-0.997324608469552,9.227087169765758e-06,33.692307693902265,32425.119345493047,,410.05085542220894,,-1.0,-0.7857657529676481,-0.9935029220052733,0.02667740832412169,4.540641377765821,22.344108452230454,-1.0,-0.7857657529676481,0.0,0.0,0.0,327,True
cervix_ectocervix,excluded_at_or_below_-1,ENSG00000259167.2,NMNAT1P1,,,,,,,,,,-0.9159017097863312,-0.4142125136388612,,,,,,,,,,6,False
cervix_ectocervix,raw,ENSG00000259167.2,NMNAT1P1,0.15384615384615394,21.69271550269592,-0.9939572627286327,0.0028963421812552717,5.076923077018967,283.0752844686347,0.0,2.9505218887228817,0.012917974788601232,-1.0,-0.4142125136388612,-0.9456714336808484,0.1293949139756641,3.1425500308299776,10.06269000695899,-1.0,-0.4142125136388612,21.613591397561112,0.0,0.27920382876482414,24,True
cervix_endocervix,excluded_at_or_below_-1,ENSG00000259167.2,NMNAT1P1,,,,,,,,,,-0.9291751813408424,-0.6532836034695624,,,,,,,,,,7,False
cervix_endocervix,raw,ENSG00000259167.2,NMNAT1P1,0.17948717948717224,17.212817743870904,-0.9961386484832399,0.001627279662424996,5.743589743589867,297.96369104977316,0.0,3.3557696382406452,0.0036358913228217824,-1.0,-0.6532836034695624,-0.9364168557183773,0.11107839253897214,1.453101736876749,0.6255731245482772,-1.0,-0.6532836034695624,16.97871301442467,0.0,0.06173275532182684,23,True
colon_sigmoid,excluded_at_or_below_-1,ENSG00000259167.2,NMNAT1P1,0.33141915008861605,2.668570389979672,-0.8879600340934423,0.06690121888393662,35.21749831951388,4.93905007689376,0.0,1.5508502068122654,0.30041849514671576,-0.961325027827517,-0.6543118220663111,-0.8636156003880953,0.06445484075838748,1.0128273317178433,0.928264694786169,-0.961325027827517,-0.6543118220663111,2.668553891104164,0.0,0.8016829441834257,52,True
colon_sigmoid,raw,ENSG00000259167.2,NMNAT1P1,1.3684241098451941,359.76932391263136,-0.9956808255783592,0.003377191676732386,124.75229482822259,142.94974071700656,0.0,1.8086728945303843,0.19616410477749058,-1.0,-0.6543118220663111,-0.9830740124586657,0.05033555986695619,3.3147313903144107,11.455808024422076,-1.0,-0.6543118220663111,357.315069524321,0.0,70.09239073674522,419,True
colon_transverse,excluded_at_or_below_-1,ENSG00000259167.2,NMNAT1P1,0.3487710587584713,6.015569214335557,-0.9242767158363007,0.057632331468543664,74.49732211105646,11.48540505743893,0.0,1.1877537761580477,0.49392323809257177,-0.97268030999763,-0.4562210494699935,-0.8767891091880015,0.09766067332924178,2.3608088934438958,6.055406419077295,-0.97268030999763,-0.4562210494699935,6.015543022339408,0.0,2.971216488479056,56,True
colon_transverse,raw,ENSG00000259167.2,NMNAT1P1,1.4358974423312358,556.9734965140316,-0.9943759084946343,0.002222816027181385,219.5897435897436,342.3881648247284,0.0,3.5781937801668526,0.0016692537981413784,-1.0,-0.4562210494699935,-0.9855953864603927,0.05165282842014991,5.500512768753989,38.75903095074888,-1.0,-0.4562210494699935,553.4441655951441,0.0,0.9238387754788873,479,True
esophagus_gastroesophageal_junction,excluded_at_or_below_-1,ENSG00000259167.2,NMNAT1P1,0.36016889060272533,4.155399819644689,-0.897148164071631,0.06161642684974822,52.52540595284213,7.738229007867142,0.0,1.0700332878179675,0.5641248177708201,-0.9437688651876605,-0.5599982213078545,-0.853868449778525,0.08114117368127154,1.4919265250984268,1.9331913660508677,-0.9437688651876605,-0.5599982213078545,4.155375408177614,0.0,2.3441503949075444,55,True
esophagus_gastroesophageal_junction,raw,ENSG00000259167.2,NMNAT1P1,1.4102564180368824,357.6261421866508,-0.9941680863837623,0.0018745732649227812,157.4358974359061,327.54596635588865,0.0,4.399706047771683,6.263781877388583e-05,-1.0,-0.5599982213078545,-0.9800564881831735,0.05837204860630047,3.5688579754559697,14.362545162969678,-1.0,-0.5599982213078545,357.42402436225194,0.0,0.022388261263435627,403,True
esophagus_mucosa,excluded_at_or_below_-1,ENSG00000259167.2,NMNAT1P1,-0.011630447651801436,2.7027028685751495,-0.9100255524351939,0.11356291391090423,35.73164676313674,2.8729328782262145,0.0,0.5989516816390057,0.833104305181706,-0.958122035221446,-0.6793258633625353,-0.8732852856533633,0.05798594597771908,0.8384691636124095,0.731256416050754,-0.958122035221446,-0.6793258633625353,2.6590942950665357,0.0,2.215302905104045,56,True
esophagus_mucosa,raw,ENSG00000259167.2,NMNAT1P1,1.4358974306439598,592.2648270686981,-0.9956167571686446,0.0015032198589429798,77.58974359989234,297.56317348696984,0.0,4.123709131701201,0.00020387098600846258,-1.0,-0.6793258633625353,-0.9884429576491667,0.0404318440644773,3.889431166221575,15.927627237921879,-1.0,-0.6793258633625353,589.6260734398736,0.0,0.12020764896848513,614,True
esophagus_muscularis,excluded_at_or_below_-1,ENSG00000259167.2,NMNAT1P1,0.7294755682878652,3.2309821947888953,-0.8812606482327017,0.04984238107811397,51.221851354119586,6.422595224843614,0.0,2.576727753341288,0.03616238757541334,-0.9720745465247522,-0.6549034365468207,-0.8522931850296512,0.07441909142467741,0.8857061688399995,0.1623907722272473,-0.9720745465247522,-0.6549034365468207,3.2308940858904434,0.0,0.11683684414908102,65,True
esophagus_muscularis,raw,ENSG00000259167.2,NMNAT1P1,1.7105267865522997,476.16586870882827,-0.9956944752611782,0.0036496720596033328,436.4351921055329,132.05331904188674,0.0,1.6683503008860916,0.25004499936440283,-1.0,-0.6549034365468207,-0.982886019655842,0.05359003160104121,3.5341799168830503,12.928683512584692,-1.0,-0.6549034365468207,473.5153232791938,0.0,118.40013870838098,561,True
fallopian_tube,excluded_at_or_below_-1,ENSG00000259167.2,NMNAT1P1,0.052692335652416024,0.9192538192935438,-0.9322968061415948,0.15279776771798292,8.230643031928762,4.9145279249576275,0.0,0.0942924340383309,0.9955669679162144,-0.9424845697277222,-0.401309891363933,-0.8120893203327352,0.1464277848493717,1.9572627920240968,3.295583294748215,-0.9424845697277222,-0.401309891363933,0.9192461318600631,0.0,0.9151710842646316,12,True
fallopian_tube,raw,ENSG00000259167.2,NMNAT1P1,0.3076923076924055,20.102755515161228,-0.993642696227005,0.002612237755522403,10.307692307692307,320.67719881352434,0.0,3.441717813353202,0.002729395002013585,-1.0,-0.401309891363933,-0.9222438566894076,0.13150809636637398,2.408418320687474,6.554661875472059,-1.0,-0.401309891363933,19.723709656295554,0.0,0.053833794557060166,29,True
heart_atrial_appendage,excluded_at_or_below_-1,ENSG00000259167.2,NMNAT1P1,0.4848960117970657,3.1372248308811725,-0.9424270457729098,0.02167038192326675,34.76845265287032,12.206675792988484,0.0,1.660289472603434,0.2520168615903581,-0.9678681162956118,-0.7553808078598205,-0.9106806757754173,0.05036860967633153,1.420386652705723,1.3622259365757934,-0.9678681162956118,-0.7553808078598205,3.137158059580529,0.0,0.7906167284883825,41,True
heart_atrial_appendage,raw,ENSG00000259167.2,NMNAT1P1,1.051282055871463,456.7848669370697,-0.9970492374521833,0.0003638096113401243,85.89743589743591,939.4220495384512,0.0,11.470308327187205,0.0,-1.0,-0.7553808078598205,-0.9920561989301347,0.029469385360791998,4.577293923116812,23.75334759586158,-1.0,-0.7553808078598205,428.4246513949483,0.0,0.0,461,True
heart_left_ventricle,excluded_at_or_below_-1,ENSG00000259167.2,NMNAT1P1,0.46751901114229283,1.7359071852859476,-0.9406499241829911,0.0054737743831579765,10.960515506914808,32.31621643504807,0.0,8.167910816156144,3.261937971767807e-15,-0.972264174094702,-0.81556861935805,-0.9080708940385173,0.043651499276076595,0.5849053602053491,-0.5900192828743731,-0.972264174094702,-0.81556861935805,1.7358200783075295,0.0,5.662137425588298e-15,23,True
heart_left_ventricle,raw,ENSG00000259167.2,NMNAT1P1,0.5897435897435898,438.66807394423614,-0.9976672941830262,0.00017756396939016698,17.435897435897434,1450.3303598816178,0.0,18.578905476838415,0.0,-1.0,-0.81556861935805,-0.9953221915108095,0.0224053293511322,5.378498654868676,30.486140110801898,-1.0,-0.81556861935805,255.62831590503504,0.0,0.0,452,True
kidney_cortex,excluded_at_or_below_-1,ENSG00000259167.2,NMNAT1P1,,,,,,,,,,-0.912401382076379,-0.863385975167194,,,,,,,,,,4,False
kidney_cortex,raw,ENSG00000259167.2,NMNAT1P1,0.10256410256458194,100.10727912944961,-0.9983195748717812,0.0005948766434440604,3.5897435897436507,320.7806674292364,0.0,3.994912278150697,0.0003492389137053185,-1.0,-0.863385975167194,-0.9958308938267637,0.021318249579853586,5.072201345452905,24.641528731274878,-1.0,-0.863385975167194,98.13407448683145,0.0,0.03427223757125769,104,True
kidney_medulla,excluded_at_or_below_-1,ENSG00000259167.2,NMNAT1P1,,,,,,,,,,-0.8822105536467351,-0.8822105536467351,,,,,,,,,,1,False
kidney_medulla,raw,ENSG00000259167.2,NMNAT1P1,0.025641007658831674,13.527623072938887,-0.9989113608405128,0.0006951453806664092,0.9743589747299263,237.41776736703733,0.0,2.2147428533601787,0.08756950422028838,-1.0,-0.8822105536467351,-0.9892918685133396,0.03551485434704326,2.8460498941515477,6.100000000000023,-1.0,-0.8822105536467351,13.296665137003519,0.0,1.1643823738305907,11,True
liver,excluded_at_or_below_-1,ENSG00000259167.2,NMNAT1P1,0.7114614387993656,14.60230860209792,-0.8964177824806973,0.0628086208872584,160.1739050322298,13.73547931309994,0.0,1.647064277624472,0.25758534658445953,-0.969567862880626,-0.2863921570485485,-0.8559496610334748,0.0978488110009131,3.2061310431555357,15.093265084284877,-0.969567862880626,-0.2863921570485485,14.602218118204913,0.0,3.761317414879687,119,True
liver,raw,ENSG00000259167.2,NMNAT1P1,3.051282051219952,172.4033601877778,-0.9928805220270562,0.003942809095285617,859.8974359092596,253.4044644986856,0.0,2.5536266309196667,0.03837104326396484,-1.0,-0.2863921570485485,-0.9345725559655857,0.09742923364230312,2.6448329856650075,12.115837170568547,-1.0,-0.2863921570485485,172.394343804981,0.0,6.6149508246037545,262,True
lung,excluded_at_or_below_-1,ENSG00000259167.2,NMNAT1P1,0.08221739653592479,4.722904566439364,-0.8863903329101254,0.09498667047929993,39.10722694412007,6.423683168929463,0.0,0.8932183042763373,0.6710455024769866,-0.9463839823784594,-0.4549390354083159,-0.8527284094272112,0.07977972470730567,2.529990468694414,9.629968736756513,-0.9463839823784594,-0.4549390354083159,4.722899183267379,0.0,3.169280255583808,56,True
lung,raw,ENSG00000259167.2,NMNAT1P1,1.4358974358974044,553.5119816810516,-0.9934556334299974,0.002392493368901606,195.5897435897619,318.3195767162868,0.0,3.8684044356151266,0.0005659843382358214,-1.0,-0.4549390354083159,-0.9863456803442447,0.049071542434707814,4.81137166237227,31.500577654153354,-1.0,-0.4549390354083159,550.5683516992817,0.0,0.3116130641901049,604,True
minor_salivary_gland,excluded_at_or_below_-1,ENSG00000259167.2,NMNAT1P1,0.3398511545405395,6.454497365436014,-0.8972687476597581,0.11464386276382836,74.04547086574698,8.650544835021428,0.0,0.8286675743296432,0.7094052325547637,-0.9644450597783226,-0.1960084138001511,-0.8243492621591074,0.14225115498511504,2.341009716560828,6.538553733580176,-0.9644450597783226,-0.1960084138001511,6.4543901330401034,0.0,4.578778133328487,68,True
minor_salivary_gland,raw,ENSG00000259167.2,NMNAT1P1,1.7435897577374562,120.19705407070876,-0.9910393611513926,0.00391790882883406,287.4358974359329,286.9754242303418,0.0,3.2344440722984413,0.005415493427535899,-1.0,-0.1960084138001511,-0.9340096675514878,0.12169137921254267,2.941061914011894,11.3727388424352,-1.0,-0.1960084138001511,118.72496090597387,0.0,0.6429542454707577,181,True
muscle_skeletal,excluded_at_or_below_-1,ENSG00000259167.2,NMNAT1P1,0.39270963726467445,2.2204147942511554,-0.9221687867903002,0.03198939270098651,27.896649862354952,5.028492057761148,0.0,2.2262965912418338,0.08389149256083266,-0.9725274297993496,-0.808424716298155,-0.9113661795400961,0.03671221117012524,0.8692345577315568,0.5957282396230932,-0.9725274297993496,-0.808424716298155,2.22040215229682,0.0,0.18627285064146548,46,True
muscle_skeletal,raw,ENSG00000259167.2,NMNAT1P1,1.1794871790428347,868.8992275162225,-0.9979511376853972,0.00099927281484492,67.74358975125064,268.22588543597334,0.0,2.899637446052314,0.015191075517133406,-1.0,-0.808424716298155,-0.9950157020279271,0.022173857407750724,4.938678265223251,26.031989440974968,-1.0,-0.808424716298155,854.3369372871548,0.0,12.978296931405627,818,True
nerve_tibial,excluded_at_or_below_-1,ENSG00000259167.2,NMNAT1P1,0.1604573132297096,9.73381713396918,-0.8828928054079236,0.15951624152045982,132.4675783527226,6.084027536379532,0.0,0.617799218433677,0.8262689414362204,-0.952577478190618,-0.1966448215590671,-0.8153471645169227,0.12140956335060502,2.3778570904627494,8.013783847794949,-0.952577478190618,-0.1966448215590671,9.733788081039972,0.0,8.042726773885397,113,True
nerve_tibial,raw,ENSG00000259167.2,NMNAT1P1,2.8974358761220502,575.0850309367105,-0.9892871826969274,0.003479841655178613,691.5897436081461,322.1312025977969,0.0,4.353707157532395,7.656575733845365e-05,-1.0,-0.1966448215590671,-0.9688570590901675,0.08517996255479626,3.9373581719585364,21.27626000225272,-1.0,-0.1966448215590671,575.07215292982,0.0,0.04403083491332671,670,True
ovary,excluded_at_or_below_-1,ENSG00000259167.2,NMNAT1P1,0.4382177614490228,2.4262521211089156,-0.8691959835195021,0.0870815010635347,43.25219880527817,4.238973344318726,0.0,1.1343348184416953,0.5254697255613056,-0.9390436934599864,-0.6081773003354969,-0.8298866992054288,0.07978971277950722,0.9547872781514294,0.3390498953666108,-0.9390436934599864,-0.6081773003354969,2.4259280443920455,0.0,1.274751743718163,57,True
ovary,raw,ENSG00000259167.2,NMNAT1P1,1.4615387159755844,135.3971721896889,-0.9949415833951522,0.0020138328646429195,85.6923077376886,271.60510891823986,0.0,3.5522716369898997,0.0018330037332688067,-1.0,-0.6081773003354969,-0.9497592842212924,0.08894221574047785,1.7520184831841628,2.331538315706789,-1.0,-0.6081773003354969,134.38312435150593,0.0,0.2463247686246366,193,True
pancreas,excluded_at_or_below_-1,ENSG00000259167.2,NMNAT1P1,0.01566281928036664,2.4627290249562006,-0.91996429172521,0.06294588945312526,22.855263491524827,3.726349923629648,0.0,1.2995579014556968,0.4292533991620863,-0.9778069190195626,-0.7541064491778248,-0.9103867456571546,0.042372071596348336,1.1031605387195447,2.373288004269421,-0.9778069190195626,-0.7541064491778248,2.460350049796334,0.0,1.0561136220036849,45,True
pancreas,raw,ENSG00000259167.2,NMNAT1P1,1.175239850227156,314.98526971085124,-0.9969248117788987,0.0016089285100140322,63.80032948872892,213.43211923112221,0.0,2.703024318397756,0.026319015489461084,-1.0,-0.7541064491778248,-0.9888602308137346,0.03309723629417858,3.3325299651293347,12.096445027838561,-1.0,-0.7541064491778248,310.0765556264632,0.0,8.160909670451762,362,True
pituitary,excluded_at_or_below_-1,ENSG00000259167.2,NMNAT1P1,0.3876075145723223,8.299535716754018,-0.8818075990994464,0.06087788598386824,67.77839004977808,11.917082937714785,0.0,1.9672729965308284,0.14441312876489187,-0.9664931263553014,-0.3688109516022237,-0.8511189747725687,0.0993440502924004,2.3591411381731895,7.343321598709208,-0.9664931263553014,-0.3688109516022237,8.299499329944393,0.0,1.1985566654193933,74,True
pituitary,raw,ENSG00000259167.2,NMNAT1P1,1.8974358755178693,246.62416272386014,-0.99171713109961,0.0019806193344165807,347.5897435897436,444.77116416249737,0.0,5.914183170256068,2.553361091811278e-08,-1.0,-0.3688109516022237,-0.964801291160288,0.07952009281280968,3.2668966366101206,14.482108355967476,-1.0,-0.3688109516022237,245.2687286779197,0.0,6.262596288442168e-06,313,True
prostate,excluded_at_or_below_-1,ENSG00000259167.2,NMNAT1P1,0.28977443757571303,2.7000454558670994,-0.8730674152182859,0.05502221470038982,55.51527616994209,4.89068954704483,0.0,1.9971767305033228,0.13609645168995782,-0.9507707337156556,-0.6827874055718642,-0.8647432008822571,0.05195458579592676,0.8797279184052145,1.567131124578406,-0.9507707337156556,-0.6827874055718642,2.7000103000220266,0.0,0.36746182135933625,50,True
prostate,raw,ENSG00000259167.2,NMNAT1P1,1.9553555596996828,212.33202484989926,-0.9960452025007989,0.0035850928776870556,449.9956820297054,123.5709757181602,0.0,1.560051148080158,0.29757110763557987,-1.0,-0.6827874055718642,-0.9760182980287689,0.05611377433659244,2.3370860381693355,4.863648414968114,-1.0,-0.6827874055718642,211.31997996001022,0.0,62.88272050222852,282,True
skin_not_sun_exposed_suprapubic,excluded_at_or_below_-1,ENSG00000259167.2,NMNAT1P1,0.47161161856198114,13.577833402048986,-0.8689630383261642,0.10076367897506842,238.9025773980886,9.043622403408522,0.0,1.1627121144796113,0.5086772875861283,-0.9518070679416416,-0.2245987860843349,-0.831014795342787,0.09700741232006226,2.292736275091535,10.181954638553144,-0.9518070679416416,-0.2245987860843349,13.577721324621084,0.0,6.906678455008587,136,True
skin_not_sun_exposed_suprapubic,raw,ENSG00000259167.2,NMNAT1P1,3.4871795014401017,580.3406809635987,-0.9912591424587552,0.0026784137296490353,1151.7435897435898,404.7998491482367,0.0,4.615209048834822,2.4040986306575146e-05,-1.0,-0.2245987860843349,-0.9646974073219954,0.08173786711301725,3.082296600184764,13.825465971532324,-1.0,-0.2245987860843349,572.0854974400878,0.0,0.01375349961014738,651,True
skin_sun_exposed_lower_leg,excluded_at_or_below_-1,ENSG00000259167.2,NMNAT1P1,0.7153472365570548,10.492962634602357,-0.878571927360653,0.0834183434672745,209.75973754729046,6.254229816846154,0.0,1.3979356280834723,0.37640219226922833,-0.9610301058644188,-0.5096619516215692,-0.8477465217439664,0.08280984553817962,1.4129868466001279,2.3386185533870973,-0.9610301058644188,-0.5096619516215692,10.492805538560857,0.0,3.9495150077690075,155,True
skin_sun_exposed_lower_leg,raw,ENSG00000259167.2,NMNAT1P1,4.07293086929801,574.4797182166027,-0.9938868791044277,0.005277789047577136,1339.2291172171515,129.75082056372744,0.0,1.638045477189662,0.2628080299130248,-1.0,-0.5096619516215692,-0.9687012080508154,0.0720640031442328,2.7068093844496786,8.067144493823744,-1.0,-0.5096619516215692,571.4629994351959,0.0,150.1850650497514,754,True
small_intestine_terminal_ileum,excluded_at_or_below_-1,ENSG00000259167.2,NMNAT1P1,0.40542829072148967,5.170075727887155,-0.876115569499543,0.007451047892214889,19.001073515684592,51.95935537076141,0.0,14.62250282115099,0.0,-0.9531569525857124,-0.6023580157489599,-0.8590581642530589,0.09656966256256867,1.4683793611386942,1.0791366104976836,-0.9531569525857124,-0.6023580157489599,5.163627471616362,0.0,0.0,24,True
small_intestine_terminal_ileum,raw,ENSG00000259167.2,NMNAT1P1,0.628661832170089,181.60154752104404,-0.9950303625871804,0.003358054868726247,39.86667731174986,165.37030518447853,0.0,2.0929165555749925,0.11293835979449075,-1.0,-0.6023580157489599,-0.9836589175945576,0.05556270434911588,4.413567568079481,21.790395224996836,-1.0,-0.6023580157489599,179.93186133245075,0.0,20.321209293656736,207,True
spleen,excluded_at_or_below_-1,ENSG00000259167.2,NMNAT1P1,0.13141400249749738,2.7719289799665043,-0.8849268851120532,0.07084842785686594,29.808110377845594,6.646207271011153,0.0,1.3837568499173636,0.38389466462822225,-0.9542495107473958,-0.5519691558905407,-0.8573117378630417,0.0835777697105949,1.9110891123415537,4.030557109515805,-0.9542495107473958,-0.5519691558905407,2.771916684756802,0.0,1.0641240260720861,37,True
spleen,raw,ENSG00000259167.2,NMNAT1P1,0.9736842100614689,252.7426611593145,-0.9937725461355931,0.0026546306866030733,77.92180853461686,235.36394329355105,0.0,3.3175800153831125,0.004108330729844531,-1.0,-0.5519691558905407,-0.9809405570430777,0.05723593680540619,3.8937023341793773,18.463082121044742,-1.0,-0.5519691558905407,250.62097139773653,0.0,1.0296338383368155,277,True
stomach,excluded_at_or_below_-1,ENSG00000259167.2,NMNAT1P1,0.2625179255843255,1.9708489794917712,-0.9131215577216918,0.0876347526928156,31.832763090962075,3.516570374191218,0.0,0.6967497866767044,0.7840375158821822,-0.9562971408646828,-0.6952097915864526,-0.8733372541062703,0.0605725917427707,0.979013663664683,0.5935399614377763,-0.9562971408646828,-0.6952097915864526,1.9667810945716908,0.0,1.5420301636720277,46,True
stomach,raw,ENSG00000259167.2,NMNAT1P1,1.321600557246794,353.5060477599256,-0.9962202243902938,0.003424191248885247,113.09581393234251,124.3192933880585,0.0,1.56107224785235,0.29688161528070933,-1.0,-0.6952097915864526,-0.9856843088179077,0.044932772046634414,3.520425050715356,12.948460498308217,-1.0,-0.6952097915864526,352.07672947453216,0.0,104.52510814914842,407,True
testis,excluded_at_or_below_-1,ENSG00000259167.2,NMNAT1P1,0.04437321130067323,2.720636158347336,-0.8852672014433739,0.08493564484233783,30.627210526326458,5.305649716842498,0.0,1.2499594358468658,0.45785738438581086,-0.9603379782589124,-0.566617464234378,-0.8671573039823781,0.07134551463541668,2.003442421215167,6.30470653550532,-0.9603379782589124,-0.566617464234378,2.7206267736812872,0.0,1.2456590584877216,39,True
testis,raw,ENSG00000259167.2,NMNAT1P1,1.0000000000296403,462.9099309962733,-0.9956075553928527,0.002219131510677497,90.00000000131378,273.3878556186902,0.0,2.7992278535596475,0.019894695695686134,-1.0,-0.566617464234378,-0.9874858329838472,0.04447250191675067,4.529086238493638,26.194466680594374,-1.0,-0.566617464234378,462.6618049647052,0.0,9.20451581978972,414,True
thyroid,excluded_at_or_below_-1,ENSG00000259167.2,NMNAT1P1,0.8238246869359155,40.53403885801263,0.5229623109436613,1.2251545857802861,952.057973674097,4.287756042045466,0.0,1.6896384639454864,0.23984639591393583,-0.9407970302833674,4.237510182203046,0.6931826127835355,0.8418045770165296,0.6014411542713095,0.32346072073164844,-0.9407970302833674,4.237510182203046,40.52970530756792,0.0,9.720903745474082,682,True
thyroid,raw,ENSG00000259167.2,NMNAT1P1,0.8976060375714972,41.304640428677345,0.5309667015482887,1.2020400133112359,767.7176298958836,4.360789991863858,0.0,1.8011995015931255,0.1974122419045593,-1.0,4.237510182203046,0.6882317864303673,0.8455354871172159,0.5858231411939675,0.31629382143274176,-1.0,4.237510182203046,41.30155536294108,0.0,8.153432638343475,684,True
uterus,excluded_at_or_below_-1,ENSG00000259167.2,NMNAT1P1,0.3082943177375532,4.340804121456695,-0.8369818050109332,0.04995603222435,24.255804141931748,14.130672510182112,0.0,3.5091597090658393,0.002118409644175579,-0.9609402368706296,-0.3378264086464329,-0.8036366581995474,0.10683810567035822,2.3785481556783883,8.043377382132713,-0.9609402368706296,-0.3378264086464329,4.340755104466503,0.0,0.009195497476306214,37,True
uterus,raw,ENSG00000259167.2,NMNAT1P1,0.9859405384813654,114.00589935058332,-0.9917276989159884,0.005876195094951664,83.04964146144894,157.37327610973037,0.0,1.9908801862439116,0.13896373718347851,-1.0,-0.3378264086464329,-0.9525134402181912,0.09909370829788515,2.687543995388729,9.715678049346971,-1.0,-0.3378264086464329,113.0681236492258,0.0,15.712369018620063,153,True
vagina,excluded_at_or_below_-1,ENSG00000259167.2,NMNAT1P1,0.3653904449138625,0.39356794316995514,-0.940563382736825,0.17360962622719533,13.183071568199196,3.844682276383481,0.0,0.09407980358967813,0.9955835839341197,-0.95211267060345,-0.4685880950403781,-0.7443536488717148,0.15109246484163485,0.41251134255193017,-1.0548138942139393,-0.95211267060345,-0.4685880950403781,0.3933243435300034,0.0,0.39158725958013557,20,True
vagina,raw,ENSG00000259167.2,NMNAT1P1,0.526929795102207,137.05234117746372,-0.9933675441529537,0.005914998807919736,169.72734808457125,125.4692077361035,0.0,1.5857499410101503,0.28587397180204943,-1.0,-0.4685880950403781,-0.96992395869079,0.09690702731185126,3.5562894929401003,12.279977855692216,-1.0,-0.4685880950403781,136.35553340959927,0.0,38.98049791298909,170,True
whole_blood,excluded_at_or_below_-1,ENSG00000259167.2,NMNAT1P1,0.295867661361975,2.6978594653714136,-0.89104726502156,0.004134187599344828,9.718815019636404,54.4666172398743,0.0,10.548837890857047,0.0,-0.921884810323204,-0.7318243445501296,-0.8529528088175963,0.055499629360315474,0.8479191719024114,-0.5160396886693248,-0.921884810323204,-0.7318243445501296,2.697294919707576,0.0,0.0,16,True
whole_blood,raw,ENSG00000259167.2,NMNAT1P1,0.4103867938403183,863.9427301305744,-0.9970690936787903,0.0013755598300181594,17.435898100465344,272.6982232107266,0.0,3.0132658565968353,0.010909735257877792,-1.0,-0.7318243445501296,-0.9970700435131775,0.021917883641211076,8.289202719650598,73.84456395232178,-1.0,-0.7318243445501296,845.3245751490355,0.0,9.222267321853762,803,True
adipose_subcutaneous,excluded_at_or_below_-1,ENSG00000225719.2,NMNAT1P2,,,,,,,,,,-0.938855616558226,-0.8300390919279508,,,,,,,,,,5,False
adipose_subcutaneous,raw,ENSG00000225719.2,NMNAT1P2,0.13157894665728737,754.7436466379584,-0.9980908258644176,0.0008599175848343996,4.359418282755094,276.37653364076084,0.0,3.1398124693459954,0.007290447565405905,-1.0,-0.8300390919279508,-0.9992142842637284,0.01000947037500769,13.82549002757865,199.76004265508922,-1.0,-0.8300390919279508,748.7141884207718,0.0,5.458461532157063,714,True
adipose_visceral_omentum,excluded_at_or_below_-1,ENSG00000225719.2,NMNAT1P2,,,,,,,,,,-0.9288689053826724,-0.7549023349481075,,,,,,,,,,7,False
adipose_visceral_omentum,raw,ENSG00000225719.2,NMNAT1P2,-0.4159267321129202,535.688007385427,-0.9969880841145408,0.0032279928971078405,2213.4407054473077,106.06000714411842,0.0,1.3195482238389746,0.41957582642994357,-1.0,-0.7549023349481075,-0.9983479904134205,0.016644762117369417,11.435193827259425,139.5026838468998,-1.0,-0.7549023349481075,534.5681225967206,0.0,224.29186182162246,587,True
adrenal_gland,excluded_at_or_below_-1,ENSG00000225719.2,NMNAT1P2,,,,,,,,,,-0.9637949068101952,-0.8503725275466777,,,,,,,,,,9,False
adrenal_gland,raw,ENSG00000225719.2,NMNAT1P2,0.23076923009882686,376.43419659879396,-0.9985247695454819,0.0007526856503373326,8.923076970473979,278.3617700653509,0.0,2.7717957894777117,0.021483981693364795,-1.0,-0.8503725275466777,-0.9975619775309025,0.014837173320520902,6.792548300672562,49.87404740606824,-1.0,-0.8503725275466777,376.0661147736614,0.0,8.079397525292093,295,True
artery_aorta,excluded_at_or_below_-1,ENSG00000225719.2,NMNAT1P2,,,,,,,,,,-0.9147643614171606,-0.798868033092113,,,,,,,,,,6,False
artery_aorta,raw,ENSG00000225719.2,NMNAT1P2,0.15384615384616598,513.002177965727,-0.9977505280773922,0.0008523586692132938,7.076923109121904,329.98118267088097,0.0,3.732271185868292,0.0009577849902202603,-1.0,-0.798868033092113,-0.9981853959071721,0.016478800460315562,9.425597656892117,90.86463857398464,-1.0,-0.798868033092113,505.851541278969,0.0,0.4844970135167795,472,True
artery_coronary,excluded_at_or_below_-1,ENSG00000225719.2,NMNAT1P2,,,,,,,,,,-0.9375439090293756,-0.8003973772944212,,,,,,,,,,3,False
artery_coronary,raw,ENSG00000225719.2,NMNAT1P2,-0.18330910908548864,249.1810885666179,-0.997651349299444,0.0029064861615648225,398.3757862177539,95.97817671744127,0.0,1.1427866810193748,0.5205079354762757,-1.0,-0.8003973772944212,-0.9986614724542674,0.014036636293066508,12.058360866580902,155.98471589359147,-1.0,-0.8003973772944212,249.1734752074074,0.0,129.6967711556566,268,True
artery_tibial,excluded_at_or_below_-1,ENSG00000225719.2,NMNAT1P2,,,,,,,,,,-0.9282853755783304,-0.9023608890758584,,,,,,,,,,2,False
artery_tibial,raw,ENSG00000225719.2,NMNAT1P2,2.3977297271548608,636.395376178784,-0.9987958717978397,0.0012388737156948959,2963.1167513891496,110.08358537669383,0.0,1.3745504588223256,0.3898083837626844,-1.0,-0.9023608890758584,-0.9997549149994995,0.004605428000643384,19.136872901839663,371.46318626156193,-1.0,-0.9023608890758584,634.7463899467223,0.0,247.42946436432808,691,True
bladder,excluded_at_or_below_-1,ENSG00000225719.2,NMNAT1P2,,,,,,,,,,-0.9362720424274328,-0.9362720424274328,,,,,,,,,,1,False
bladder,raw,ENSG00000225719.2,NMNAT1P2,0.025641025036487543,88.4185954748529,-0.9993472529221515,0.0003693546830065734,0.9743589755487885,241.5072076657047,0.0,2.499288117260164,0.0440821734852216,-1.0,-0.9362720424274328,-0.9991723641873692,0.007262474781565112,8.60309002014604,72.01315789473654,-1.0,-0.9362720424274328,88.28423606354437,0.0,3.8917610101635085,77,True
brain_amygdala,excluded_at_or_below_-1,ENSG00000225719.2,NMNAT1P2,,,,,,,,,,,,,,,,,,,,,0,False
brain_amygdala,raw,ENSG00000225719.2,NMNAT1P2,0.0,181.0,-0.9875,1.0001e-06,0.0,-17675.90193946968,0.0,,,-1.0,-1.0,-1.0,0.0,,,,-1.0,1.478207192444474e-187,0.0,,181,True
brain_anterior_cingulate_cortex_ba24,excluded_at_or_below_-1,ENSG00000225719.2,NMNAT1P2,,,,,,,,,,-0.9475242846332288,-0.8606182612095957,,,,,,,,,,2,False
brain_anterior_cingulate_cortex_ba24,raw,ENSG00000225719.2,NMNAT1P2,-0.1720116719797761,218.38311777829344,-0.9983394798071692,0.001968552470613214,241.59672873138973,98.93930594929338,0.0,1.192922318481159,0.4910188513222673,-1.0,-0.8606182612095957,-0.9991765774499692,0.009743032447942751,13.067018549967466,177.48496049600112,-1.0,-0.8606182612095957,218.3265484233629,0.0,107.20245101999502,233,True
brain_caudate_basal_ganglia,excluded_at_or_below_-1,ENSG00000225719.2,NMNAT1P2,,,,,,,,,,-0.9650757910741828,-0.9650757910741828,,,,,,,,,,1,False
brain_caudate_basal_ganglia,raw,ENSG00000225719.2,NMNAT1P2,0.025639360083587043,313.76024770171983,-0.9995969303328844,0.0001523979055530281,0.9743589744671705,320.3473377869926,0.0,3.7403833586006723,0.0009172490079195018,-1.0,-0.9650757910741828,-0.9998835859702473,0.002016350142455527,17.233784972593973,295.0033444816055,-1.0,-0.9650757910741828,313.4145933878552,0.0,0.2874792248525041,300,True
brain_cerebellar_hemisphere,excluded_at_or_below_-1,ENSG00000225719.2,NMNAT1P2,,,,,,,,,,,,,,,,,,,,,0,False
brain_cerebellar_hemisphere,raw,ENSG00000225719.2,NMNAT1P2,0.0,277.0,-0.9875,1.0001e-06,0.0,-17675.90193946968,0.0,,,-1.0,-1.0,-1.0,0.0,,,,-1.0,2.2622286867796648e-187,0.0,,277,True
brain_cerebellum,excluded_at_or_below_-1,ENSG00000225719.2,NMNAT1P2,,,,,,,,,,-0.9363120732519412,-0.8291673480560319,,,,,,,,,,3,False
brain_cerebellum,raw,ENSG00000225719.2,NMNAT1P2,0.07692307692301005,290.74748890137937,-0.9979133980005437,0.00015388251158553792,2.769230769230886,1550.812694500135,0.0,19.176323654338866,0.0,-1.0,-0.8291673480560319,-0.9987451901481346,0.012689831759819406,11.213020402593981,133.48816654845166,-1.0,-0.8291673480560319,206.16222893564506,0.0,0.0,266,True
brain_cortex,excluded_at_or_below_-1,ENSG00000225719.2,NMNAT1P2,,,,,,,,,,-0.957690462712802,-0.9310334585660628,,,,,,,,,,2,False
brain_cortex,raw,ENSG00000225719.2,NMNAT1P2,-0.227637594684913,251.51695653631046,-0.9991541482835553,0.0009125000082681111,327.62820985114735,105.57501633291113,0.0,1.310920502261893,0.4242873122144891,-1.0,-0.9310334585660628,-0.999587866375107,0.0049158798027086285,12.405957259201585,157.81041891207911,-1.0,-0.9310334585660628,251.03655283233792,0.0,106.51162426882213,270,True
brain_frontal_cortex_ba9,excluded_at_or_below_-1,ENSG00000225719.2,NMNAT1P2,,,,,,,,,,-0.9508543939150964,-0.9508543939150964,,,,,,,,,,1,False
brain_frontal_cortex_ba9,raw,ENSG00000225719.2,NMNAT1P2,0.025641025640522376,281.32385940271257,-0.9994369037362176,0.00023231922776422792,0.9743589755310368,295.73981002072253,0.0,3.4277764299858777,0.0028158516539182193,-1.0,-0.9508543939150964,-0.9998173025796101,0.002996460487844584,16.309620821566824,264.0037313432854,-1.0,-0.9508543939150964,280.66770499068633,0.0,0.7903186212994545,269,True
brain_hippocampus,excluded_at_or_below_-1,ENSG00000225719.2,NMNAT1P2,,,,,,,,,,,,,,,,,,,,,0,False
brain_hippocampus,raw,ENSG00000225719.2,NMNAT1P2,0.0,255.0,-0.9875,1.0001e-06,0.0,-17675.90193946968,0.0,,,-1.0,-1.0,-1.0,0.0,,,,-1.0,2.08255709432785e-187,0.0,,255,True
brain_hypothalamus,excluded_at_or_below_-1,ENSG00000225719.2,NMNAT1P2,,,,,,,,,,-0.9627850770608444,-0.9216115048164962,,,,,,,,,,3,False
brain_hypothalamus,raw,ENSG00000225719.2,NMNAT1P2,0.07692306957360856,285.936346758076,-0.9991675011314756,0.00042763850027542535,2.7692307726374095,256.4800450879901,0.0,2.75309914745587,0.0228788876468505,-1.0,-0.9216115048164962,-0.9993861632883689,0.005997953205922222,10.721539822718738,122.32356943206238,-1.0,-0.9216115048164962,282.4587422789519,0.0,6.462341829470834,257,True
brain_nucleus_accumbens_basal_ganglia,excluded_at_or_below_-1,ENSG00000225719.2,NMNAT1P2,,,,,,,,,,,,,,,,,,,,,0,False
brain_nucleus_accumbens_basal_ganglia,raw,ENSG00000225719.2,NMNAT1P2,0.0,285.0,-0.9875,1.0001e-06,0.0,-17675.90193946968,0.0,,,-1.0,-1.0,-1.0,0.0,,,,-1.0,2.3275638113075975e-187,0.0,,285,True
brain_putamen_basal_ganglia,excluded_at_or_below_-1,ENSG00000225719.2,NMNAT1P2,,,,,,,,,,,,,,,,,,,,,0,False
brain_putamen_basal_ganglia,raw,ENSG00000225719.2,NMNAT1P2,0.0,254.0,-0.9875,1.0001e-06,0.0,-17675.90193946968,0.0,,,-1.0,-1.0,-1.0,0.0,,,,-1.0,2.0743902037618585e-187,0.0,,254,True
brain_spinal_cord_cervical_c-1,excluded_at_or_below_-1,ENSG00000225719.2,NMNAT1P2,,,,,,,,,,-0.867519230529258,-0.7806771871969514,,,,,,,,,,3,False
brain_spinal_cord_cervical_c-1,raw,ENSG00000225719.2,NMNAT1P2,0.07692307351349605,294.96869714639337,-0.9980051414632893,0.0012050263912288814,2.769230780467506,255.05511135969587,0.0,2.3411570220925295,0.0657458101564832,-1.0,-0.7806771871969514,-0.9975654216601627,0.02051385997594662,8.745105581473652,78.35266621392694,-1.0,-0.7806771871969514,289.5478221386348,0.0,19.03655614554932,204,True
brain_substantia_nigra,excluded_at_or_below_-1,ENSG00000225719.2,NMNAT1P2,,,,,,,,,,,,,,,,,,,,,0,False
brain_substantia_nigra,raw,ENSG00000225719.2,NMNAT1P2,0.0,183.0,-0.9875,1.0001e-06,0.0,-17675.90193946968,0.0,,,-1.0,-1.0,-1.0,0.0,,,,-1.0,1.4945409735764572e-187,0.0,,183,True
breast_mammary_tissue,excluded_at_or_below_-1,ENSG00000225719.2,NMNAT1P2,,,,,,,,,,-0.955983653890181,-0.6146540083892054,,,,,,,,,,4,False
breast_mammary_tissue,raw,ENSG00000225719.2,NMNAT1P2,0.10528151475132597,473.3609973359993,-0.9952314204952906,0.004863937913598909,1424.6614922212564,110.65473023997627,0.0,1.3864876420317278,0.38358374135753376,-1.0,-0.6146540083892054,-0.9987190744536006,0.018533732836156565,18.31865476463052,363.1711740440874,-1.0,-0.6146540083892054,471.95405312746533,0.0,181.0339014474854,514,True
cells_cultured_fibroblasts,excluded_at_or_below_-1,ENSG00000225719.2,NMNAT1P2,0.21052630594735477,7.381828646246323,-0.9231494025598814,0.0016181464363519656,6.315790133513112,144.10979338750175,0.0,7.811520362862229,5.626946313377371e-14,-0.9320873622669325,-0.7582586429053759,-0.8750783781072999,0.05993858417461347,0.9840908194682173,-0.39132640057303414,-0.9320873622669325,-0.7582586429053759,7.372290582637534,0.0,4.1483483315118974e-13,11,True
cells_cultured_fibroblasts,raw,ENSG00000225719.2,NMNAT1P2,0.04117602099034525,585.6324954743238,-0.9970030980964409,0.003039464446808408,3198.679268301965,111.08392691584679,0.0,1.3944099005880854,0.3794654479960485,-1.0,-0.7582586429053759,-0.9978924266245097,0.01773199396875728,9.823639540208282,106.74960277348944,-1.0,-0.7582586429053759,583.7627784367744,0.0,221.51780424292764,652,True
cells_ebv-transformed_lymphocytes,excluded_at_or_below_-1,ENSG00000225719.2,NMNAT1P2,,,,,,,,,,-0.9485026033062476,-0.877686426087213,,,,,,,,,,9,False
cells_ebv-transformed_lymphocytes,raw,ENSG00000225719.2,NMNAT1P2,0.23076923076921893,357.3029162792332,-0.9986583187537453,0.0005467912713401681,8.923076969132401,312.8800700414263,0.0,3.470106262276012,0.002490932959457958,-1.0,-0.877686426087213,-0.997629915759442,0.014619918674200027,6.357292332848841,40.34285045149265,-1.0,-0.877686426087213,348.22998830213874,0.0,0.8674175553335073,327,True
cervix_ectocervix,excluded_at_or_below_-1,ENSG00000225719.2,NMNAT1P2,,,,,,,,,,,,,,,,,,,,,0,False
cervix_ectocervix,raw,ENSG00000225719.2,NMNAT1P2,0.0,24.0,-0.9875,1.0001e-06,0.0,-17675.90193946968,0.0,,,-1.0,-1.0,-1.0,0.0,,,,-1.0,1.9600537358379766e-188,0.0,,24,True
cervix_endocervix,excluded_at_or_below_-1,ENSG00000225719.2,NMNAT1P2,,,,,,,,,,,,,,,,,,,,,0,False
cervix_endocervix,raw,ENSG00000225719.2,NMNAT1P2,0.0,23.0,-0.9875,1.0001e-06,0.0,-17675.90193946968,0.0,,,-1.0,-1.0,-1.0,0.0,,,,-1.0,1.878384830178061e-188,0.0,,23,True
colon_sigmoid,excluded_at_or_below_-1,ENSG00000225719.2,NMNAT1P2,,,,,,,,,,-0.9294856439562,-0.9207591242534112,,,,,,,,,,3,False
colon_sigmoid,raw,ENSG00000225719.2,NMNAT1P2,0.07691832759092632,465.0643817670833,-0.9991559730107848,0.00043833977814882147,2.76923077639202,252.9313840240812,0.0,2.723080301308643,0.024861924790705595,-1.0,-0.9207591242534112,-0.9994705380337979,0.00625051277007769,11.73878798542562,136.19176828362038,-1.0,-0.9207591242534112,458.9817543578684,0.0,11.41116985715142,419,True
colon_transverse,excluded_at_or_below_-1,ENSG00000225719.2,NMNAT1P2,,,,,,,,,,-0.922882815030846,-0.8621542046673409,,,,,,,,,,6,False
colon_transverse,raw,ENSG00000225719.2,NMNAT1P2,0.15697687311862832,472.6438787285302,-0.9982763771801167,0.0011094649656164307,9.12755490323057,173.51230410443773,0.0,2.1970687167578844,0.09042539906710732,-1.0,-0.8621542046673409,-0.9986194257851077,0.012607073789390702,9.420646099644838,89.80289565769867,-1.0,-0.8621542046673409,467.78875727032397,0.0,42.29998505527522,479,True
esophagus_gastroesophageal_junction,excluded_at_or_below_-1,ENSG00000225719.2,NMNAT1P2,,,,,,,,,,-0.9501950042646944,-0.9028085897057748,,,,,,,,,,2,False
esophagus_gastroesophageal_junction,raw,ENSG00000225719.2,NMNAT1P2,0.05128205128205128,444.85285434926925,-0.9988944223162578,0.00033911797247835506,1.8974358974359058,400.70388082521714,0.0,4.610557627420642,2.4405984820105163e-05,-1.0,-0.9028085897057748,-0.9996352446500508,0.00543461590399994,15.961031428636415,265.3600906137184,-1.0,-0.9028085897057748,441.3353076943155,0.0,0.010771222820163878,403,True
esophagus_mucosa,excluded_at_or_below_-1,ENSG00000225719.2,NMNAT1P2,,,,,,,,,,-0.9296381522758596,-0.8176127980103004,,,,,,,,,,5,False
esophagus_mucosa,raw,ENSG00000225719.2,NMNAT1P2,0.12820512820512783,627.74565548701,-0.9978525910487231,0.0007579583543811747,6.358974358974916,336.2949406400633,0.0,4.006677735397274,0.000326759117096992,-1.0,-0.8176127980103004,-0.9990573248424178,0.010981250281992988,12.738368224542123,173.6779162005134,-1.0,-0.8176127980103004,627.4657846510493,0.0,0.20503016580114813,614,True
esophagus_muscularis,excluded_at_or_below_-1,ENSG00000225719.2,NMNAT1P2,,,,,,,,,,-0.9566190957071368,-0.8076656759675486,,,,,,,,,,6,False
esophagus_muscularis,raw,ENSG00000225719.2,NMNAT1P2,0.10862348695281705,510.90812617074437,-0.9976070373603406,0.0023585498811606793,2006.0269029209994,113.89101900406067,0.0,1.4348478470987995,0.3585819427007702,-1.0,-0.8076656759675486,-0.9987267737708047,0.01355089048012396,11.723599439226785,142.85263787957095,-1.0,-0.8076656759675486,508.9723453385624,0.0,182.50829237246896,561,True
fallopian_tube,excluded_at_or_below_-1,ENSG00000225719.2,NMNAT1P2,,,,,,,,,,-0.9310540889782708,-0.9310540889782708,,,,,,,,,,1,False
fallopian_tube,raw,ENSG00000225719.2,NMNAT1P2,0.02564102564102563,27.97608546282327,-0.9991379260346577,3.1832769019677165e-05,0.9743589743589761,3024.7159989137103,0.0,38.298794955676485,0.0,-1.0,-0.9310540889782708,-0.9976225547923542,0.01280293426310493,5.10252038562457,24.035714285714302,-1.0,-0.9310540889782708,1.2170518563851827,0.0,0.0,29,True
heart_atrial_appendage,excluded_at_or_below_-1,ENSG00000225719.2,NMNAT1P2,,,,,,,,,,-0.9627471167481338,-0.9235749880207742,,,,,,,,,,5,False
heart_atrial_appendage,raw,ENSG00000225719.2,NMNAT1P2,0.12820505577456612,508.9737658300818,-0.9991829893022943,0.0004166457943759017,6.358974369748895,256.6349217478927,0.0,2.77316517986183,0.02171063290693131,-1.0,-0.9235749880207742,-0.9993613774568681,0.0063328901046180415,10.375422271112452,110.06434948102452,-1.0,-0.9235749880207742,501.2610683872566,0.0,10.882695046292634,461,True
heart_left_ventricle,excluded_at_or_below_-1,ENSG00000225719.2,NMNAT1P2,,,,,,,,,,-0.9512643990333662,-0.8937669398815101,,,,,,,,,,3,False
heart_left_ventricle,raw,ENSG00000225719.2,NMNAT1P2,0.07692070789231716,491.431581479695,-0.9988422887088366,0.0005658599782730728,2.7692307785685664,262.60733942731343,0.0,2.8933854171355105,0.015546223045521551,-1.0,-0.8937669398815101,-0.9995183146916704,0.006228056794006912,14.117581017354462,211.9389783238505,-1.0,-0.8937669398815101,480.78524829816814,0.0,7.474394707039742,452,True
kidney_cortex,excluded_at_or_below_-1,ENSG00000225719.2,NMNAT1P2,,,,,,,,,,-0.9861032998112144,-0.9219531447905308,,,,,,,,,,2,False
kidney_cortex,raw,ENSG00000225719.2,NMNAT1P2,0.051282051282051294,139.0238045068724,-0.9992040724506795,0.0003225843759840244,1.8974358974358976,338.6689428761908,0.0,3.4893554019218636,0.002274773430586921,-1.0,-0.9219531447905308,-0.9991159273519398,0.00776045808735231,9.634605805237472,92.89431211360497,-1.0,-0.9219531447905308,138.75633870482827,0.0,0.3156392326112629,104,True
kidney_medulla,excluded_at_or_below_-1,ENSG00000225719.2,NMNAT1P2,,,,,,,,,,,,,,,,,,,,,0,False
kidney_medulla,raw,ENSG00000225719.2,NMNAT1P2,0.0,11.0,-0.9875,1.0001e-06,0.0,-17675.90193946968,0.0,,,-1.0,-1.0,-1.0,0.0,,,,-1.0,8.983579622590726e-189,0.0,,11,True
liver,excluded_at_or_below_-1,ENSG00000225719.2,NMNAT1P2,,,,,,,,,,-0.958316845621057,-0.9170821804396324,,,,,,,,,,3,False
liver,raw,ENSG00000225719.2,NMNAT1P2,0.07692304915954702,291.594656537813,-0.9991219407081258,0.0004595386203453457,2.769230773752189,252.47440908959894,0.0,2.7021958637626344,0.02624582258759281,-1.0,-0.9170821804396324,-0.9993492434722286,0.006375375772762793,10.642626118599733,119.99228689544367,-1.0,-0.9170821804396324,288.4961884927298,0.0,7.571819780376904,262,True
lung,excluded_at_or_below_-1,ENSG00000225719.2,NMNAT1P2,,,,,,,,,,-0.8261024816947724,-0.7024810422531536,,,,,,,,,,2,False
lung,raw,ENSG00000225719.2,NMNAT1P2,2.332980160643831,560.4760953673465,-0.9963354824728847,0.0037737968807765245,1919.2005442635102,110.12064184990962,0.0,1.3732616116143066,0.39045180975138816,-1.0,-0.7024810422531536,-0.9992195091456091,0.014011955381179936,18.89403094539273,369.82515126798955,-1.0,-0.7024810422531536,559.0917486857077,0.0,218.29838509140347,604,True
minor_salivary_gland,excluded_at_or_below_-1,ENSG00000225719.2,NMNAT1P2,,,,,,,,,,,,,,,,,,,,,0,False
minor_salivary_gland,raw,ENSG00000225719.2,NMNAT1P2,0.0,181.0,-0.9875,1.0001e-06,0.0,-17675.90193946968,0.0,,,-1.0,-1.0,-1.0,0.0,,,,-1.0,1.478207192444474e-187,0.0,,181,True
muscle_skeletal,excluded_at_or_below_-1,ENSG00000225719.2,NMNAT1P2,,,,,,,,,,-0.9472154796724416,-0.9330414924520276,,,,,,,,,,4,False
muscle_skeletal,raw,ENSG00000225719.2,NMNAT1P2,0.10259450590663795,821.0801515310485,-0.9991934242773384,0.0003243755083750355,5.589743625972998,288.40944136994176,0.0,3.516511871636942,0.002075791134936339,-1.0,-0.9330414924520276,-0.9997054026506415,0.004226150300607906,14.406270522160735,207.47694220258768,-1.0,-0.9330414924520276,816.5644043228717,0.0,1.6950171515979873,818,True
nerve_tibial,excluded_at_or_below_-1,ENSG00000225719.2,NMNAT1P2,,,,,,,,,,-0.9679965155779496,-0.8329966873729511,,,,,,,,,,6,False
nerve_tibial,raw,ENSG00000225719.2,NMNAT1P2,-0.13445420177258655,611.2815782333546,-0.9979411150494989,0.002181115564667616,3030.7267689396244,106.94832059189397,0.0,1.3349604521337775,0.4112140703257985,-1.0,-0.8329966873729511,-0.9990021026407069,0.011367491674419031,12.20884311334851,153.7943363549072,-1.0,-0.8329966873729511,609.8050674344032,0.0,250.7604238849977,670,True
ovary,excluded_at_or_below_-1,ENSG00000225719.2,NMNAT1P2,,,,,,,,,,-0.930057289696594,-0.7493233565634176,,,,,,,,,,3,False
ovary,raw,ENSG00000225719.2,NMNAT1P2,0.07692307692324282,218.06643763492477,-0.997289724058481,0.0011384215883499975,2.7692307738337893,308.03825534631113,0.0,3.3668625344897753,0.0035627389505439267,-1.0,-0.7493233565634176,-0.9979121974392545,0.019587829725934477,11.248457698788961,135.03958601294383,-1.0,-0.7493233565634176,211.4828219042403,0.0,0.7534580869691774,193,True
pancreas,excluded_at_or_below_-1,ENSG00000225719.2,NMNAT1P2,,,,,,,,,,,,,,,,,,,,,0,False
pancreas,raw,ENSG00000225719.2,NMNAT1P2,0.0,362.0,-0.9875,1.0001e-06,0.0,-17675.90193946968,0.0,,,-1.0,-1.0,-1.0,0.0,,,,-1.0,2.956414384888948e-187,0.0,,362,True
pituitary,excluded_at_or_below_-1,ENSG00000225719.2,NMNAT1P2,,,,,,,,,,,,,,,,,,,,,0,False
pituitary,raw,ENSG00000225719.2,NMNAT1P2,0.0,313.0,-0.9875,1.0001e-06,0.0,-17675.90193946968,0.0,,,-1.0,-1.0,-1.0,0.0,,,,-1.0,2.5562367471553613e-187,0.0,,313,True
prostate,excluded_at_or_below_-1,ENSG00000225719.2,NMNAT1P2,,,,,,,,,,-0.912368797576126,-0.9011627598834046,,,,,,,,,,2,False
prostate,raw,ENSG00000225719.2,NMNAT1P2,0.051282051282051204,307.4153751086458,-0.9988918059939064,0.0004160145410355605,1.8974358974358978,332.22334513409044,0.0,3.7672312829672236,0.0008389638001849548,-1.0,-0.9011627598834046,-0.9993387643881543,0.007851995711005288,11.812250672158887,138.03651548995157,-1.0,-0.9011627598834046,303.544151869099,0.0,0.25466255517601744,282,True
skin_not_sun_exposed_suprapubic,excluded_at_or_below_-1,ENSG00000225719.2,NMNAT1P2,,,,,,,,,,-0.94050073697366,-0.5029977953982405,,,,,,,,,,5,False
skin_not_sun_exposed_suprapubic,raw,ENSG00000225719.2,NMNAT1P2,1.2695684056380092,598.2988729613361,-0.9938152639177813,0.005952170616091361,2287.834309750685,116.61640188092855,0.0,1.469470250655517,0.3410704846774594,-1.0,-0.5029977953982405,-0.9983834312890898,0.02293986303641777,17.969205761502817,356.19482749661574,-1.0,-0.5029977953982405,595.9073077152892,0.0,203.24639426529316,651,True
skin_sun_exposed_lower_leg,excluded_at_or_below_-1,ENSG00000225719.2,NMNAT1P2,,,,,,,,,,-0.9242086310744068,-0.85045316485232,,,,,,,,,,2,False
skin_sun_exposed_lower_leg,raw,ENSG00000225719.2,NMNAT1P2,2.71857725628089,707.3540643166077,-0.9982201897355187,0.0020954097294414603,2914.906432986381,99.72948379744572,0.0,1.2012122398377372,0.486159019563046,-1.0,-0.85045316485232,-0.99970114296542,0.006102406683363361,21.956674042075548,503.930164783095,-1.0,-0.85045316485232,707.1872087668241,0.0,343.80544006160693,754,True
small_intestine_terminal_ileum,excluded_at_or_below_-1,ENSG00000225719.2,NMNAT1P2,,,,,,,,,,-0.9377483961103902,-0.8276673873041832,,,,,,,,,,2,False
small_intestine_terminal_ileum,raw,ENSG00000225719.2,NMNAT1P2,-0.1818823978047418,193.42539563349084,-0.9978902842606744,0.0022751411731777777,166.92376040543692,105.80949100669153,0.0,1.3113861445085937,0.4239696782565697,-1.0,-0.8276673873041832,-0.9988667429150464,0.012715701508530174,12.41563545245233,159.88497682990118,-1.0,-0.8276673873041832,193.0826654685127,0.0,81.8611955556062,207,True
spleen,excluded_at_or_below_-1,ENSG00000225719.2,NMNAT1P2,,,,,,,,,,-0.9344249312278544,-0.8578623834206653,,,,,,,,,,3,False
spleen,raw,ENSG00000225719.2,NMNAT1P2,0.07692307692217347,297.21283194609066,-0.9984015228359023,0.0006239685648251433,2.7692308000469006,318.52943915687223,0.0,3.622919826488528,0.0014262301541729547,-1.0,-0.8578623834206653,-0.9988011820008434,0.011973775985018567,10.432521352187235,110.54253201439171,-1.0,-0.8578623834206653,294.239783492313,0.0,0.4196536517740428,277,True
stomach,excluded_at_or_below_-1,ENSG00000225719.2,NMNAT1P2,,,,,,,,,,-0.9493701460790168,-0.8231921548312875,,,,,,,,,,3,False
stomach,raw,ENSG00000225719.2,NMNAT1P2,-0.27915339626921903,377.51505881308765,-0.9978447660179469,0.002394204987831407,859.9023374619643,103.1641370306265,0.0,1.2730577135200747,0.445323125885365,-1.0,-0.8231921548312875,-0.9990724987859826,0.011743446193736413,13.521174075044579,186.2318963134253,-1.0,-0.8231921548312875,376.9933780897288,0.0,167.88386956900078,407,True
testis,excluded_at_or_below_-1,ENSG00000225719.2,NMNAT1P2,0.31058571293341897,1.544475376391796,-0.902955171765954,0.07289890367088209,43.78981103651163,3.9579758247726007,0.0,1.39177795430447,0.37939771626503044,-0.974697580212276,-0.6989321684102148,-0.8743716095419996,0.06650797134737647,0.8877000210934539,0.2610277575542108,-0.974697580212276,-0.6989321684102148,1.543861270591728,0.0,0.5857374402925297,39,True
testis,raw,ENSG00000225719.2,NMNAT1P2,0.9999999988669357,380.50158491697414,-0.9962326317328479,3.0622143641661925e-05,36.0000008341633,13730.140915368467,,173.9872740526135,,-1.0,-0.6989321684102148,-0.9881654414785942,0.04191596261215886,4.082610293513913,17.77940904434241,-1.0,-0.6989321684102148,0.0,0.0,0.0,414,True
thyroid,excluded_at_or_below_-1,ENSG00000225719.2,NMNAT1P2,,,,,,,,,,-0.9500180101516196,-0.8207220927974945,,,,,,,,,,4,False
thyroid,raw,ENSG00000225719.2,NMNAT1P2,0.10256410256410256,734.3433594089815,-0.9978983614928554,0.0005020164047976243,3.5897435897435894,499.11731912555365,0.0,5.920455291112982,2.4472297045324658e-08,-1.0,-0.8207220927974945,-0.9993412962631603,0.009538232065818155,16.162186130679522,273.7624493180264,-1.0,-0.8207220927974945,734.2175514428345,0.0,1.7967990014799984e-05,684,True
uterus,excluded_at_or_below_-1,ENSG00000225719.2,NMNAT1P2,,,,,,,,,,-0.9355709928986872,-0.8650483674582385,,,,,,,,,,7,False
uterus,raw,ENSG00000225719.2,NMNAT1P2,0.1842229051278739,137.8320186821461,-0.998327943688818,0.001649742308649703,74.52233784599346,114.25165209401582,0.0,1.4333418618938605,0.359184537538895,-1.0,-0.8650483674582385,-0.9949764537560218,0.023450859208563057,4.56502328714104,19.29646336836484,-1.0,-0.8650483674582385,137.3757993794644,0.0,49.343262969148945,153,True
vagina,excluded_at_or_below_-1,ENSG00000225719.2,NMNAT1P2,,,,,,,,,,,,,,,,,,,,,0,False
vagina,raw,ENSG00000225719.2,NMNAT1P2,0.0,170.0,-0.9875,1.0001e-06,0.0,-17675.90193946968,0.0,,,-1.0,-1.0,-1.0,0.0,,,,-1.0,1.3883713962185667e-187,0.0,,170,True
whole_blood,excluded_at_or_below_-1,ENSG00000225719.2,NMNAT1P2,,,,,,,,,,-0.937896252797473,-0.805066999820238,,,,,,,,,,6,False
whole_blood,raw,ENSG00000225719.2,NMNAT1P2,0.15384615296925788,845.408072733374,-0.9978090865564987,0.0010103820903636046,5.076923080386496,269.777617499553,0.0,3.066581974617071,0.00914515608731685,-1.0,-0.805066999820238,-0.9990829522193002,0.011299727448468116,13.425669159397016,189.94142186188733,-1.0,-0.805066999820238,839.1486473375696,0.0,7.674145360362728,803,True
