tissue,table,gene,genename,y0,A,x0,w,sumsquarevalue,rti_sigma_dist,rti,lti_sigma_dist,lti,min,max,mean,std,skew,kurt,left,right,maxheight,rightheight,leftheight,n_obs,fit_success
adipose_subcutaneous,excluded_at_or_below_-1,ENSG00000257511.1,ENSG00000257511,-0.20922436175194678,60.41516516680035,1.9011590358917618,0.5278261454114178,763.9704793233375,4.329920027513958,0.0,4.055467870345368,0.00018342157917456954,0.3875390065008095,3.5172126920505553,1.886031208080075,0.3732125826398633,-0.1222628585238968,0.6738325347152383,0.3875390065008095,3.5172126920505553,60.40949428566732,0.0,0.011080404839014235,714,True
adipose_subcutaneous,raw,ENSG00000257511.1,ENSG00000257511,-0.20922436175194678,60.41516516680035,1.9011590358917618,0.5278261454114178,763.9704793233375,4.329920027513958,0.0,4.055467870345368,0.00018342157917456954,0.3875390065008095,3.5172126920505553,1.886031208080075,0.3732125826398633,-0.1222628585238968,0.6738325347152383,0.3875390065008095,3.5172126920505553,60.40949428566732,0.0,0.011080404839014235,714,True
adipose_visceral_omentum,excluded_at_or_below_-1,ENSG00000257511.1,ENSG00000257511,-6.269584303000902,37.068940608492966,1.4870981815576498,1.1333023498266697,1128.1112893707295,2.0887518728142953,0.027485901040048933,2.205730156744181,0.0,-0.2804984786858381,3.1609524484429725,1.5139279815794509,0.5830950604587577,0.14893117182209406,-0.604244149040627,-0.2804984786858381,3.1609524484429725,33.813945145336554,0.9294067500383636,0.0,587,True
adipose_visceral_omentum,raw,ENSG00000257511.1,ENSG00000257511,-6.269584303000902,37.068940608492966,1.4870981815576498,1.1333023498266697,1128.1112893707295,2.0887518728142953,0.027485901040048933,2.205730156744181,0.0,-0.2804984786858381,3.1609524484429725,1.5139279815794509,0.5830950604587577,0.14893117182209406,-0.604244149040627,-0.2804984786858381,3.1609524484429725,33.813945145336554,0.9294067500383636,0.0,587,True
adrenal_gland,excluded_at_or_below_-1,ENSG00000257511.1,ENSG00000257511,1.4803787109038133,18.886338811556083,0.9478897540429148,0.41009147558374914,272.17010075862106,4.207085871050943,0.0,3.823523925780575,0.0005257041343783514,-0.1608498383153855,2.167854049868032,0.9926483515195109,0.3859502400926006,0.21645067821653213,0.4095879570241423,-0.1608498383153855,2.167854049868032,18.8835656469223,0.0,0.009927168532392061,295,True
adrenal_gland,raw,ENSG00000257511.1,ENSG00000257511,1.4803787109038133,18.886338811556083,0.9478897540429148,0.41009147558374914,272.17010075862106,4.207085871050943,0.0,3.823523925780575,0.0005257041343783514,-0.1608498383153855,2.167854049868032,0.9926483515195109,0.3859502400926006,0.21645067821653213,0.4095879570241423,-0.1608498383153855,2.167854049868032,18.8835656469223,0.0,0.009927168532392061,295,True
artery_aorta,excluded_at_or_below_-1,ENSG00000257511.1,ENSG00000257511,-0.972601377969852,27.7822605031876,1.322531777203121,0.6646617307447895,484.09181264113965,2.6138598486264994,0.013279791967473505,2.800331408031751,0.0,0.0064129321836308,2.5510114475558106,1.3304857321268941,0.43073337940268935,0.04883886155599988,-0.20493833372864723,0.0064129321836308,2.5510114475558106,27.231502567978012,0.36162868906446854,0.0,472,True
artery_aorta,raw,ENSG00000257511.1,ENSG00000257511,-0.972601377969852,27.7822605031876,1.322531777203121,0.6646617307447895,484.09181264113965,2.6138598486264994,0.013279791967473505,2.800331408031751,0.0,0.0064129321836308,2.5510114475558106,1.3304857321268941,0.43073337940268935,0.04883886155599988,-0.20493833372864723,0.0064129321836308,2.5510114475558106,27.231502567978012,0.36162868906446854,0.0,472,True
artery_coronary,excluded_at_or_below_-1,ENSG00000257511.1,ENSG00000257511,0.8002005904875625,21.850080818562386,1.4379282878933224,0.5704577442429796,444.84589821570864,6.196663254154231,0.0,3.0772323537129465,0.00878532128447758,0.1966511047888604,3.937504473449379,1.536988197956373,0.5149120011333587,0.8300734058016116,1.9124880736111116,0.1966511047888604,3.937504473449379,21.84992752337323,0.0,0.19195863333538332,268,True
artery_coronary,raw,ENSG00000257511.1,ENSG00000257511,0.8002005904875625,21.850080818562386,1.4379282878933224,0.5704577442429796,444.84589821570864,6.196663254154231,0.0,3.0772323537129465,0.00878532128447758,0.1966511047888604,3.937504473449379,1.536988197956373,0.5149120011333587,0.8300734058016116,1.9124880736111116,0.1966511047888604,3.937504473449379,21.84992752337323,0.0,0.19195863333538332,268,True
artery_tibial,excluded_at_or_below_-1,ENSG00000257511.1,ENSG00000257511,1.2047327272277402,42.89270405970696,1.4236326151745076,0.562113217817077,641.2311581055882,3.2587984967079766,0.0021207050275782392,3.425860124287206,0.0,0.0619420547878064,2.7189205108217056,1.4168596971946248,0.43098289566751036,-0.09786154723157656,0.11945318598046173,0.0619420547878064,2.7189205108217056,42.771411781833336,0.09070554800235309,0.0,691,True
artery_tibial,raw,ENSG00000257511.1,ENSG00000257511,1.2047327272277402,42.89270405970696,1.4236326151745076,0.562113217817077,641.2311581055882,3.2587984967079766,0.0021207050275782392,3.425860124287206,0.0,0.0619420547878064,2.7189205108217056,1.4168596971946248,0.43098289566751036,-0.09786154723157656,0.11945318598046173,0.0619420547878064,2.7189205108217056,42.771411781833336,0.09070554800235309,0.0,691,True
bladder,excluded_at_or_below_-1,ENSG00000257511.1,ENSG00000257511,0.4579106291680827,3.1693606855958247,1.8266015963738549,0.46197424341623167,112.14189810000178,2.952130494643475,0.0,2.411687740820893,0.042310576403247,1.0387873305055693,2.7909596594095336,1.8311556436979675,0.3776260558434115,0.034558868334292364,-0.20872325349884413,1.0387873305055693,2.7909596594095336,3.1287482253389323,0.0,0.13237914083472635,77,True
bladder,raw,ENSG00000257511.1,ENSG00000257511,0.4579106291680827,3.1693606855958247,1.8266015963738549,0.46197424341623167,112.14189810000178,2.952130494643475,0.0,2.411687740820893,0.042310576403247,1.0387873305055693,2.7909596594095336,1.8311556436979675,0.3776260558434115,0.034558868334292364,-0.20872325349884413,1.0387873305055693,2.7909596594095336,3.1287482253389323,0.0,0.13237914083472635,77,True
brain_amygdala,excluded_at_or_below_-1,ENSG00000257511.1,ENSG00000257511,0.8372059629262759,8.706876385101163,0.586766284880909,0.6948731623495049,108.5817017608237,3.108447425901326,0.0,2.7886455594139643,0.012604527420758543,-0.7834333865819155,2.1141004515881803,0.598523973050402,0.5716225903399731,0.16579323545562233,-0.09805489868860695,-0.7834333865819155,2.1141004515881803,8.63739561994071,0.0,0.10887028993548242,181,True
brain_amygdala,raw,ENSG00000257511.1,ENSG00000257511,0.8372059629262759,8.706876385101163,0.586766284880909,0.6948731623495049,108.5817017608237,3.108447425901326,0.0,2.7886455594139643,0.012604527420758543,-0.7834333865819155,2.1141004515881803,0.598523973050402,0.5716225903399731,0.16579323545562233,-0.09805489868860695,-0.7834333865819155,2.1141004515881803,8.63739561994071,0.0,0.10887028993548242,181,True
brain_anterior_cingulate_cortex_ba24,excluded_at_or_below_-1,ENSG00000257511.1,ENSG00000257511,0.01216855148655506,12.894766663805434,0.441148877895039,0.6590703131771993,261.3447954616217,2.7303292583911425,0.004218517048433069,2.798545231192994,0.0,-0.8630657973396538,1.713572652692629,0.43675924055525917,0.45811445780606413,0.06520184810192603,-0.1550465909091625,-0.8630657973396538,1.713572652692629,12.637855426305723,0.05331300857150306,0.0,233,True
brain_anterior_cingulate_cortex_ba24,raw,ENSG00000257511.1,ENSG00000257511,0.01216855148655506,12.894766663805434,0.441148877895039,0.6590703131771993,261.3447954616217,2.7303292583911425,0.004218517048433069,2.798545231192994,0.0,-0.8630657973396538,1.713572652692629,0.43675924055525917,0.45811445780606413,0.06520184810192603,-0.1550465909091625,-0.8630657973396538,1.713572652692629,12.637855426305723,0.05331300857150306,0.0,233,True
brain_caudate_basal_ganglia,excluded_at_or_below_-1,ENSG00000257511.1,ENSG00000257511,1.6957092575203196,15.090093865075305,0.7603858785418438,0.635346102389304,297.45851431916753,3.290696965719613,0.0,3.218719287983936,0.0011805713357614343,-0.685648022359441,2.238756293690424,0.6647054505566702,0.5483912870396842,-0.13588997120816074,-0.2715608063637487,-0.685648022359441,2.238756293690424,15.02287724227094,0.0,0.01773557825288785,300,True
brain_caudate_basal_ganglia,raw,ENSG00000257511.1,ENSG00000257511,1.6957092575203196,15.090093865075305,0.7603858785418438,0.635346102389304,297.45851431916753,3.290696965719613,0.0,3.218719287983936,0.0011805713357614343,-0.685648022359441,2.238756293690424,0.6647054505566702,0.5483912870396842,-0.13588997120816074,-0.2715608063637487,-0.685648022359441,2.238756293690424,15.02287724227094,0.0,0.01773557825288785,300,True
brain_cerebellar_hemisphere,excluded_at_or_below_-1,ENSG00000257511.1,ENSG00000257511,2.0435561999417327,20.07358253506588,2.463988791853649,0.4959065132663315,284.2739966449048,3.1591532850170223,0.006804892551761499,7.14074566734931,0.0,-0.0399769317353052,3.571773876178388,2.219510895701272,0.6764742061493888,-1.2437931087482332,1.5224364753295383,-0.0399769317353052,3.571773876178388,20.073355549177258,0.13659702766545667,0.0,277,True
brain_cerebellar_hemisphere,raw,ENSG00000257511.1,ENSG00000257511,2.0435561999417327,20.07358253506588,2.463988791853649,0.4959065132663315,284.2739966449048,3.1591532850170223,0.006804892551761499,7.14074566734931,0.0,-0.0399769317353052,3.571773876178388,2.219510895701272,0.6764742061493888,-1.2437931087482332,1.5224364753295383,-0.0399769317353052,3.571773876178388,20.073355549177258,0.13659702766545667,0.0,277,True
brain_cerebellum,excluded_at_or_below_-1,ENSG00000257511.1,ENSG00000257511,0.9220271900181157,19.896387876807008,2.2272052987743494,0.482615057833294,277.4173114998832,3.5410594541782507,0.001891486503960263,5.164143307302525,0.0,0.464887790850667,3.4356285940520905,2.1372088381251597,0.4485322157629335,-0.7442283802744376,1.2610016262974888,0.464887790850667,3.4356285940520905,19.896110310358353,0.037633224133347465,0.0,266,True
brain_cerebellum,raw,ENSG00000257511.1,ENSG00000257511,0.9220271900181157,19.896387876807008,2.2272052987743494,0.482615057833294,277.4173114998832,3.5410594541782507,0.001891486503960263,5.164143307302525,0.0,0.464887790850667,3.4356285940520905,2.1372088381251597,0.4485322157629335,-0.7442283802744376,1.2610016262974888,0.464887790850667,3.4356285940520905,19.896110310358353,0.037633224133347465,0.0,266,True
brain_cortex,excluded_at_or_below_-1,ENSG00000257511.1,ENSG00000257511,1.2022474983749205,17.884260203838895,0.5406324109895302,0.4806767282135083,345.5658528689162,5.530383010140271,0.0,2.500739380090582,0.0438564817421058,-0.3093433319382527,2.420353042872768,0.6502508233901424,0.4454784031789338,0.794887634807951,1.0103722216462332,-0.3093433319382527,2.420353042872768,17.883881515329126,0.0,0.7843241231550153,270,True
brain_cortex,raw,ENSG00000257511.1,ENSG00000257511,1.2022474983749205,17.884260203838895,0.5406324109895302,0.4806767282135083,345.5658528689162,5.530383010140271,0.0,2.500739380090582,0.0438564817421058,-0.3093433319382527,2.420353042872768,0.6502508233901424,0.4454784031789338,0.794887634807951,1.0103722216462332,-0.3093433319382527,2.420353042872768,17.883881515329126,0.0,0.7843241231550153,270,True
brain_frontal_cortex_ba9,excluded_at_or_below_-1,ENSG00000257511.1,ENSG00000257511,0.6344245178985499,22.51382540924985,0.5281391972085488,0.5961697345300161,227.7056883432972,7.071199487331495,0.0,1.9710982373949364,0.14333174487142275,-0.3027884251715191,3.5090433783968797,0.6221777108435416,0.5126420411116087,1.239901258016976,3.971641747456852,-0.3027884251715191,3.5090433783968797,22.513359614028364,0.0,3.226879116396506,269,True
brain_frontal_cortex_ba9,raw,ENSG00000257511.1,ENSG00000257511,0.6344245178985499,22.51382540924985,0.5281391972085488,0.5961697345300161,227.7056883432972,7.071199487331495,0.0,1.9710982373949364,0.14333174487142275,-0.3027884251715191,3.5090433783968797,0.6221777108435416,0.5126420411116087,1.239901258016976,3.971641747456852,-0.3027884251715191,3.5090433783968797,22.513359614028364,0.0,3.226879116396506,269,True
brain_hippocampus,excluded_at_or_below_-1,ENSG00000257511.1,ENSG00000257511,1.0823827274013913,12.396060200580605,0.7018621606644397,0.8302382252521413,231.83139181806322,3.4004834013203245,0.0,2.4235971130456067,0.05010027173518433,-0.7209519173484488,2.6981740185242336,0.7616177418449415,0.665009330397954,0.30395819191584106,-0.05751177644898631,-0.7209519173484488,2.6981740185242336,12.357794285481658,0.0,0.6191288517501392,255,True
brain_hippocampus,raw,ENSG00000257511.1,ENSG00000257511,1.0823827274013913,12.396060200580605,0.7018621606644397,0.8302382252521413,231.83139181806322,3.4004834013203245,0.0,2.4235971130456067,0.05010027173518433,-0.7209519173484488,2.6981740185242336,0.7616177418449415,0.665009330397954,0.30395819191584106,-0.05751177644898631,-0.7209519173484488,2.6981740185242336,12.357794285481658,0.0,0.6191288517501392,255,True
brain_hypothalamus,excluded_at_or_below_-1,ENSG00000257511.1,ENSG00000257511,0.9709395317870225,12.517402807114712,0.6553228675017797,0.7332112669877175,274.1076408312695,2.992807429190716,0.0,2.734320026774642,0.012587504317790668,-0.7623090266635894,2.206969793673929,0.6734939263118073,0.5780063603320178,0.13417539832601735,-0.2034058566309893,-0.7623090266635894,2.206969793673929,12.375317409027675,0.0,0.15577436132016587,257,True
brain_hypothalamus,raw,ENSG00000257511.1,ENSG00000257511,0.9709395317870225,12.517402807114712,0.6553228675017797,0.7332112669877175,274.1076408312695,2.992807429190716,0.0,2.734320026774642,0.012587504317790668,-0.7623090266635894,2.206969793673929,0.6734939263118073,0.5780063603320178,0.13417539832601735,-0.2034058566309893,-0.7623090266635894,2.206969793673929,12.375317409027675,0.0,0.15577436132016587,257,True
brain_nucleus_accumbens_basal_ganglia,excluded_at_or_below_-1,ENSG00000257511.1,ENSG00000257511,2.3025872043992757,11.53753013876736,0.7554772764150615,0.5990275609977135,284.2389142664873,2.5531368822319305,0.03554020214493068,3.4102043979807926,0.0,-0.6890049979581357,1.836925934629256,0.6378125149718498,0.5342737059566508,-0.3705055546592714,-0.47839585981781196,-0.6890049979581357,1.836925934629256,11.502992582629467,0.4088186816582895,0.0,285,True
brain_nucleus_accumbens_basal_ganglia,raw,ENSG00000257511.1,ENSG00000257511,2.3025872043992757,11.53753013876736,0.7554772764150615,0.5990275609977135,284.2389142664873,2.5531368822319305,0.03554020214493068,3.4102043979807926,0.0,-0.6890049979581357,1.836925934629256,0.6378125149718498,0.5342737059566508,-0.3705055546592714,-0.47839585981781196,-0.6890049979581357,1.836925934629256,11.502992582629467,0.4088186816582895,0.0,285,True
brain_putamen_basal_ganglia,excluded_at_or_below_-1,ENSG00000257511.1,ENSG00000257511,0.20296963941970766,13.037318347949984,0.5000778126121571,0.8060808756226248,162.47092680249625,2.9609805814974868,0.0,2.2887965521168243,0.0611381575522439,-0.8045024699842571,2.187793079484562,0.5101214577697698,0.5588249837590653,0.07549357624260576,-0.26347660494749237,-0.8045024699842571,2.187793079484562,12.874613282247635,0.0,0.7871301352742679,254,True
brain_putamen_basal_ganglia,raw,ENSG00000257511.1,ENSG00000257511,0.20296963941970766,13.037318347949984,0.5000778126121571,0.8060808756226248,162.47092680249625,2.9609805814974868,0.0,2.2887965521168243,0.0611381575522439,-0.8045024699842571,2.187793079484562,0.5101214577697698,0.5588249837590653,0.07549357624260576,-0.26347660494749237,-0.8045024699842571,2.187793079484562,12.874613282247635,0.0,0.7871301352742679,254,True
brain_spinal_cord_cervical_c-1,excluded_at_or_below_-1,ENSG00000257511.1,ENSG00000257511,0.9095486466536271,9.010279675751155,1.5640154128848842,0.8912097360085122,286.3911138886183,2.2453802108804766,0.07211309003822834,3.0722775722868705,0.0,-0.372073843357384,2.979010119638799,1.441721712138081,0.6848045129036184,-0.3879432187471176,-0.36519790543931485,-0.372073843357384,2.979010119638799,8.929904950301765,0.6439630397139322,0.0,204,True
brain_spinal_cord_cervical_c-1,raw,ENSG00000257511.1,ENSG00000257511,0.9095486466536271,9.010279675751155,1.5640154128848842,0.8912097360085122,286.3911138886183,2.2453802108804766,0.07211309003822834,3.0722775722868705,0.0,-0.372073843357384,2.979010119638799,1.441721712138081,0.6848045129036184,-0.3879432187471176,-0.36519790543931485,-0.372073843357384,2.979010119638799,8.929904950301765,0.6439630397139322,0.0,204,True
brain_substantia_nigra,excluded_at_or_below_-1,ENSG00000257511.1,ENSG00000257511,-3.168049180181176,10.21502821528368,0.8166887766745448,1.5392844986472918,251.41249087496146,1.5189184052423763,0.0,1.1851380303853494,0.26288911996245207,-0.4732610919070983,2.4699380581878243,0.8520383419173195,0.6650963841256559,0.10361998864039877,-0.7146016882424275,-0.4732610919070983,2.4699380581878243,6.992034851501305,0.0,1.8381298888579725,183,True
brain_substantia_nigra,raw,ENSG00000257511.1,ENSG00000257511,-3.168049180181176,10.21502821528368,0.8166887766745448,1.5392844986472918,251.41249087496146,1.5189184052423763,0.0,1.1851380303853494,0.26288911996245207,-0.4732610919070983,2.4699380581878243,0.8520383419173195,0.6650963841256559,0.10361998864039877,-0.7146016882424275,-0.4732610919070983,2.4699380581878243,6.992034851501305,0.0,1.8381298888579725,183,True
breast_mammary_tissue,excluded_at_or_below_-1,ENSG00000257511.1,ENSG00000257511,-3.9283270737033558,28.07754689041522,2.006258905336536,0.9536106169940897,578.5740493742521,1.9768510850537848,0.015879739971982065,2.0282066734608324,0.0,0.6386299497599814,3.3392585548097315,1.98897288567781,0.5261293540095494,-0.09579434045649832,-0.526564655530747,0.6386299497599814,3.3392585548097315,24.48744955608473,0.38885433152765314,0.0,514,True
breast_mammary_tissue,raw,ENSG00000257511.1,ENSG00000257511,-3.9283270737033558,28.07754689041522,2.006258905336536,0.9536106169940897,578.5740493742521,1.9768510850537848,0.015879739971982065,2.0282066734608324,0.0,0.6386299497599814,3.3392585548097315,1.98897288567781,0.5261293540095494,-0.09579434045649832,-0.526564655530747,0.6386299497599814,3.3392585548097315,24.48744955608473,0.38885433152765314,0.0,514,True
cells_cultured_fibroblasts,excluded_at_or_below_-1,ENSG00000257511.1,ENSG00000257511,4.706633611362047,31.552129983996696,1.0960413386079797,0.48910894067555166,1159.463484323813,3.637388196128323,0.0,3.178666332276774,0.005063889869027453,-0.0033075602472075,2.354040225599792,1.186471789452198,0.4571981542712933,0.31721356821387275,-0.31550177608132657,-0.0033075602472075,2.354040225599792,31.509617890566265,0.0,0.1595612348129647,652,True
cells_cultured_fibroblasts,raw,ENSG00000257511.1,ENSG00000257511,4.706633611362047,31.552129983996696,1.0960413386079797,0.48910894067555166,1159.463484323813,3.637388196128323,0.0,3.178666332276774,0.005063889869027453,-0.0033075602472075,2.354040225599792,1.186471789452198,0.4571981542712933,0.31721356821387275,-0.31550177608132657,-0.0033075602472075,2.354040225599792,31.509617890566265,0.0,0.1595612348129647,652,True
cells_ebv-transformed_lymphocytes,excluded_at_or_below_-1,ENSG00000257511.1,ENSG00000257511,0.34629585260121953,18.585292447153524,1.3184152828709093,0.4011360759328623,335.71755530495557,2.9347216861791905,0.0023384203308336577,2.998140659525857,0.0,0.4680045590203612,2.1508374661043783,1.323622248711654,0.29676908711898886,-0.06828297284083583,0.2832160058184674,0.4680045590203612,2.1508374661043783,18.37759274397435,0.04297453650429073,0.0,327,True
cells_ebv-transformed_lymphocytes,raw,ENSG00000257511.1,ENSG00000257511,0.34629585260121953,18.585292447153524,1.3184152828709093,0.4011360759328623,335.71755530495557,2.9347216861791905,0.0023384203308336577,2.998140659525857,0.0,0.4680045590203612,2.1508374661043783,1.323622248711654,0.29676908711898886,-0.06828297284083583,0.2832160058184674,0.4680045590203612,2.1508374661043783,18.37759274397435,0.04297453650429073,0.0,327,True
cervix_ectocervix,excluded_at_or_below_-1,ENSG00000257511.1,ENSG00000257511,-111.14916263666333,111.86058616415971,2.0295461881678123,21.405080892939655,21.099768575659247,0.08754693985412389,0.0,0.05918630566421037,0.5424784741737627,1.1337213324290527,3.354628466662086,2.1746027860131543,0.6069486243150115,-0.09481618816566842,-0.8364692033848891,1.1337213324290527,3.354628466662086,0.42785501911882307,0.0,0.23210213793916523,24,True
cervix_ectocervix,raw,ENSG00000257511.1,ENSG00000257511,-111.14916263666333,111.86058616415971,2.0295461881678123,21.405080892939655,21.099768575659247,0.08754693985412389,0.0,0.05918630566421037,0.5424784741737627,1.1337213324290527,3.354628466662086,2.1746027860131543,0.6069486243150115,-0.09481618816566842,-0.8364692033848891,1.1337213324290527,3.354628466662086,0.42785501911882307,0.0,0.23210213793916523,24,True
cervix_endocervix,excluded_at_or_below_-1,ENSG00000257511.1,ENSG00000257511,0.3884565562417962,2.554219875649586,2.6563711798418432,0.0799163564949539,11.69022887449108,18.59680185947491,0.0,15.724853299989585,0.0,1.767769192427663,3.707265250305958,2.65120124579741,0.483016950835345,0.02942878553727813,-0.28679360941404797,1.767769192427663,3.707265250305958,2.553413406864338,0.0,0.0,23,True
cervix_endocervix,raw,ENSG00000257511.1,ENSG00000257511,0.3884565562417962,2.554219875649586,2.6563711798418432,0.0799163564949539,11.69022887449108,18.59680185947491,0.0,15.724853299989585,0.0,1.767769192427663,3.707265250305958,2.65120124579741,0.483016950835345,0.02942878553727813,-0.28679360941404797,1.767769192427663,3.707265250305958,2.553413406864338,0.0,0.0,23,True
colon_sigmoid,excluded_at_or_below_-1,ENSG00000257511.1,ENSG00000257511,-0.46296863369170344,24.22037035972706,1.6184248939281718,0.6693138769828564,371.7531852261506,2.752709575262331,0.0008249406925368727,2.7658715243181597,0.0,0.3094032281541303,2.9212173200841,1.5916703167520838,0.44630386927431936,-0.12816876841507194,-0.16829574856703644,0.3094032281541303,2.9212173200841,23.691884524520404,0.01954439962716148,0.0,419,True
colon_sigmoid,raw,ENSG00000257511.1,ENSG00000257511,-0.46296863369170344,24.22037035972706,1.6184248939281718,0.6693138769828564,371.7531852261506,2.752709575262331,0.0008249406925368727,2.7658715243181597,0.0,0.3094032281541303,2.9212173200841,1.5916703167520838,0.44630386927431936,-0.12816876841507194,-0.16829574856703644,0.3094032281541303,2.9212173200841,23.691884524520404,0.01954439962716148,0.0,419,True
colon_transverse,excluded_at_or_below_-1,ENSG00000257511.1,ENSG00000257511,1.442885368805587,28.51901320770881,1.3805100132035606,0.5705186542157032,330.2831481762514,3.3038837430820505,0.001911282840211688,3.4787266499233955,0.0,-0.0228695749318015,2.7133548938772716,1.4239430487955247,0.4571258191804317,0.18862077067368582,-0.045478052762151666,-0.0228695749318015,2.7133548938772716,28.4517321096199,0.054379307355416406,0.0,479,True
colon_transverse,raw,ENSG00000257511.1,ENSG00000257511,1.442885368805587,28.51901320770881,1.3805100132035606,0.5705186542157032,330.2831481762514,3.3038837430820505,0.001911282840211688,3.4787266499233955,0.0,-0.0228695749318015,2.7133548938772716,1.4239430487955247,0.4571258191804317,0.18862077067368582,-0.045478052762151666,-0.0228695749318015,2.7133548938772716,28.4517321096199,0.054379307355416406,0.0,479,True
esophagus_gastroesophageal_junction,excluded_at_or_below_-1,ENSG00000257511.1,ENSG00000257511,-0.5617654386967866,23.901985292992627,1.4375039593067347,0.7295434369130456,432.99708505583214,2.3964056168590737,0.05068554127906162,3.1858537173199344,0.0,-0.205966823518792,2.673726009834537,1.4600870639613883,0.47825426582702246,0.07520484897576693,-0.1716170542176787,-0.205966823518792,2.673726009834537,23.75252515132524,1.2039095940394449,0.0,403,True
esophagus_gastroesophageal_junction,raw,ENSG00000257511.1,ENSG00000257511,-0.5617654386967866,23.901985292992627,1.4375039593067347,0.7295434369130456,432.99708505583214,2.3964056168590737,0.05068554127906162,3.1858537173199344,0.0,-0.205966823518792,2.673726009834537,1.4600870639613883,0.47825426582702246,0.07520484897576693,-0.1716170542176787,-0.205966823518792,2.673726009834537,23.75252515132524,1.2039095940394449,0.0,403,True
esophagus_mucosa,excluded_at_or_below_-1,ENSG00000257511.1,ENSG00000257511,0.9814678561696891,40.26483005335314,0.8582652030965131,0.673757356739528,851.2110324021241,3.9181977994721313,0.0,3.0990738658561736,0.0077521862070566135,-0.6181905966173831,2.72496671324546,0.9116169065800345,0.5128880856837778,0.17910150958742235,0.16560410656913005,-0.6181905966173831,2.72496671324546,40.24557069525154,0.0,0.3119911580388508,614,True
esophagus_mucosa,raw,ENSG00000257511.1,ENSG00000257511,0.9814678561696891,40.26483005335314,0.8582652030965131,0.673757356739528,851.2110324021241,3.9181977994721313,0.0,3.0990738658561736,0.0077521862070566135,-0.6181905966173831,2.72496671324546,0.9116169065800345,0.5128880856837778,0.17910150958742235,0.16560410656913005,-0.6181905966173831,2.72496671324546,40.24557069525154,0.0,0.3119911580388508,614,True
esophagus_muscularis,excluded_at_or_below_-1,ENSG00000257511.1,ENSG00000257511,0.14807995074799551,32.19340040632894,1.3155690957904442,0.6645571400260109,625.57172760445,3.5607512730436777,0.0,2.165551657101061,0.09426784009549731,0.297948522694851,2.9888119109612443,1.3695519139416865,0.4530126536438899,0.33478106996299695,-0.19657155738522292,0.297948522694851,2.9888119109612443,32.13624334372933,0.0,3.0294142487966664,561,True
esophagus_muscularis,raw,ENSG00000257511.1,ENSG00000257511,0.14807995074799551,32.19340040632894,1.3155690957904442,0.6645571400260109,625.57172760445,3.5607512730436777,0.0,2.165551657101061,0.09426784009549731,0.297948522694851,2.9888119109612443,1.3695519139416865,0.4530126536438899,0.33478106996299695,-0.19657155738522292,0.297948522694851,2.9888119109612443,32.13624334372933,0.0,3.0294142487966664,561,True
fallopian_tube,excluded_at_or_below_-1,ENSG00000257511.1,ENSG00000257511,,,,,,,,,,0.9521993559373928,3.255719764458921,,,,,,,,,,29,False
fallopian_tube,raw,ENSG00000257511.1,ENSG00000257511,,,,,,,,,,,,,,,,,,,,,29,False
heart_atrial_appendage,excluded_at_or_below_-1,ENSG00000257511.1,ENSG00000257511,2.84860439996232,27.254247047755516,0.5951786549538126,0.45069795079025243,475.5778322109834,4.57595014635984,0.0,3.2940236541817725,0.004375532989728382,-0.4545989389642669,2.053495424609176,0.6585778147021228,0.43874211867644763,0.27192195958625104,0.18634406637035594,-0.4545989389642669,2.053495424609176,27.253282323713115,0.0,0.11924763588578813,461,True
heart_atrial_appendage,raw,ENSG00000257511.1,ENSG00000257511,2.84860439996232,27.254247047755516,0.5951786549538126,0.45069795079025243,475.5778322109834,4.57595014635984,0.0,3.2940236541817725,0.004375532989728382,-0.4545989389642669,2.053495424609176,0.6585778147021228,0.43874211867644763,0.27192195958625104,0.18634406637035594,-0.4545989389642669,2.053495424609176,27.253282323713115,0.0,0.11924763588578813,461,True
heart_left_ventricle,excluded_at_or_below_-1,ENSG00000257511.1,ENSG00000257511,2.4426679164979626,23.241191127757215,0.3580455435005619,0.5437462814638861,570.465248598749,3.505130128850575,0.0,3.0635458690057145,0.007028935297530321,-0.8198470454876641,1.7057213997632958,0.3295358121723693,0.4740992562446514,-0.04329852223953972,-0.029593867341921598,-0.8198470454876641,1.7057213997632958,23.191069517798518,0.0,0.16300852712113345,452,True
heart_left_ventricle,raw,ENSG00000257511.1,ENSG00000257511,2.4426679164979626,23.241191127757215,0.3580455435005619,0.5437462814638861,570.465248598749,3.505130128850575,0.0,3.0635458690057145,0.007028935297530321,-0.8198470454876641,1.7057213997632958,0.3295358121723693,0.4740992562446514,-0.04329852223953972,-0.029593867341921598,-0.8198470454876641,1.7057213997632958,23.191069517798518,0.0,0.16300852712113345,452,True
kidney_cortex,excluded_at_or_below_-1,ENSG00000257511.1,ENSG00000257511,1.1592491967846803,4.6851992080690605,0.6562299428328039,0.5380943292070353,96.83648001370571,5.516876103660215,0.0,2.596586392031212,0.034350828704986215,-0.331745600623017,2.755346954082478,0.9357021730261224,0.6381609934527025,0.607142638368689,-0.17490577236766303,-0.331745600623017,2.755346954082478,4.685159517073288,0.0,0.16093911202652045,104,True
kidney_cortex,raw,ENSG00000257511.1,ENSG00000257511,1.1592491967846803,4.6851992080690605,0.6562299428328039,0.5380943292070353,96.83648001370571,5.516876103660215,0.0,2.596586392031212,0.034350828704986215,-0.331745600623017,2.755346954082478,0.9357021730261224,0.6381609934527025,0.607142638368689,-0.17490577236766303,-0.331745600623017,2.755346954082478,4.685159517073288,0.0,0.16093911202652045,104,True
kidney_medulla,excluded_at_or_below_-1,ENSG00000257511.1,ENSG00000257511,0.1008762822270098,0.37005133987613725,2.0366568081697722,1.1314849896286938,11.204914754422694,0.37151325682118885,0.9326895263997977,3.0581248056332404,0.0,-0.4100898544621544,2.3338973980817124,1.343742149890665,0.7879295308408365,-0.9116826135081534,0.21176770398868827,-0.4100898544621544,2.3338973980817124,0.36660400702509865,0.3419277176885074,0.0,11,True
kidney_medulla,raw,ENSG00000257511.1,ENSG00000257511,0.1008762822270098,0.37005133987613725,2.0366568081697722,1.1314849896286938,11.204914754422694,0.37151325682118885,0.9326895263997977,3.0581248056332404,0.0,-0.4100898544621544,2.3338973980817124,1.343742149890665,0.7879295308408365,-0.9116826135081534,0.21176770398868827,-0.4100898544621544,2.3338973980817124,0.36660400702509865,0.3419277176885074,0.0,11,True
liver,excluded_at_or_below_-1,ENSG00000257511.1,ENSG00000257511,1.5720096331978508,12.603747402812393,0.5292296530731122,0.4385767433660291,197.76770549777848,3.0972262922629437,0.0030112906223018565,3.2394052464474603,0.0,-0.4753766109523365,1.489743296040114,0.5287050985519683,0.39202702338905965,-0.07273185724055285,0.07445608300257245,-0.4753766109523365,1.489743296040114,12.537367725137491,0.03775365785905649,0.0,262,True
liver,raw,ENSG00000257511.1,ENSG00000257511,1.5720096331978508,12.603747402812393,0.5292296530731122,0.4385767433660291,197.76770549777848,3.0972262922629437,0.0030112906223018565,3.2394052464474603,0.0,-0.4753766109523365,1.489743296040114,0.5287050985519683,0.39202702338905965,-0.07273185724055285,0.07445608300257245,-0.4753766109523365,1.489743296040114,12.537367725137491,0.03775365785905649,0.0,262,True
lung,excluded_at_or_below_-1,ENSG00000257511.1,ENSG00000257511,-1.184744141137766,39.03673153288651,1.8251957542019823,0.764237378610219,507.50570789930686,2.93256719734149,0.004334067861400651,3.0595520150638262,0.0,0.1718216995858055,3.409947539309891,1.8450521256351715,0.493727901828801,0.04459209417034491,-0.08955431986611018,0.1718216995858055,3.409947539309891,38.674618889810354,0.1676184227822456,0.0,604,True
lung,raw,ENSG00000257511.1,ENSG00000257511,-1.184744141137766,39.03673153288651,1.8251957542019823,0.764237378610219,507.50570789930686,2.93256719734149,0.004334067861400651,3.0595520150638262,0.0,0.1718216995858055,3.409947539309891,1.8450521256351715,0.493727901828801,0.04459209417034491,-0.08955431986611018,0.1718216995858055,3.409947539309891,38.674618889810354,0.1676184227822456,0.0,604,True
minor_salivary_gland,excluded_at_or_below_-1,ENSG00000257511.1,ENSG00000257511,1.485106274952715,13.293059087744984,2.409064481625753,0.43403633649565004,150.19630373064,3.3377068879462195,0.0038100749043713565,7.618993033909064,0.0,0.0707190490769011,3.433440225491151,2.2735506707656947,0.5979160089010156,-1.0385904073431427,1.4782297469769556,0.0707190490769011,3.433440225491151,13.29256453014165,0.05064566653102953,0.0,181,True
minor_salivary_gland,raw,ENSG00000257511.1,ENSG00000257511,1.485106274952715,13.293059087744984,2.409064481625753,0.43403633649565004,150.19630373064,3.3377068879462195,0.0038100749043713565,7.618993033909064,0.0,0.0707190490769011,3.433440225491151,2.2735506707656947,0.5979160089010156,-1.0385904073431427,1.4782297469769556,0.0707190490769011,3.433440225491151,13.29256453014165,0.05064566653102953,0.0,181,True
muscle_skeletal,excluded_at_or_below_-1,ENSG00000257511.1,ENSG00000257511,2.545234589569298,65.14266818048232,0.6768438751960077,0.44296591089616905,766.40286963561,5.720809012544491,0.0,3.3959875479902775,0.003131044047279567,-0.3868616057946331,2.4687396982373624,0.7147551551427436,0.3901052136666176,0.4726296758166597,0.8608661921015974,-0.3868616057946331,2.4687396982373624,65.1425428416092,0.0,0.20396417098887465,818,True
muscle_skeletal,raw,ENSG00000257511.1,ENSG00000257511,2.545234589569298,65.14266818048232,0.6768438751960077,0.44296591089616905,766.40286963561,5.720809012544491,0.0,3.3959875479902775,0.003131044047279567,-0.3868616057946331,2.4687396982373624,0.7147551551427436,0.3901052136666176,0.4726296758166597,0.8608661921015974,-0.3868616057946331,2.4687396982373624,65.1425428416092,0.0,0.20396417098887465,818,True
nerve_tibial,excluded_at_or_below_-1,ENSG00000257511.1,ENSG00000257511,1.0994269188217958,46.81728997798776,2.749544992579809,0.5405556993076385,680.0447260908843,3.5514619742522453,0.001408044282735488,3.9451923525761545,0.0,1.2415717502136516,4.107022435968901,2.7275001096515243,0.4265766380653789,-0.23897590191051468,0.4216227122678218,1.2415717502136516,4.107022435968901,46.79757024897181,0.06589305123497713,0.0,670,True
nerve_tibial,raw,ENSG00000257511.1,ENSG00000257511,1.0994269188217958,46.81728997798776,2.749544992579809,0.5405556993076385,680.0447260908843,3.5514619742522453,0.001408044282735488,3.9451923525761545,0.0,1.2415717502136516,4.107022435968901,2.7275001096515243,0.4265766380653789,-0.23897590191051468,0.4216227122678218,1.2415717502136516,4.107022435968901,46.79757024897181,0.06589305123497713,0.0,670,True
ovary,excluded_at_or_below_-1,ENSG00000257511.1,ENSG00000257511,0.74264330181954,11.011012757698987,2.767164278907957,0.6338725000178397,252.1956440827201,2.3710604619912674,0.060067344959112146,4.3303065809025325,0.0,0.8262535626548713,3.8299104317689583,2.666461142299351,0.5249707463633908,-0.5047529587084956,0.2880692821364552,0.8262535626548713,3.8299104317689583,11.010076782640272,0.6613460801291648,0.0,193,True
ovary,raw,ENSG00000257511.1,ENSG00000257511,0.74264330181954,11.011012757698987,2.767164278907957,0.6338725000178397,252.1956440827201,2.3710604619912674,0.060067344959112146,4.3303065809025325,0.0,0.8262535626548713,3.8299104317689583,2.666461142299351,0.5249707463633908,-0.5047529587084956,0.2880692821364552,0.8262535626548713,3.8299104317689583,11.010076782640272,0.6613460801291648,0.0,193,True
pancreas,excluded_at_or_below_-1,ENSG00000257511.1,ENSG00000257511,1.1324556722943673,26.660798921417197,0.6842166048260234,0.47797429124954455,295.16086703955074,5.0094359909009265,0.0,3.428646908466744,0.0027974108688558178,-0.4745935774701831,2.3773000831749243,0.7575368485267473,0.42543175729646365,0.5944189704600513,0.9955100930715846,-0.4745935774701831,2.3773000831749243,26.660298245991292,0.0,0.07457980808027376,362,True
pancreas,raw,ENSG00000257511.1,ENSG00000257511,1.1324556722943673,26.660798921417197,0.6842166048260234,0.47797429124954455,295.16086703955074,5.0094359909009265,0.0,3.428646908466744,0.0027974108688558178,-0.4745935774701831,2.3773000831749243,0.7575368485267473,0.42543175729646365,0.5944189704600513,0.9955100930715846,-0.4745935774701831,2.3773000831749243,26.660298245991292,0.0,0.07457980808027376,362,True
pituitary,excluded_at_or_below_-1,ENSG00000257511.1,ENSG00000257511,1.2911600081876236,20.200944850176274,1.95909763589516,0.4875178843155016,443.77229799235744,3.7893999844488535,0.00036799340660128443,3.959592062751151,0.0,0.5941185432426552,3.2654068896005928,1.938147647195527,0.43340179116081984,-0.01235563177291116,0.40971548650049083,0.5941185432426552,3.2654068896005928,20.192975604418887,0.007430881882086737,0.0,313,True
pituitary,raw,ENSG00000257511.1,ENSG00000257511,1.2911600081876236,20.200944850176274,1.95909763589516,0.4875178843155016,443.77229799235744,3.7893999844488535,0.00036799340660128443,3.959592062751151,0.0,0.5941185432426552,3.2654068896005928,1.938147647195527,0.43340179116081984,-0.01235563177291116,0.40971548650049083,0.5941185432426552,3.2654068896005928,20.192975604418887,0.007430881882086737,0.0,313,True
prostate,excluded_at_or_below_-1,ENSG00000257511.1,ENSG00000257511,1.4318795064727055,16.222667597407334,2.1786517853295564,0.5422240602782857,219.24523739767022,3.299133285654049,0.0038980271731529743,3.935161332064858,0.0,0.6698703593178916,3.4435735009329624,2.1376963197289687,0.488992873583622,-0.2045732580463443,0.13561306454052335,0.6698703593178916,3.4435735009329624,16.215595380036852,0.06320883142023748,0.0,282,True
prostate,raw,ENSG00000257511.1,ENSG00000257511,1.4318795064727055,16.222667597407334,2.1786517853295564,0.5422240602782857,219.24523739767022,3.299133285654049,0.0038980271731529743,3.935161332064858,0.0,0.6698703593178916,3.4435735009329624,2.1376963197289687,0.488992873583622,-0.2045732580463443,0.13561306454052335,0.6698703593178916,3.4435735009329624,16.215595380036852,0.06320883142023748,0.0,282,True
skin_not_sun_exposed_suprapubic,excluded_at_or_below_-1,ENSG00000257511.1,ENSG00000257511,0.16874753684867183,44.43735176916363,1.7241424488990358,0.6071662529379028,868.3652601867022,3.2347379446827818,0.004186219798787661,3.676125249328549,0.0,0.1458665418147975,3.1129169376780883,1.6982837297091513,0.44019902836983243,-0.22572667481202863,0.33414507587957365,0.1458665418147975,3.1129169376780883,44.385273419145065,0.18580651036182877,0.0,651,True
skin_not_sun_exposed_suprapubic,raw,ENSG00000257511.1,ENSG00000257511,0.16874753684867183,44.43735176916363,1.7241424488990358,0.6071662529379028,868.3652601867022,3.2347379446827818,0.004186219798787661,3.676125249328549,0.0,0.1458665418147975,3.1129169376780883,1.6982837297091513,0.44019902836983243,-0.22572667481202863,0.33414507587957365,0.1458665418147975,3.1129169376780883,44.385273419145065,0.18580651036182877,0.0,651,True
skin_sun_exposed_lower_leg,excluded_at_or_below_-1,ENSG00000257511.1,ENSG00000257511,1.392536848349458,56.62188340274354,1.8299988998765038,0.5498140155401241,802.7938492740783,2.633223524365326,0.03121238104841042,5.462895792544807,0.0,-0.2938505328330882,2.8537362181048707,1.7593033266163605,0.442908241684622,-0.7088025718681265,1.1665795300608321,-0.2938505328330882,2.8537362181048707,56.62170051363606,1.7672980920405845,0.0,754,True
skin_sun_exposed_lower_leg,raw,ENSG00000257511.1,ENSG00000257511,1.392536848349458,56.62188340274354,1.8299988998765038,0.5498140155401241,802.7938492740783,2.633223524365326,0.03121238104841042,5.462895792544807,0.0,-0.2938505328330882,2.8537362181048707,1.7593033266163605,0.442908241684622,-0.7088025718681265,1.1665795300608321,-0.2938505328330882,2.8537362181048707,56.62170051363606,1.7672980920405845,0.0,754,True
small_intestine_terminal_ileum,excluded_at_or_below_-1,ENSG00000257511.1,ENSG00000257511,3.380679531107767,9.85625850347893,1.4873689364717921,0.3352823012345784,434.33987839612035,9.420857237021524,0.0,4.348044626150667,7.847428580302131e-05,0.4565328259198851,3.720869433193588,1.9920694971993815,0.7206944186326608,0.44013524102265317,-0.8235147352006926,0.4565328259198851,3.720869433193588,9.856194642302563,0.0,0.0007734578352902588,207,True
small_intestine_terminal_ileum,raw,ENSG00000257511.1,ENSG00000257511,3.380679531107767,9.85625850347893,1.4873689364717921,0.3352823012345784,434.33987839612035,9.420857237021524,0.0,4.348044626150667,7.847428580302131e-05,0.4565328259198851,3.720869433193588,1.9920694971993815,0.7206944186326608,0.44013524102265317,-0.8235147352006926,0.4565328259198851,3.720869433193588,9.856194642302563,0.0,0.0007734578352902588,207,True
spleen,excluded_at_or_below_-1,ENSG00000257511.1,ENSG00000257511,1.52906421038456,16.74376638469741,2.421470606619335,0.485015420650057,183.65182495866003,4.085333058345042,0.0,3.691804090465382,0.0008601379707385295,1.1553379930344283,3.822567007126108,2.434328551480872,0.46128794208911916,0.05669786474992984,0.2868979276475154,1.1553379930344283,3.822567007126108,16.739620220470137,0.0,0.014398382967368839,277,True
spleen,raw,ENSG00000257511.1,ENSG00000257511,1.52906421038456,16.74376638469741,2.421470606619335,0.485015420650057,183.65182495866003,4.085333058345042,0.0,3.691804090465382,0.0008601379707385295,1.1553379930344283,3.822567007126108,2.434328551480872,0.46128794208911916,0.05669786474992984,0.2868979276475154,1.1553379930344283,3.822567007126108,16.739620220470137,0.0,0.014398382967368839,277,True
stomach,excluded_at_or_below_-1,ENSG00000257511.1,ENSG00000257511,1.420282769872455,26.712885645396245,1.2089614892266394,0.5015643714639441,301.49688156672005,4.104573133922358,0.0,3.54215428243631,0.0016665610101733225,-0.047297419305721,2.6646876248104205,1.2334617400044843,0.43357710558961343,0.2529324728490963,0.4189665594240477,-0.047297419305721,2.6646876248104205,26.706535541693523,0.0,0.044508070850594494,407,True
stomach,raw,ENSG00000257511.1,ENSG00000257511,1.420282769872455,26.712885645396245,1.2089614892266394,0.5015643714639441,301.49688156672005,4.104573133922358,0.0,3.54215428243631,0.0016665610101733225,-0.047297419305721,2.6646876248104205,1.2334617400044843,0.43357710558961343,0.2529324728490963,0.4189665594240477,-0.047297419305721,2.6646876248104205,26.706535541693523,0.0,0.044508070850594494,407,True
testis,excluded_at_or_below_-1,ENSG00000257511.1,ENSG00000257511,0.015498276818340317,29.257669473435136,1.4129981240225584,0.5140050702326937,423.1199881059157,3.7163810678226072,0.0,3.3767881253177774,0.0023417923079701933,0.1856826296057505,2.763740870805563,1.4500079312378202,0.36342957739141657,0.236249110554359,0.17832453262484238,0.1856826296057505,2.763740870805563,29.228299649575938,0.0,0.06844660729442482,414,True
testis,raw,ENSG00000257511.1,ENSG00000257511,0.015498276818340317,29.257669473435136,1.4129981240225584,0.5140050702326937,423.1199881059157,3.7163810678226072,0.0,3.3767881253177774,0.0023417923079701933,0.1856826296057505,2.763740870805563,1.4500079312378202,0.36342957739141657,0.236249110554359,0.17832453262484238,0.1856826296057505,2.763740870805563,29.228299649575938,0.0,0.06844660729442482,414,True
thyroid,excluded_at_or_below_-1,ENSG00000257511.1,ENSG00000257511,-0.03592050524061258,56.727061084297446,2.3844553509663857,0.6516362230497794,856.1445571732005,2.798236017228554,0.019939471118384525,5.4787603291799645,0.0,-0.1400280671610425,3.67381644746789,2.368511517913327,0.4649067373591461,-0.31811224545633865,0.994663707523753,-0.1400280671610425,3.67381644746789,56.72572353532725,1.1310809261021229,0.0,684,True
thyroid,raw,ENSG00000257511.1,ENSG00000257511,-0.03592050524061258,56.727061084297446,2.3844553509663857,0.6516362230497794,856.1445571732005,2.798236017228554,0.019939471118384525,5.4787603291799645,0.0,-0.1400280671610425,3.67381644746789,2.368511517913327,0.4649067373591461,-0.31811224545633865,0.994663707523753,-0.1400280671610425,3.67381644746789,56.72572353532725,1.1310809261021229,0.0,684,True
uterus,excluded_at_or_below_-1,ENSG00000257511.1,ENSG00000257511,-6.4431781990655885,12.702855805850223,2.3761994199781604,1.5317113539808445,73.91711908200304,1.201073962096786,0.0,1.166557601830839,0.03945507769252711,1.1127201468769998,3.677062792853282,2.3797632537614093,0.5453784208322261,0.045506986457558136,-0.7115235625214238,1.1127201468769998,3.677062792853282,6.527677292887098,0.0,0.2575500147426055,153,True
uterus,raw,ENSG00000257511.1,ENSG00000257511,-6.4431781990655885,12.702855805850223,2.3761994199781604,1.5317113539808445,73.91711908200304,1.201073962096786,0.0,1.166557601830839,0.03945507769252711,1.1127201468769998,3.677062792853282,2.3797632537614093,0.5453784208322261,0.045506986457558136,-0.7115235625214238,1.1127201468769998,3.677062792853282,6.527677292887098,0.0,0.2575500147426055,153,True
vagina,excluded_at_or_below_-1,ENSG00000257511.1,ENSG00000257511,-0.10212203858310578,8.770161871149353,1.9624704078098532,0.8352061410379771,231.76583757570654,2.0135069606747273,0.1192431085732175,2.91792497576213,0.0,0.2392024915022599,3.151607199679046,1.9102837611308179,0.5512210500704049,-0.37613822449564954,-0.07445228195153097,0.2392024915022599,3.151607199679046,8.64589822477017,1.0309637807292578,0.0,170,True
vagina,raw,ENSG00000257511.1,ENSG00000257511,-0.10212203858310578,8.770161871149353,1.9624704078098532,0.8352061410379771,231.76583757570654,2.0135069606747273,0.1192431085732175,2.91792497576213,0.0,0.2392024915022599,3.151607199679046,1.9102837611308179,0.5512210500704049,-0.37613822449564954,-0.07445228195153097,0.2392024915022599,3.151607199679046,8.64589822477017,1.0309637807292578,0.0,170,True
whole_blood,excluded_at_or_below_-1,ENSG00000257511.1,ENSG00000257511,1.44556304013694,58.21177126900958,-0.23285423293513657,0.8719525689788511,651.0565862633913,5.876941670279084,0.0,1.1683602331675742,0.5053393638648257,-0.9532225944813892,3.390653929820549,-0.015768303823890065,0.593541447681484,0.9358356723774807,1.3059320719671028,-0.9532225944813892,3.390653929820549,58.21131651680703,0.0,29.416469658337284,786,True
whole_blood,raw,ENSG00000257511.1,ENSG00000257511,1.3034940200043492,58.4921199716959,-0.24602443455276407,0.9014968880590644,568.3565687416465,5.7050001314575605,0.0,1.1827910716909136,0.4968355529716083,-1.0,3.390653929820549,-0.03660508942164084,0.6040885769498819,0.8806903602349315,1.1918207975989814,-1.0,3.390653929820549,58.492041301768445,0.0,29.060925684602278,803,True
adipose_subcutaneous,excluded_at_or_below_-1,ENSG00000257514.6,ENSG00000257514,0.3438028714035696,7.38469115093014,-0.9222467824283915,0.04310164862948273,22.804777156796206,14.94933102995776,0.0,1.0131434996278283,0.5985592562795031,-0.9531248310442786,-0.4666290239493693,-0.8813278438604675,0.08243067316512613,2.9499532730189957,10.869829280323156,-0.9531248310442786,-0.4666290239493693,7.384690231390017,0.0,4.420174692755321,53,True
adipose_subcutaneous,raw,ENSG00000257514.6,ENSG00000257514,0.5789407723839258,603.6322562200769,-0.9933624040867629,0.00641177819798822,3579.6162602882546,116.17892368433013,0.0,1.464021036316821,0.3437990609326416,-1.0,-0.4666290239493693,-0.9911910024154128,0.03827135003888304,6.79486544890431,64.6819059406816,-1.0,-0.4666290239493693,601.2340453559156,0.0,206.7037001940966,714,True
adipose_visceral_omentum,excluded_at_or_below_-1,ENSG00000257514.6,ENSG00000257514,0.11272762943131528,230361133624.73843,-2.7362588553551337,0.36660594255552953,8.316839907653744,9.140412431061701,0.0,-6.91904837687603,1.0,-0.9426370719976694,-0.3667938722781163,-0.8734972383771268,0.11339018214047664,3.4071328861700034,12.473328055284426,-0.9426370719976694,-0.3667938722781163,9.2655092390887,0.0,9.265509239088633,28,True
adipose_visceral_omentum,raw,ENSG00000257514.6,ENSG00000257514,0.7179487179572723,604.9507855425427,-0.992854181003282,0.0027149388838851114,105.89743590674168,326.1152524345676,0.0,3.722262110357518,0.0009889464202483727,-1.0,-0.3667938722781163,-0.993965796719863,0.03633971658561253,10.890195383839528,159.89594620308333,-1.0,-0.3667938722781163,599.6822327885345,0.0,0.5930535974027724,587,True
adrenal_gland,excluded_at_or_below_-1,ENSG00000257514.6,ENSG00000257514,,,,,,,,,,-0.959198726719129,-0.8672007658405392,,,,,,,,,,11,False
adrenal_gland,raw,ENSG00000257514.6,ENSG00000257514,0.28947368419337627,299.9963917828291,-0.9983853041079855,0.0001917195302052063,9.899584487563054,967.678947433791,0.0,11.91075748595216,0.0,-1.0,-0.8672007658405392,-0.9968354671715989,0.017299239639681455,5.901703962537905,35.597122245524304,-1.0,-0.8672007658405392,269.4883146297869,0.0,0.0,295,True
artery_aorta,excluded_at_or_below_-1,ENSG00000257514.6,ENSG00000257514,0.3076923076923077,3.5938969535427727,-0.809328158758062,0.00038995197623587494,10.307692307692307,6.77555846791762,1.1415793144894827e-10,474.46507528825964,0.0,-0.9401560610538492,-0.8074598819397909,-0.8739584275172223,0.046426461831147896,0.29572675014675354,-1.323778662455419,-0.9401560610538492,-0.8074598819397909,3.3823781974739786,3.8612529840165166e-10,0.0,15,True
artery_aorta,raw,ENSG00000257514.6,ENSG00000257514,0.3846153844915338,468.4617093628926,-0.9974448850316785,0.0009270375659348141,21.23076923438845,289.82576099719176,0.0,3.897876822261451,0.0005022513082228687,-1.0,-0.8074598819397909,-0.9959944415524542,0.023535670882964696,6.305945664794973,40.82801577284935,-1.0,-0.8074598819397909,468.3156136883312,0.0,0.23521212963616095,472,True
artery_coronary,excluded_at_or_below_-1,ENSG00000257514.6,ENSG00000257514,,,,,,,,,,-0.9386634162338132,-0.4812916472998784,,,,,,,,,,9,False
artery_coronary,raw,ENSG00000257514.6,ENSG00000257514,0.2560790120224863,244.69421899909608,-0.9935349686595866,0.005935891744391254,215.62335467279308,122.04088003903296,0.0,1.5402799438549237,0.3067831162026134,-1.0,-0.4812916472998784,-0.9953278936925654,0.03543100158981217,12.011991473652433,165.24671327681256,-1.0,-0.4812916472998784,243.56709178991687,0.0,74.72227142371867,268,True
artery_tibial,excluded_at_or_below_-1,ENSG00000257514.6,ENSG00000257514,0.1982351200220778,6.147965204525496,-0.9113088769710063,0.03519291797357914,15.441676170453409,19.708168229781236,0.0,1.1782373981648582,0.49952630112668667,-0.9406294924779306,-0.4208681356473784,-0.8628665500093214,0.11692849895270077,2.756159398356911,6.722259060829073,-0.9406294924779306,-0.4208681356473784,6.147801327497915,0.0,3.0709884571867674,34,True
artery_tibial,raw,ENSG00000257514.6,ENSG00000257514,0.3580319044147174,604.7173017887283,-0.9927964197332777,0.00697685477038036,2921.8811437248996,115.9302812913441,0.0,1.460170986228903,0.3457122071477573,-1.0,-0.4208681356473784,-0.9932524785822242,0.039178415621968554,9.52380466369073,113.28647251023143,-1.0,-0.4208681356473784,602.3628748373991,0.0,208.2441989639051,691,True
bladder,excluded_at_or_below_-1,ENSG00000257514.6,ENSG00000257514,,,,,,,,,,-0.9428838825520084,-0.9057017638384816,,,,,,,,,,4,False
bladder,raw,ENSG00000257514.6,ENSG00000257514,0.12194622356091193,68.18933573865618,-0.9988300049336266,0.0011598711357767542,27.012479926938575,113.5498742353867,0.0,1.426557519828998,0.36273063147936146,-1.0,-0.9057017638384816,-0.9960921679331501,0.017078985821867426,4.25156949840517,16.686151887113866,-1.0,-0.9057017638384816,67.95527639248311,0.0,24.649460318199935,77,True
brain_amygdala,excluded_at_or_below_-1,ENSG00000257514.6,ENSG00000257514,0.2760950719539002,1138394089950.6348,-2.6392981619256677,0.3370662551230754,36.3801062032649,10.576983800708783,0.0,-7.037908699808631,1.0,-0.9618700899151638,-0.1183604372018878,-0.8755193449085904,0.14174132651297655,3.8615434703836327,17.57448820291362,-0.9618700899151638,-0.1183604372018878,19.97657343468961,0.0,19.976573434689254,42,True
brain_amygdala,raw,ENSG00000257514.6,ENSG00000257514,0.9561873661346824,67314072176.032394,-1.2588150947857066,0.06032932477760195,196.92258686221155,26.734037716685854,0.0,-6.067029898678965,1.0,-1.0,-0.1183604372018878,-0.9711149861113856,0.08574855641874918,6.3178763723738225,53.98459134132913,-1.0,-0.1183604372018878,684.1719344796273,0.0,684.1719344796055,181,True
brain_anterior_cingulate_cortex_ba24,excluded_at_or_below_-1,ENSG00000257514.6,ENSG00000257514,0.4276040628299524,12.652141702398694,-0.9271158152307605,0.05687427133972581,97.0275811760334,14.656963311646198,0.0,1.197992949635329,0.48793657793018846,-0.9752945188533628,-0.3376686973540532,-0.8809600716231502,0.11056114323550816,3.255616500212144,12.210876518072178,-0.9752945188533628,-0.3376686973540532,12.651841738158751,0.0,6.173296362231508,88,True
brain_anterior_cingulate_cortex_ba24,raw,ENSG00000257514.6,ENSG00000257514,2.256247344973338,143.79873886591218,-0.9914554066996321,0.0030934358815079624,669.4358984712867,298.88902394352556,0.0,3.9062971379424494,0.0004904946845947809,-1.0,-0.3376686973540532,-0.9550407137460825,0.08904426585856803,3.912963035059708,20.8615361850148,-1.0,-0.3376686973540532,142.44160496020896,0.0,0.06986685009813254,233,True
brain_caudate_basal_ganglia,excluded_at_or_below_-1,ENSG00000257514.6,ENSG00000257514,0.25730070592082943,11.05474326063907,-0.9462205112337926,0.046053718041904175,95.52342718658012,13.102707775058313,0.0,0.9014258247664637,0.666156555326517,-0.9755753497631472,-0.5195321909454274,-0.9148287604811253,0.07590459718831612,3.41399588284005,13.335634373451686,-0.9755753497631472,-0.5195321909454274,11.054149738896175,0.0,7.363794312126593,75,True
brain_caudate_basal_ganglia,raw,ENSG00000257514.6,ENSG00000257514,1.923076923125585,251.26051331746575,-0.9948239902878925,0.0024058463330418915,554.76923076964,279.3877977505565,0.0,3.0425813292000865,0.009993243141730801,-1.0,-0.5195321909454274,-0.9787071901202812,0.052826369214011404,4.745539251876502,31.199123759727,-1.0,-0.5195321909454274,245.5954893689076,0.0,2.4542954397758168,300,True
brain_cerebellar_hemisphere,excluded_at_or_below_-1,ENSG00000257514.6,ENSG00000257514,0.21273941028986842,2.1295521528787633,-0.9264738459281766,0.039531950380637275,29.076163540968984,6.033693230639678,0.0,0.6172714745013269,0.8265442558923981,-0.943728626924918,-0.7578121474748083,-0.8955044278318769,0.04632936948529277,1.5670181305490474,1.7021581810074595,-0.943728626924918,-0.7578121474748083,2.1295303577559412,0.0,1.760151084951657,32,True
brain_cerebellar_hemisphere,raw,ENSG00000257514.6,ENSG00000257514,0.8484872124780832,237.3409211457958,-0.9969993095180201,0.002813527475898178,113.14515896250532,120.22691493320357,0.0,1.508290646689148,0.3218079992315022,-1.0,-0.7578121474748083,-0.987928309352419,0.03688952803920496,3.473297181159719,13.020535784372989,-1.0,-0.7578121474748083,236.4714407866623,0.0,76.09840123494608,277,True
brain_cerebellum,excluded_at_or_below_-1,ENSG00000257514.6,ENSG00000257514,0.09460337993672999,1121507914021.4707,-4.7058315313447965,0.7380223139899937,18.928019298574135,8.06015209423251,0.0,-7.227111178705558,1.0,-0.934287079019652,-0.4995558612721101,-0.8528046041153469,0.08275906705246436,2.1572058923393818,6.874338551229117,-0.934287079019652,-0.4995558612721101,5.095762238487652,0.0,5.095762238487652,37,True
brain_cerebellum,raw,ENSG00000257514.6,ENSG00000257514,0.9487179487174858,250.60383011404826,-0.9945161722017889,0.0025130409464892874,89.89743589790275,278.53886962368273,0.0,3.0860235909738365,0.008732174969970743,-1.0,-0.4995558612721101,-0.9795254524521348,0.05945402903514931,3.7865336003558903,18.697168243647326,-1.0,-0.4995558612721101,245.38866143874984,0.0,2.1427767273301,266,True
brain_cortex,excluded_at_or_below_-1,ENSG00000257514.6,ENSG00000257514,0.44583194604700394,16.379426696247357,-0.9309533549239449,0.035904652620187674,122.33011113271651,26.873900192535036,0.0,1.71814128114918,0.22854898827256837,-0.97457425313436,-0.2486673999346323,-0.8909028593108967,0.10195839269733502,4.401623099149256,22.86643240445603,-0.97457425313436,-0.2486673999346323,16.379426203918285,0.0,3.743501287390719,73,True
brain_cortex,raw,ENSG00000257514.6,ENSG00000257514,1.8684210340938374,258.49173645011314,-0.9950880191962129,0.008447825291708299,662.3421054615633,124.95501819039053,0.0,0.8222932684995778,0.7132467523096764,-1.0,-0.2486673999346323,-0.9705033656655387,0.07168764065635662,5.500415990496923,44.50652942925532,-1.0,-0.2486673999346323,258.4516042150788,0.0,184.33976733563088,270,True
brain_frontal_cortex_ba9,excluded_at_or_below_-1,ENSG00000257514.6,ENSG00000257514,0.7168496997356342,21.658839976438195,-0.935409085623865,0.027769094102790104,79.99676230721896,49.78709204268094,0.0,2.06124945229558,0.11952325822961377,-0.9758831918925616,0.0421960518332595,-0.8676638226011014,0.14624367546093425,4.051092340678341,20.569542126637838,-0.9758831918925616,0.0421960518332595,21.6560168162456,0.0,2.588397690152981,70,True
brain_frontal_cortex_ba9,raw,ENSG00000257514.6,ENSG00000257514,1.467329889905585,61646972725.08892,-1.3548827721023442,0.08320012387112634,478.1106582100558,23.747174025538346,0.0,-6.032202910383736,1.0,-1.0,0.0421960518332595,-0.9655630765132979,0.09428858888865292,6.060538931100608,52.19222761223334,-1.0,0.0421960518332595,773.5219020407679,0.0,773.5219020407543,269,True
brain_hippocampus,excluded_at_or_below_-1,ENSG00000257514.6,ENSG00000257514,0.3289213888254615,14.693649063278498,-0.9503147813855928,0.0445518913245531,39.80813101104588,22.759691154229035,0.0,0.5941607263616877,0.8382240352035689,-0.9690325937545848,-0.2333174947932469,-0.9063119044922744,0.09928647039674846,5.443204786533308,34.12188252066705,-0.9690325937545848,-0.2333174947932469,14.693008209979933,0.0,12.316032631048547,59,True
brain_hippocampus,raw,ENSG00000257514.6,ENSG00000257514,,,,,,,,,,,,,,,,,,,,,255,False
brain_hypothalamus,excluded_at_or_below_-1,ENSG00000257514.6,ENSG00000257514,0.32392746543415935,13.02984571941853,-0.92993577371689,0.05518897680537353,136.81798099356894,13.737483921253732,0.0,1.246868314853948,0.4596303754683097,-0.9785941859529872,-0.3938373359236252,-0.901900293950283,0.07625163526104399,4.024306130510838,21.995636973052477,-0.9785941859529872,-0.3938373359236252,13.02974599979548,0.0,5.988867046142703,91,True
brain_hypothalamus,raw,ENSG00000257514.6,ENSG00000257514,2.3333333314775295,185.44252034724067,-0.9928703666267605,0.0012658753031520717,768.6666666744081,669.2291367249005,0.0,7.965100658869991,1.6754187265993988e-14,-1.0,-0.3938373359236252,-0.9652643064181936,0.0652202772924507,3.8846911143885636,25.17607951310783,-1.0,-0.3938373359236252,185.19855722994524,0.0,3.1028513092223875e-12,257,True
brain_nucleus_accumbens_basal_ganglia,excluded_at_or_below_-1,ENSG00000257514.6,ENSG00000257514,0.15541106536685484,20.450072324736887,-0.9591970883179035,0.10301522943582364,86.39104857051481,10.586937265825796,0.0,0.1942559184342084,0.9813160233428047,-0.9733472269809688,-0.1880152806483264,-0.8930113127642357,0.1014214149207568,4.426671386074336,24.412708131689303,-0.9733472269809688,-0.1880152806483264,20.449930121365988,0.0,20.06784410433711,116,True
brain_nucleus_accumbens_basal_ganglia,raw,ENSG00000257514.6,ENSG00000257514,2.776066403765757,50693011295.47479,-1.255761844673637,0.06016153803630624,1596.4831553700383,25.09945259562014,0.0,-6.012177901049321,1.0,-1.0,-0.1880152806483264,-0.9564537273005311,0.08329247819742343,4.697775381974297,33.40839187809638,-1.0,-0.1880152806483264,717.6000187250319,0.0,717.6000187250165,285,True
brain_putamen_basal_ganglia,excluded_at_or_below_-1,ENSG00000257514.6,ENSG00000257514,0.44033838825255445,10.438372780535355,-0.9442176773130266,0.02701127553317165,56.772315908510436,27.792188224208704,0.0,1.956129474378177,0.14763152984346245,-0.9815794687827138,-0.4133908815820005,-0.8859946786197094,0.12458982837728187,2.5575185350625658,5.828151616232571,-0.9815794687827138,-0.4133908815820005,10.436436772813197,0.0,1.5407471268849806,52,True
brain_putamen_basal_ganglia,raw,ENSG00000257514.6,ENSG00000257514,1.3333333428852512,217.1459077185038,-0.9926623223852588,1.8024234374339396e-05,300.66666666666674,45450.66996275098,,575.7272671654802,,-1.0,-0.4133908815820005,-0.9766603279063972,0.07248128964818865,5.2141372756306605,31.451400186663733,-1.0,-0.4133908815820005,0.0,0.0,0.0,254,True
brain_spinal_cord_cervical_c-1,excluded_at_or_below_-1,ENSG00000257514.6,ENSG00000257514,0.2503557980379117,1.7797727366467035,-0.9277216130470857,0.027071067366165755,19.382482957559482,6.833091126370112,0.0,1.7030976671738123,0.23451249698014046,-0.9603225390358427,-0.796921658130295,-0.9086483347385664,0.04223957687822738,1.4019046471259715,1.2153513412363877,-0.9603225390358427,-0.796921658130295,1.779729254150201,0.0,0.41736875133936674,30,True
brain_spinal_cord_cervical_c-1,raw,ENSG00000257514.6,ENSG00000257514,0.7915195968957287,161.3105001558345,-0.9974739318972722,0.0024159489729132905,193.2628142028345,117.39641387541855,0.0,1.4786735193533838,0.33647408101694865,-1.0,-0.796921658130295,-0.986565931579201,0.03614954847318853,3.0186301677533054,9.497716545242655,-1.0,-0.796921658130295,160.6659797129711,0.0,54.05993787460965,204,True
brain_substantia_nigra,excluded_at_or_below_-1,ENSG00000257514.6,ENSG00000257514,0.10217132640658387,92.38785609617273,-1.1996902176470974,0.2165717011707839,39.39390435141798,9.13900869445355,0.0,-1.5190027767883625,1.0,-0.9670711675934598,0.1998513456873289,-0.8713907849874646,0.16281020347001235,4.685241400021807,24.92891658717403,-0.9670711675934598,0.1998513456873289,29.145800129740337,0.0,29.145800129740337,82,True
brain_substantia_nigra,raw,ENSG00000257514.6,ENSG00000257514,0.9678197288223965,746181697991.5554,-2.2063853228442167,0.256070649647929,364.52042488641763,13.289037754211385,0.0,-6.662561630393138,1.0,-1.0,0.1998513456873289,-0.942371827152853,0.12613535098922835,5.751611164866956,42.84202035973246,-1.0,0.1998513456873289,171.29226182770736,0.0,171.29226182770736,183,True
breast_mammary_tissue,excluded_at_or_below_-1,ENSG00000257514.6,ENSG00000257514,1.4465658330361637,10388571819484.73,-12.75316690317114,2.305389073573607,312.2634939705942,8.850756255346067,0.0,-7.230481585812846,1.0,-0.9663521758135054,1.6749486989015665,-0.5496729556140819,0.4412420813551542,1.5518430229775102,2.647076515114584,-0.9663521758135054,1.6749486989015665,46.145215145512935,0.0,46.145215145512935,212,True
breast_mammary_tissue,raw,ENSG00000257514.6,ENSG00000257514,3.68546589916309,1485824088865.7747,-2.559704856431844,0.3375112247614703,1003.644134867135,17.743719469289832,0.0,-6.535355269514286,1.0,-1.0,1.6749486989015665,-0.8142619972571699,0.3596096395150173,2.629202778023836,7.8973694586415135,-1.0,1.6749486989015665,789.6236399937634,0.0,789.6236399937635,514,True
cells_cultured_fibroblasts,excluded_at_or_below_-1,ENSG00000257514.6,ENSG00000257514,0.25556997837919054,0.3336868054406735,-0.9523334129878283,0.04948919998355674,8.690468857045046,3.589107207513202,0.0,-0.3396758375505283,1.0,-0.9404467461495384,-0.8267356609361577,-0.8922505619998702,0.035234435944997484,0.37096990462607915,-1.0225633231889428,-0.9404467461495384,-0.8267356609361577,0.31444896692880697,0.0,0.3144489669288066,14,True
cells_cultured_fibroblasts,raw,ENSG00000257514.6,ENSG00000257514,0.3589743589743584,874.459823018018,-0.9982731131037273,0.000781008203142629,10.974358993963916,310.61209131244016,0.0,3.126966989036111,0.007530162651192345,-1.0,-0.8267356609361577,-0.9976863617607333,0.016404456213509985,7.559967106613339,59.22725404957019,-1.0,-0.8267356609361577,874.3525873441552,0.0,6.58401719719237,652,True
cells_ebv-transformed_lymphocytes,excluded_at_or_below_-1,ENSG00000257514.6,ENSG00000257514,1.219554830931267,18.64910163799344,-0.941495563635154,0.011000860877243605,114.37389209030655,54.97047164534928,0.0,3.0300844176078,0.010149783528073409,-0.9650659337767558,-0.5138921754225503,-0.8831191065891059,0.08130667003580525,1.8412758044655222,4.225726853270158,-0.9650659337767558,-0.5138921754225503,18.641589653763603,0.0,0.1892080996048735,81,True
cells_ebv-transformed_lymphocytes,raw,ENSG00000257514.6,ENSG00000257514,2.0769231128670085,244.53253437217487,-0.9940352727941636,0.002234115463349037,546.7692308019901,303.9345509765521,0.0,3.775721644084022,0.0008153627905139166,-1.0,-0.5138921754225503,-0.9710478520908793,0.06462051527497256,3.0430773104831528,11.499751301800954,-1.0,-0.5138921754225503,240.61275133700755,0.0,0.1961866843633735,327,True
cervix_ectocervix,excluded_at_or_below_-1,ENSG00000257514.6,ENSG00000257514,,,,,,,,,,-0.9559738585197542,-0.9559738585197542,,,,,,,,,,1,False
cervix_ectocervix,raw,ENSG00000257514.6,ENSG00000257514,0.02564102515906884,33.60680855018023,-0.9996191763504202,0.00027484355220405227,0.9743589756450075,224.57794594499495,0.0,1.9595364919037266,0.1469679805228615,-1.0,-0.9559738585197542,-0.9981655774383231,0.008986798497515247,4.587317109255657,19.043478260869634,-1.0,-0.9559738585197542,33.527888526001036,0.0,4.927526067861987,24,True
cervix_endocervix,excluded_at_or_below_-1,ENSG00000257514.6,ENSG00000257514,,,,,,,,,,,,,,,,,,,,,0,False
cervix_endocervix,raw,ENSG00000257514.6,ENSG00000257514,0.0,23.0,-0.9875,1.0001e-06,0.0,-17675.90193946968,0.0,,,-1.0,-1.0,-1.0,0.0,,,,-1.0,1.878384830178061e-188,0.0,,23,True
colon_sigmoid,excluded_at_or_below_-1,ENSG00000257514.6,ENSG00000257514,0.09765726438025038,7.873076970241293,-0.9244668403612638,0.02207172367241563,5.2203345226524185,49.13652268630402,0.0,1.8118827530635655,0.1937611600866877,-0.9527450131326576,-0.1575899132756458,-0.8759471387704688,0.17599530185982315,3.8568100477941734,13.285576530562484,-0.9527450131326576,-0.1575899132756458,7.870475006158077,0.0,1.5249923676264694,19,True
colon_sigmoid,raw,ENSG00000257514.6,ENSG00000257514,0.487844462874122,520.5546392973027,-0.9894882476573584,3.571585940296103e-05,85.74360698910407,32940.041949562314,,416.22581608769576,,-1.0,-0.1575899132756458,-0.9943746912568948,0.04473934320019941,15.992597863871287,291.2410417916937,-1.0,-0.1575899132756458,0.0,0.0,0.0,419,True
colon_transverse,excluded_at_or_below_-1,ENSG00000257514.6,ENSG00000257514,0.3304751496307371,3.875266017809353,-0.9370646542959347,0.030810984039524425,43.13480359744513,7.440567416526775,0.0,2.5210907104189983,0.041671974306720476,-0.9919907897167888,-0.7749595734120255,-0.9201678696763838,0.041754681365936804,1.3957305368578794,1.9807694279036623,-0.9919907897167888,-0.7749595734120255,3.8751779339980117,0.0,0.16148631529953528,52,True
colon_transverse,raw,ENSG00000257514.6,ENSG00000257514,1.333333333337192,458.62234699271943,-0.9974469677258614,0.0009520140364285566,114.6666667070536,330.50425566838766,0.0,3.7925206237589073,0.0007577972330386297,-1.0,-0.7749595734120255,-0.9913334639314655,0.028356065963147256,3.910966791823103,17.286510885465837,-1.0,-0.7749595734120255,455.6456699305842,0.0,0.3452870279194291,479,True
esophagus_gastroesophageal_junction,excluded_at_or_below_-1,ENSG00000257514.6,ENSG00000257514,0.14109140337581175,353397490310.4842,-1.8384330146492098,0.17610759287195696,13.957214913193507,7.9596277614329,0.0,-7.207704473200032,1.0,-0.9408801140973896,-0.8472454581739566,-0.9160644834702838,0.024345255668268367,1.2513215151820434,1.2551951025118715,-0.9408801140973896,-0.8472454581739566,1.8441411420951637,0.0,1.8441411420951637,19,True
esophagus_gastroesophageal_junction,raw,ENSG00000257514.6,ENSG00000257514,0.48717948716506915,426.5210175759384,-0.9983445647286201,0.0007790841526247956,41.74358974418854,274.27897876261034,0.0,3.0049886196878806,0.011230795615325452,-1.0,-0.8472454581739566,-0.996042742396862,0.018542391899247678,4.911704561046111,24.71154103077782,-1.0,-0.8472454581739566,415.62316988339785,0.0,4.6677788739538855,403,True
esophagus_mucosa,excluded_at_or_below_-1,ENSG00000257514.6,ENSG00000257514,0.10375618282631155,1.0372001969786129,-0.9418214056466293,0.05053482408047908,17.536389437478324,3.2401397225262047,0.0,0.4265336014042079,0.9125919834563018,-0.9570629512553456,-0.8260398184588545,-0.9165959494503128,0.032275822069147725,1.1336665941174462,1.0434303238471472,-0.9570629512553456,-0.8260398184588545,1.0317514106113381,0.0,0.9415680662436381,23,True
esophagus_mucosa,raw,ENSG00000257514.6,ENSG00000257514,0.5897435897435895,799.1316143064704,-0.9982439589647865,0.0007605771509582426,27.435897435897445,320.19556555632255,0.0,3.2651744072960196,0.0048423009602903975,-1.0,-0.8260398184588545,-0.9968757440347836,0.016988539090105028,6.067552688456627,40.10358097636946,-1.0,-0.8260398184588545,798.8785783223716,0.0,3.8684105069658274,614,True
esophagus_muscularis,excluded_at_or_below_-1,ENSG00000257514.6,ENSG00000257514,0.21870100312758148,1905317602055.0112,-2.7463354026034232,0.35653766309564494,31.44398084868382,11.154388720726198,0.0,-7.150025238566565,1.0,-0.9437411145415294,0.0657997611088201,-0.8216336609144506,0.21584845781643291,3.1110601037943906,9.291024073821012,-0.9437411145415294,0.0657997611088201,15.0931254928258,0.0,15.093125492825694,29,True
esophagus_muscularis,raw,ENSG00000257514.6,ENSG00000257514,0.7435897445353323,736.7432816687912,-0.988193705533628,0.0026514708351901613,145.43589743589743,562.1679240803272,0.0,6.297116880984546,2.602050177591968e-09,-1.0,0.0657997611088201,-0.9907796366604616,0.06238509572248056,12.239526753355388,180.22007567352998,-1.0,0.0657997611088201,693.9258907243336,0.0,1.8056299871949122e-06,561,True
fallopian_tube,excluded_at_or_below_-1,ENSG00000257514.6,ENSG00000257514,,,,,,,,,,-0.9214174893320984,-0.8964781896921716,,,,,,,,,,2,False
fallopian_tube,raw,ENSG00000257514.6,ENSG00000257514,0.05128205128205366,29.112081400306995,-0.9988226106478361,0.00041972173315607704,1.897435898296846,344.8400612005007,0.0,3.9671045325765912,0.0003847152463248213,-1.0,-0.8964781896921716,-0.9937205406560092,0.023715922553927425,3.517302547509004,10.655950806388304,-1.0,-0.8964781896921716,28.939318942211194,0.0,0.011133397215325774,29,True
heart_atrial_appendage,excluded_at_or_below_-1,ENSG00000257514.6,ENSG00000257514,0.06135803734243969,244817967585.9171,-2.445366578455173,0.2922216123770449,14.40189318773529,7.76337675116088,0.0,-7.1675958131702275,1.0,-0.9643127538285172,-0.8412054163263994,-0.9326469197138079,0.031106682862565616,1.5279384133157947,2.1798680386776965,-0.9643127538285172,-0.8412054163263994,1.6901081531658182,0.0,1.6901081531658182,18,True
heart_atrial_appendage,raw,ENSG00000257514.6,ENSG00000257514,0.4615384615384615,452.0226183432798,-0.9980954449575835,0.0005519702430441186,21.692307692307693,401.97095602052104,0.0,4.879697058336011,6.80477194833845e-06,-1.0,-0.8412054163263994,-0.9973701617241835,0.014364601123205199,6.480436277363536,48.370410883528095,-1.0,-0.8412054163263994,448.4947444572409,0.0,0.0030519044560599617,461,True
heart_left_ventricle,excluded_at_or_below_-1,ENSG00000257514.6,ENSG00000257514,0.13005089231755984,201830036275.51135,-1.3239331269911874,0.07101836257927727,9.072474049701343,8.543114770475928,0.0,-7.082214100564269,1.0,-0.9682815746089942,-0.8949186991363545,-0.9520714315553435,0.019603111959628113,1.8091162298527095,2.80439457437834,-0.9682815746089942,-0.8949186991363545,2.5903744676076896,0.0,2.5903744676075786,15,True
heart_left_ventricle,raw,ENSG00000257514.6,ENSG00000257514,0.3846153846153846,451.2727820727701,-0.9987376296906297,0.00028146661494789926,21.230769231302013,521.6325198926489,0.0,6.342710351562633,1.8648748471504346e-09,-1.0,-0.8949186991363545,-0.9984094501622348,0.009262574173588757,6.767812850780756,52.49990715465492,-1.0,-0.8949186991363545,444.5918121869903,0.0,8.291080877964596e-07,452,True
kidney_cortex,excluded_at_or_below_-1,ENSG00000257514.6,ENSG00000257514,,,,,,,,,,-0.9469067407963738,-0.8466084038874566,,,,,,,,,,4,False
kidney_cortex,raw,ENSG00000257514.6,ENSG00000257514,0.10256410255073967,120.51973291752742,-0.9984417020159237,0.0008289239166905526,5.589743590369792,259.04031131155676,0.0,2.6585867519639654,0.029206944707402396,-1.0,-0.8466084038874566,-0.9969684208144745,0.01743541638149505,6.981877494535376,53.36536154632362,-1.0,-0.8466084038874566,120.43624248032127,0.0,3.5175746748900254,104,True
kidney_medulla,excluded_at_or_below_-1,ENSG00000257514.6,ENSG00000257514,,,,,,,,,,,,,,,,,,,,,0,False
kidney_medulla,raw,ENSG00000257514.6,ENSG00000257514,0.0,11.0,-0.9875,1.0001e-06,0.0,-17675.90193946968,0.0,,,-1.0,-1.0,-1.0,0.0,,,,-1.0,8.983579622590726e-189,0.0,,11,True
liver,excluded_at_or_below_-1,ENSG00000257514.6,ENSG00000257514,,,,,,,,,,-0.9760406849231064,-0.8172352517767588,,,,,,,,,,6,False
liver,raw,ENSG00000257514.6,ENSG00000257514,0.15384615384623898,283.3168125858539,-0.9979736646605587,0.0008085709072296501,5.076923088470962,316.1166354819909,0.0,3.5441182626422236,0.0019073237036037881,-1.0,-0.8172352517767588,-0.9982064081255383,0.014076813913359932,9.947821027975541,111.75676623702387,-1.0,-0.8172352517767588,278.1701126701238,0.0,0.5305604495298426,262,True
lung,excluded_at_or_below_-1,ENSG00000257514.6,ENSG00000257514,0.21043856094098315,1.672631806437781,-0.9145099872277193,0.04144025859376764,35.05970677166583,5.13062786549718,0.0,1.5607426492102339,0.2958335488800181,-0.9602439419163328,-0.7641688003295967,-0.8954800406594212,0.0479693138733095,1.315811107934199,1.243667099926923,-0.9602439419163328,-0.7641688003295967,1.6726201133859107,0.0,0.49481714407105226,32,True
lung,raw,ENSG00000257514.6,ENSG00000257514,0.8205126431460062,664.9229945143968,-0.9975204062611736,0.0012012813546002467,55.743589754416476,274.7141663742845,0.0,2.9191122306154766,0.014249034110945214,-1.0,-0.7641688003295967,-0.9944625187104329,0.025832517524593878,5.444666977501274,33.164310884461,-1.0,-0.7641688003295967,658.6085059227881,0.0,9.384535066652465,604,True
minor_salivary_gland,excluded_at_or_below_-1,ENSG00000257514.6,ENSG00000257514,0.7298029530136632,10.617379766902198,-0.9340855475659924,0.02468956239294423,37.56355001751402,38.8088339917432,0.0,1.197990324870906,0.4879308845791084,-0.9550002507331796,-0.2565548310391945,-0.8172994401221376,0.1624164659313149,1.54227802062204,1.7227937777210638,-0.9550002507331796,-0.2565548310391945,10.61728531381824,0.0,5.18050141500011,53,True
minor_salivary_gland,raw,ENSG00000257514.6,ENSG00000257514,1.3589743596017416,129.074121747992,-0.9912797012361212,0.004151172709007776,180.97436002742862,250.3046606060541,0.0,2.970814669566155,0.012121077637222397,-1.0,-0.2565548310391945,-0.9465020460026149,0.12071083961246586,3.061990307040285,10.070863211280395,-1.0,-0.2565548310391945,129.0663114351217,0.0,1.5644227812550349,181,True
muscle_skeletal,excluded_at_or_below_-1,ENSG00000257514.6,ENSG00000257514,1.9455101477067016,45.487640210831856,0.36551206443668927,1.24482629710726,760.6907210397648,4.294377199057588,0.0,1.4774154614316661,0.3356893610039262,-0.934946131606123,4.1455307329851365,0.6151980508882153,0.9051704255325534,0.8683381042581009,0.870436017910245,-0.934946131606123,4.1455307329851365,45.48291309652832,0.0,15.2681300339707,813,True
muscle_skeletal,raw,ENSG00000257514.6,ENSG00000257514,2.0137573895588443,46.212626105060714,0.3685304468467429,1.2287602003459812,968.6018353657024,4.347052442160789,0.0,1.575078943724112,0.2892031954386362,-1.0,4.1455307329851365,0.6053252021664047,0.9111463935127584,0.8445653791511031,0.8432232280045313,-1.0,4.1455307329851365,46.208762734753634,0.0,13.363721840156527,818,True
nerve_tibial,excluded_at_or_below_-1,ENSG00000257514.6,ENSG00000257514,0.5978271994214839,16.101945058693172,-0.9127401767281624,0.023581572332249754,49.03443456712208,28.67783803795095,0.0,2.874108724655927,0.01608309747322039,-0.960665047896484,-0.4345461259727138,-0.8777006474271758,0.08863090369773778,3.2383794435940514,11.54812752105325,-0.960665047896484,-0.4345461259727138,16.09769348732915,0.0,0.2589007734507398,75,True
nerve_tibial,raw,ENSG00000257514.6,ENSG00000257514,1.923080165435004,609.8689884361909,-0.9934759827763923,0.0032566031344861256,570.7692342777601,242.72106586660956,0.0,2.8331218935086824,0.018085854229654096,-1.0,-0.4345461259727138,-0.9863097739657286,0.04855943123544787,5.874809425199746,47.92389205320354,-1.0,-0.4345461259727138,609.4637729605683,0.0,11.022672956019818,670,True
ovary,excluded_at_or_below_-1,ENSG00000257514.6,ENSG00000257514,,,,,,,,,,-0.9268666667535552,-0.8567450448767722,,,,,,,,,,5,False
ovary,raw,ENSG00000257514.6,ENSG00000257514,0.12820512820512256,206.88714617138652,-0.9984097811158794,0.0006456183588374952,4.358974358974426,310.31365288325117,0.0,3.4833413304957364,0.002357970318787662,-1.0,-0.8567450448767722,-0.9972704856328359,0.017272970817427048,6.490961103505664,42.124093453613185,-1.0,-0.8567450448767722,203.42433326843835,0.0,0.4796685399661448,193,True
pancreas,excluded_at_or_below_-1,ENSG00000257514.6,ENSG00000257514,0.04151361919355019,1.5018601322807879,-0.9442217967857828,0.04064959709448843,6.782493789045162,8.533222268157456,0.0,0.4586860497124891,0.9001677070910218,-0.9574060877654192,-0.698946220064361,-0.9096533358591427,0.06701234454044407,2.612305185868651,5.889025750399599,-0.9574060877654192,-0.698946220064361,1.5018267098135372,0.0,1.3518959058209052,13,True
pancreas,raw,ENSG00000257514.6,ENSG00000257514,0.344299498951637,326.3498600005311,-0.9962701998436773,0.00371622087109185,548.0833975791746,113.14709733577092,0.0,1.4193811802319982,0.36638226452408645,-1.0,-0.698946220064361,-0.9967555065363781,0.020800458732102664,9.778102026685927,120.82605025161857,-1.0,-0.698946220064361,325.29308655540683,0.0,119.1816176861992,362,True
pituitary,excluded_at_or_below_-1,ENSG00000257514.6,ENSG00000257514,0.16614732328670753,611824251814.6233,-1.4938450502612233,0.10663392050634415,9.973874391656537,9.841945429598173,0.0,-7.266467430706903,1.0,-0.9459420100247032,-0.7517469298002094,-0.8948813502125141,0.05838206949009646,1.439400717200029,1.2721850457097181,-0.9459420100247032,-0.7517469298002094,2.0937075608635034,0.0,2.093707560863444,11,True
pituitary,raw,ENSG00000257514.6,ENSG00000257514,0.28205128205067437,314.31102565768487,-0.9971339721620859,0.0011726976007172308,13.897435897449613,295.9242716336598,0.0,3.456283560261387,0.0025490041939123147,-1.0,-0.7517469298002094,-0.9963057343525165,0.022025786014310145,7.379691217138823,62.94584107106651,-1.0,-0.7517469298002094,314.02968103746394,0.0,0.8004629739774375,313,True
prostate,excluded_at_or_below_-1,ENSG00000257514.6,ENSG00000257514,2.3762337094390165,21.529680897248134,-0.9154256597242992,0.030740812259056793,346.5516369981921,39.72063621735142,0.0,2.2032613513761854,0.08833520280474876,-0.9633180328158412,-0.0520167282479667,-0.7816599336582963,0.17262112962711848,1.9523314407679706,4.539458532606821,-0.9633180328158412,-0.0520167282479667,21.517547752635785,0.0,1.9007569445899475,146,True
prostate,raw,ENSG00000257514.6,ENSG00000257514,3.7435897099056423,212.19483083582995,-0.99151405117463,0.004892311920529354,1059.4358974360061,271.57913834577033,0.0,2.4530210079376804,0.050039472258324856,-1.0,-0.0520167282479667,-0.8869586890571322,0.16529273852609166,2.202503012157077,6.103937733773119,-1.0,-0.0520167282479667,209.30488589469346,0.0,10.47350603125936,282,True
skin_not_sun_exposed_suprapubic,excluded_at_or_below_-1,ENSG00000257514.6,ENSG00000257514,0.5376187982308075,7.183623320740395,-0.9221738870521946,0.024576229000651484,46.07946409498517,12.491836774438859,0.0,2.607021574765071,0.033432618744010156,-0.9674787553802514,-0.7050905204549959,-0.8981845609456286,0.05271188059395789,1.7995761878314191,3.2220671987681984,-0.9674787553802514,-0.7050905204549959,7.183210280197338,0.0,0.24015353065589196,69,True
skin_not_sun_exposed_suprapubic,raw,ENSG00000257514.6,ENSG00000257514,1.7692307616817444,629.643858703661,-0.9966830383928946,0.0012921632142655205,278.9230769683571,319.1346797383443,0.0,3.6302628327844055,0.0013887145188004753,-1.0,-0.7050905204549959,-0.9892085018513801,0.03569977834940475,4.084185658911971,19.609845273292066,-1.0,-0.7050905204549959,623.3617477103868,0.0,0.8656715095102527,651,True
skin_sun_exposed_lower_leg,excluded_at_or_below_-1,ENSG00000257514.6,ENSG00000257514,0.9016249613678486,17.839809562956972,-0.9220532220076705,0.023008387837060076,80.02943032086026,25.700099643540295,0.0,3.162543102057063,0.006733341760572246,-0.9735058598408458,-0.5039283533298349,-0.8864355464721746,0.07546326837293213,2.5699426539192594,8.281886480103102,-0.9735058598408458,-0.5039283533298349,17.837031683640788,0.0,0.12010283032010882,98,True
skin_sun_exposed_lower_leg,raw,ENSG00000257514.6,ENSG00000257514,2.5128205128205137,853.8188444422116,-0.9938130151930931,2.690133376245403e-05,769.7435897435897,25753.426908985268,,325.252193864671,,-1.0,-0.5039283533298349,-0.9852396333611048,0.046839109234177265,4.69084450097943,29.8702165325668,-1.0,-0.5039283533298349,0.0,0.0,0.0,754,True
small_intestine_terminal_ileum,excluded_at_or_below_-1,ENSG00000257514.6,ENSG00000257514,0.36459903496119317,1.716621263289928,-0.917937968849086,0.03547017785673245,30.000258139014957,6.777402031336756,0.0,1.6642136453139775,0.25037318400602715,-0.9596784496091726,-0.7479525707068825,-0.8840625885875357,0.05840495176086797,1.0063932803858961,-0.2076419309006714,-0.9596784496091726,-0.7479525707068825,1.716619905563721,0.0,0.42979559148411456,34,True
small_intestine_terminal_ileum,raw,ENSG00000257514.6,ENSG00000257514,0.8717948717948623,189.0411830032455,-0.9965352486212138,0.001026172524534203,50.358974358974905,342.5827393274286,0.0,4.7749265089264625,1.1299565014765894e-05,-1.0,-0.7479525707068825,-0.9809571401544744,0.04899541713708872,2.8537170059005947,7.943119814155468,-1.0,-0.7479525707068825,187.3071223662736,0.0,0.002116489006906419,207,True
spleen,excluded_at_or_below_-1,ENSG00000257514.6,ENSG00000257514,0.2200099537708747,488555199812.11487,-5.169887509300709,0.8514842502063041,18.72834801354571,8.326013581640822,0.0,-7.021190262035791,1.0,-0.9424970465806732,-0.1568755990807385,-0.8071973303477219,0.16854233785899883,2.1794199590852337,4.804126097268099,-0.9424970465806732,-0.1568755990807385,9.64188977871766,0.0,9.64188977871766,50,True
spleen,raw,ENSG00000257514.6,ENSG00000257514,1.282051279593161,247.53566070350814,-0.9909187492650307,0.004799233365638163,163.8974360708945,245.77157323504397,0.0,2.676016558114708,0.02835436620199152,-1.0,-0.1568755990807385,-0.9651980740699858,0.10277081091009597,4.526346385463426,25.107730981451986,-1.0,-0.1568755990807385,243.22734829550075,0.0,6.896557303910005,277,True
stomach,excluded_at_or_below_-1,ENSG00000257514.6,ENSG00000257514,0.10000367542450618,0.7765355468024788,-0.9374584507599384,0.02581474670892435,6.945196291688829,7.840633004120498,0.0,0.7430393204705171,0.7587738780823545,-0.9510217288694558,-0.7943372416128821,-0.9065476329242969,0.04905796308838167,1.389992139979018,0.6339260433418406,-0.9510217288694558,-0.7943372416128821,0.7765338003225308,0.0,0.5892135631327554,11,True
stomach,raw,ENSG00000257514.6,ENSG00000257514,0.28205124459156605,435.9578351652335,-0.9977474208342972,0.0010225182876101632,9.897435902047086,281.33035630296735,0.0,3.1154728918360823,0.007975919875049373,-1.0,-0.7943372416128821,-0.9974742603493053,0.017014716291694564,8.206933040581735,76.72734099477306,-1.0,-0.7943372416128821,426.5749791698954,0.0,3.4023278545599327,407,True
testis,excluded_at_or_below_-1,ENSG00000257514.6,ENSG00000257514,2.807077139912508,27.894446673239308,2.476692416879086,0.7306147576929458,583.0528852286716,2.7362586808928437,0.023670269063409206,6.59804056749673,0.0,-0.9320047832670412,3.890305626591985,2.082122794601854,1.0079653497942302,-1.354031626026826,1.3903132541036136,-0.9320047832670412,3.890305626591985,27.893880114570536,0.6602556475343642,0.0,411,True
testis,raw,ENSG00000257514.6,ENSG00000257514,2.920186028783503,28.28851398502974,2.4770752977841926,0.7267742131716136,621.3025587047226,2.749973047385813,0.022795900646571953,6.765962460417872,0.0,-1.0,3.890305626591985,2.0597885714525654,1.037842720110408,-1.3572383852844405,1.324338813246249,-1.0,3.890305626591985,28.28847635245729,0.6448612963735165,0.0,414,True
thyroid,excluded_at_or_below_-1,ENSG00000257514.6,ENSG00000257514,0.34236043510540265,13.572988029720154,-0.911461731056845,0.03520747187097402,23.80409282582636,31.014714801005702,0.0,1.9027417278465826,0.16365416083209855,-0.9588313275896873,-0.1393366942198601,-0.8511206988459676,0.14595588175781712,3.107342655294118,10.375729018638028,-0.9588313275896873,-0.1393366942198601,13.570094736239461,0.0,2.220802466471347,54,True
thyroid,raw,ENSG00000257514.6,ENSG00000257514,0.5562698481491285,580.3703065794468,-0.9892751032678864,0.010135368001429166,2873.0810477699997,118.59405845826609,0.0,1.496471998990799,0.3277898507637619,-1.0,-0.1393366942198601,-0.9882463709615238,0.05715926143912207,8.708767072753462,98.71824452935068,-1.0,-0.1393366942198601,577.8617841877975,0.0,189.41722800099933,684,True
uterus,excluded_at_or_below_-1,ENSG00000257514.6,ENSG00000257514,,,,,,,,,,-0.914879959965396,-0.8951440634347522,,,,,,,,,,2,False
uterus,raw,ENSG00000257514.6,ENSG00000257514,0.051282051281992404,188.78544344661412,-0.9989288436024318,0.0005064984777402814,1.8974358981098711,289.7814112608339,0.0,2.9908163033820934,0.011438194933427067,-1.0,-0.8951440634347522,-0.9987583269503278,0.010883443666461635,8.715686358702524,74.76599650902078,-1.0,-0.8951440634347522,188.46591364779428,0.0,2.1557098586099017,153,True
vagina,excluded_at_or_below_-1,ENSG00000257514.6,ENSG00000257514,,,,,,,,,,-0.9327247559025146,-0.8306881139127933,,,,,,,,,,9,False
vagina,raw,ENSG00000257514.6,ENSG00000257514,0.2307692307444928,160.9705989558755,-0.9979135141537596,0.0008454688057949429,10.923076923754977,279.71750982779804,0.0,3.4900596701239675,0.002302001807585344,-1.0,-0.8306881139127933,-0.994540463333091,0.024390953789631693,4.674643223516809,21.84493022862367,-1.0,-0.8306881139127933,158.37088664797025,0.0,0.36457006733252045,170,True
whole_blood,excluded_at_or_below_-1,ENSG00000257514.6,ENSG00000257514,0.5596960027017531,27.712286863791594,-0.9738040439767306,0.23787778508405713,448.8411314256314,7.567669006989349,0.0,-0.12067357492622448,1.0,-0.9535061459184936,0.2991156829498962,-0.779174972456632,0.19107612142593935,2.767414151334955,9.928847288345487,-0.9535061459184936,0.2991156829498962,27.51124494248917,0.0,27.511244942489174,191,True
whole_blood,raw,ENSG00000257514.6,ENSG00000257514,4.78944441504592,754.4410614278885,-0.9921134170932828,0.017925732850938545,2820.3132227831056,101.8688452291791,0.0,0.6221956223605847,0.8256138451786235,-1.0,0.2991156829498962,-0.9474749934485888,0.13228946779102996,4.30205803400912,25.7666635268077,-1.0,0.2991156829498962,752.9821914631844,0.0,621.6725224449461,803,True
adipose_subcutaneous,excluded_at_or_below_-1,ENSG00000257515.1,ENSG00000257515,1.3998064907374483,8.171178013380578,-0.9006327401134928,0.023881569839540748,89.89509809005185,20.483347228954592,0.0,3.604709431740802,0.0015081682157695052,-0.9615048193636124,-0.5547341428924393,-0.8372948771400428,0.08863731072087512,1.1252008263788624,0.7321701264651983,-0.9615048193636124,-0.5547341428924393,8.170315370933181,0.0,0.01232220995525446,90,True
adipose_subcutaneous,raw,ENSG00000257515.1,ENSG00000257515,2.307692320428343,626.6319681984058,-0.9945041505038493,0.00078656415531668,268.3076923077084,790.6903777462114,0.0,9.881336241529274,0.0,-1.0,-0.5547341428924393,-0.9794909509000054,0.06245871177523526,3.5771662798009087,13.746272778999895,-1.0,-0.5547341428924393,545.7483595730446,0.0,0.0,714,True
adipose_visceral_omentum,excluded_at_or_below_-1,ENSG00000257515.1,ENSG00000257515,0.17854806197809217,4.516845260868379,-0.9209041125035449,0.09700931396688049,49.20697892511779,7.318200324276132,0.0,0.42341017993049695,0.9142663683203754,-0.949948333386794,-0.4189052547504492,-0.8588110805158853,0.09068153299229682,2.727429401481356,10.210011317330935,-0.949948333386794,-0.4189052547504492,4.516823708007568,0.0,4.129580007863451,46,True
adipose_visceral_omentum,raw,ENSG00000257515.1,ENSG00000257515,1.1794871925086345,617.1176391238856,-0.9937866976267372,0.0028713221274438146,127.7435897438297,283.14661232246885,0.0,3.060240576774212,0.009430222572366337,-1.0,-0.4189052547504492,-0.9889357916588258,0.045537386993662214,6.0699506275423705,51.55308249400796,-1.0,-0.4189052547504492,605.6843979710221,0.0,5.711738681476447,587,True
adrenal_gland,excluded_at_or_below_-1,ENSG00000257515.1,ENSG00000257515,0.28947370843928244,8.035784102649455,-0.8689984730063668,0.0008857582678763316,7.81578987865616,15.624920192348831,0.0,142.84189867485023,0.0,-0.9584640219989016,-0.8592121842777698,-0.9081758727561403,0.03461778083967303,0.09527070871505014,-1.5316606497654697,-0.9584640219989016,-0.8592121842777698,8.034712023529362,0.0,0.0,14,True
adrenal_gland,raw,ENSG00000257515.1,ENSG00000257515,0.7628931959008212,272.9795287234681,-0.9982694886319354,0.0017064246243680013,91.73035699098443,115.24489447492526,0.0,1.4341756510130832,0.3584613699222849,-1.0,-0.8592121842777698,-0.9956422448087661,0.020867284360108415,5.05540465748752,25.392380434929148,-1.0,-0.8592121842777698,272.29915229092336,0.0,97.60872715888127,295,True
artery_aorta,excluded_at_or_below_-1,ENSG00000257515.1,ENSG00000257515,0.2883495363548155,1.8953551422980568,-0.8540688282591636,0.057834513045929875,19.040705295737872,7.8656355627775545,0.0,2.3236709690837385,0.0672256464825949,-0.9490957623457056,-0.5324022747248848,-0.8143218343039719,0.09594908160362381,1.4238456251667717,1.9379981560777102,-0.9490957623457056,-0.5324022747248848,1.8953116896805184,0.0,0.12741355362479212,30,True
artery_aorta,raw,ENSG00000257515.1,ENSG00000257515,0.7692307660737482,519.2740346905856,-0.9948141077434686,0.0016331476674849305,36.92307692327245,400.42250843352986,0.0,4.490689548904601,4.301071019358269e-05,-1.0,-0.5324022747248848,-0.9881984216718626,0.05121730764134849,5.253680609037524,31.79486910861676,-1.0,-0.5324022747248848,504.38851575396546,0.0,0.021694108276065105,472,True
artery_coronary,excluded_at_or_below_-1,ENSG00000257515.1,ENSG00000257515,0.15877118321177588,2.7451367036499943,-0.8853819170671918,0.035311501249182614,7.463373879369606,23.2743400262154,0.0,1.9302657512906645,0.15521425602817704,-0.9335787264469428,-0.30424487470245,-0.8018950351528669,0.16527633468770944,2.040200505210998,3.2078334736317853,-0.9335787264469428,-0.30424487470245,2.745097954389069,0.0,0.42607833671497003,17,True
artery_coronary,raw,ENSG00000257515.1,ENSG00000257515,0.43589743589901236,253.06974736914782,-0.9915094229546155,0.002068762689806752,29.58974358974361,469.81649943001537,0.0,5.804188788361317,4.9860260763554477e-08,-1.0,-0.30424487470245,-0.9874336402895474,0.06306510188850659,7.395236352045699,65.0396836282409,-1.0,-0.30424487470245,245.5260165911185,0.0,1.2241991211470182e-05,268,True
artery_tibial,excluded_at_or_below_-1,ENSG00000257515.1,ENSG00000257515,-0.01423657118800181,3.431084357282216,-0.8592609656484381,0.1507229998670841,41.92065452210522,5.767581028978207,0.0,0.6299351927628332,0.8200342544918373,-0.9263977295016586,-0.2445680099357562,-0.8057914334269958,0.11446249824137592,3.0613785574274903,12.883938559019066,-0.9263977295016586,-0.2445680099357562,3.4310840806634046,0.0,2.813606476185626,39,True
artery_tibial,raw,ENSG00000257515.1,ENSG00000257515,1.0263159456381674,599.2658166385908,-0.9905624247302124,0.008094045048488398,2787.7203170943208,130.34217286126,0.0,1.6489588163267384,0.2582409102580401,-1.0,-0.2445680099357562,-0.9890388797447942,0.052278572998210274,6.953467940050641,69.17888071504971,-1.0,-0.2445680099357562,595.8774631026677,0.0,153.87993847388455,691,True
bladder,excluded_at_or_below_-1,ENSG00000257515.1,ENSG00000257515,0.26210340785785696,1786795582721.8792,-3.453292449950557,0.4816079010382321,19.239242178824004,8.922198175937964,0.0,-7.408848809863861,1.0,-0.9302222296079856,-0.4148538078050795,-0.764191794609542,0.16198150052602897,0.8070648443826537,-0.5351911454012024,-0.9302222296079856,-0.4148538078050795,2.1509730307982755,0.0,2.1509730307982755,18,True
bladder,raw,ENSG00000257515.1,ENSG00000257515,0.4615384615384713,64.54339722764566,-0.9934748754649957,0.00252547898121397,21.692307692359172,324.01527292304326,0.0,3.6539284952358573,0.001280840797463256,-1.0,-0.4148538078050795,-0.9448760039346982,0.12633335472886525,2.592903678925126,6.174392485931374,-1.0,-0.4148538078050795,63.55970131023208,0.0,0.08140985851272481,77,True
brain_amygdala,excluded_at_or_below_-1,ENSG00000257515.1,ENSG00000257515,,,,,,,,,,-0.941731999175174,-0.8807952391771592,,,,,,,,,,5,False
brain_amygdala,raw,ENSG00000257515.1,ENSG00000257515,0.12820505613122832,190.40006608942258,-0.99867999321165,0.0006035993283789655,4.358974361025776,276.2001382611265,0.0,3.0927329020108822,0.008498575284815893,-1.0,-0.8807952391771592,-0.9975777915856788,0.014824117563922136,6.258960777346896,39.024415028495085,-1.0,-0.8807952391771592,187.63260290801847,0.0,1.594609801699755,181,True
brain_anterior_cingulate_cortex_ba24,excluded_at_or_below_-1,ENSG00000257515.1,ENSG00000257515,0.11405839279161226,0.3679922510554456,-0.9441010217992064,0.030245283391126237,6.714010253741434,4.811389655719013,0.0,1.2174057145655321,0.47661389176520913,-0.9701372456190548,-0.8412015393489288,-0.9227454995890365,0.03788200066139831,0.958543772176106,0.18940097000547107,-0.9701372456190548,-0.8412015393489288,0.3679887575091999,0.0,0.1753885538423036,10,True
brain_anterior_cingulate_cortex_ba24,raw,ENSG00000257515.1,ENSG00000257515,0.256429133334587,263.83188258167735,-0.9981580369819832,0.0003475946786011577,9.435897449794627,638.5886243958939,0.0,7.494156964521297,6.38520291684575e-13,-1.0,-0.8412015393489288,-0.996684356205538,0.01737473741499032,6.04803725936984,40.09986541413911,-1.0,-0.8412015393489288,263.4176449279101,0.0,1.681975114742329e-10,233,True
brain_caudate_basal_ganglia,excluded_at_or_below_-1,ENSG00000257515.1,ENSG00000257515,0.2105263194525563,10.91778072849238,-0.935209403408268,0.0009846957623914985,6.315790209637045,121.94862730618954,0.0,35.81737805416256,0.0,-0.9601485083131324,-0.8502983972258897,-0.9208299225111123,0.03229125042526036,1.2934737213583352,0.5534320069288063,-0.9601485083131324,-0.8502983972258897,10.917743357024559,0.0,0.0,12,True
brain_caudate_basal_ganglia,raw,ENSG00000257515.1,ENSG00000257515,0.3076780100112674,336.6971329103128,-0.9984528920808818,0.0008173505912446358,16.30769232193634,256.34299185054863,0.0,2.6768696629191773,0.027891728745423026,-1.0,-0.8502983972258897,-0.9968331969004445,0.016728822270021378,5.963060653562816,38.834846260466605,-1.0,-0.8502983972258897,335.55749391466287,0.0,9.359278598761712,300,True
brain_cerebellar_hemisphere,excluded_at_or_below_-1,ENSG00000257515.1,ENSG00000257515,0.297717042856722,1.424848793046629,-0.9257540493075623,0.011197439934938293,16.337111939877648,20.332049402049158,0.0,1.4473367076998362,0.3508603677692548,-0.9372137512092364,-0.7647692390985503,-0.8779569576831165,0.051732577447623995,0.5622602675849634,-0.7758229428625261,-0.9372137512092364,-0.7647692390985503,1.4248134209877719,0.0,0.49991056089033964,18,True
brain_cerebellar_hemisphere,raw,ENSG00000257515.1,ENSG00000257515,0.4615384615505133,259.0003935355748,-0.99708771248458,0.0006649703297140531,23.69230769513607,494.07909070712435,0.0,6.193654540358619,4.967562817706073e-09,-1.0,-0.7647692390985503,-0.9920694051924048,0.03275821378157743,4.489449823610975,20.527283205501323,-1.0,-0.7647692390985503,243.83403131701445,0.0,1.2112608676617675e-06,277,True
brain_cerebellum,excluded_at_or_below_-1,ENSG00000257515.1,ENSG00000257515,0.3992634966316004,2.1511061034974013,-0.8894893550670101,0.044765330020363474,33.74803446054507,11.18061871335318,0.0,1.8475328509926197,0.18146579616341832,-0.9479709168329468,-0.5355795214664576,-0.8207892157820565,0.11334253378442588,1.314604232853423,0.8023112556346259,-0.9479709168329468,-0.5355795214664576,2.151104546480324,0.0,0.39035189915780083,32,True
brain_cerebellum,raw,ENSG00000257515.1,ENSG00000257515,1.1928602921736335,230.69980123793616,-0.994200810839666,0.004368782244071196,58.09968907674556,148.45977922218856,0.0,1.8772489685063465,0.1729444032669454,-1.0,-0.5355795214664576,-0.9784408079136309,0.07010326947389432,4.058052236035224,18.153590072897735,-1.0,-0.5355795214664576,229.0340227027188,0.0,39.61015238414972,266,True
brain_cortex,excluded_at_or_below_-1,ENSG00000257515.1,ENSG00000257515,,,,,,,,,,-0.9402986278536982,-0.7682948078884533,,,,,,,,,,7,False
brain_cortex,raw,ENSG00000257515.1,ENSG00000257515,0.17948717948626078,272.02707478831434,-0.9973080858278025,0.0011015704404478506,7.743589743602868,294.010870057183,0.0,3.4559220103243122,0.0025504331597206477,-1.0,-0.7682948078884533,-0.9969697277961813,0.02044533496413416,7.921913645359152,70.46819576250375,-1.0,-0.7682948078884533,271.97093336674806,0.0,0.693643686938731,270,True
brain_frontal_cortex_ba9,excluded_at_or_below_-1,ENSG00000257515.1,ENSG00000257515,,,,,,,,,,-0.9276252417350664,-0.8175441458912484,,,,,,,,,,6,False
brain_frontal_cortex_ba9,raw,ENSG00000257515.1,ENSG00000257515,0.15384615384615388,307.3720051374214,-0.9979081998490297,0.000477512737948429,7.0769230919653925,534.1706534731954,0.0,6.19512718338447,4.667507826595482e-09,-1.0,-0.8175441458912484,-0.9971257281788473,0.02030653563364363,7.559312307953162,58.375201406349326,-1.0,-0.8175441458912484,305.1791287733053,0.0,1.4244259720630481e-06,269,True
brain_hippocampus,excluded_at_or_below_-1,ENSG00000257515.1,ENSG00000257515,,,,,,,,,,-0.9279545846898845,-0.84956640228397,,,,,,,,,,7,False
brain_hippocampus,raw,ENSG00000257515.1,ENSG00000257515,0.1794871794871795,264.5095377004928,-0.9982360670680921,0.00045629446795434676,7.743589743589746,460.778446852008,0.0,5.4670351069667165,3.2350000149720877e-07,-1.0,-0.84956640228397,-0.9969022068077137,0.019178397297397884,6.413427794327792,41.21577050054037,-1.0,-0.84956640228397,264.46465105998624,0.0,8.555431501386379e-05,255,True
brain_hypothalamus,excluded_at_or_below_-1,ENSG00000257515.1,ENSG00000257515,,,,,,,,,,-0.9487699124039536,-0.7788480051068962,,,,,,,,,,9,False
brain_hypothalamus,raw,ENSG00000257515.1,ENSG00000257515,0.23076861034645585,317.1608125562953,-0.9978468232787726,0.0012300685187018007,8.92307692815544,251.78361537876958,0.0,2.4755139043469874,0.04681549115469463,-1.0,-0.7788480051068962,-0.9960514888597581,0.02284943729448291,6.552466927095256,46.37049291779482,-1.0,-0.7788480051068962,316.3551637367863,0.0,14.810322369661492,257,True
brain_nucleus_accumbens_basal_ganglia,excluded_at_or_below_-1,ENSG00000257515.1,ENSG00000257515,,,,,,,,,,-0.9497630095714548,-0.7858142545057901,,,,,,,,,,6,False
brain_nucleus_accumbens_basal_ganglia,raw,ENSG00000257515.1,ENSG00000257515,0.1538461538359571,311.4941669159063,-0.9976612118889281,0.0010173898640009318,7.076923086362707,294.47594366679715,0.0,3.2510112231588724,0.005203188423450752,-1.0,-0.7858142545057901,-0.9978182003873296,0.016874593840511837,9.382167064816725,99.12551956089723,-1.0,-0.7858142545057901,303.4835198366192,0.0,1.5790819371220368,285,True
brain_putamen_basal_ganglia,excluded_at_or_below_-1,ENSG00000257515.1,ENSG00000257515,0.20512820512820729,2.6151170812053306,-0.9462196050298978,0.00032966160828441316,8.35897435900407,313.59120236615485,0.0,3.0909109365147067,0.00845016992096435,-0.946940114787056,-0.8731196271578172,-0.9111935465938712,0.030061735903272123,0.008717801316380914,-1.7514237935851031,-0.946940114787056,-0.8731196271578172,2.606510593641154,0.0,0.02202545741706141,10,True
brain_putamen_basal_ganglia,raw,ENSG00000257515.1,ENSG00000257515,0.2564102564284976,243.8511086896888,-0.9984274577005101,0.0006410458662647696,11.435897438262984,276.44205001679614,0.0,3.469191152113029,0.0024836644825972963,-1.0,-0.8731196271578172,-0.9965036829367665,0.018209830791021436,5.431849392498872,29.256344131195448,-1.0,-0.8731196271578172,239.11255900690256,0.0,0.5938753701483628,254,True
brain_spinal_cord_cervical_c-1,excluded_at_or_below_-1,ENSG00000257515.1,ENSG00000257515,,,,,,,,,,-0.9282812573832,-0.8086912960817478,,,,,,,,,,9,False
brain_spinal_cord_cervical_c-1,raw,ENSG00000257515.1,ENSG00000257515,0.2307692307692306,226.58086921546368,-0.9979170747317706,0.0007929772589153722,8.92307693409775,337.4695295593978,0.0,3.7147359910030757,0.0010462604447522025,-1.0,-0.8086912960817478,-0.9954846047254093,0.022282936023265486,5.4412956243736454,32.249951663612954,-1.0,-0.8086912960817478,218.3290069829961,0.0,0.22842900394833468,204,True
brain_substantia_nigra,excluded_at_or_below_-1,ENSG00000257515.1,ENSG00000257515,,,,,,,,,,-0.938843171157592,-0.7932880183593876,,,,,,,,,,8,False
brain_substantia_nigra,raw,ENSG00000257515.1,ENSG00000257515,0.2051282051283868,208.7073829296094,-0.9978160609931456,0.0009498124277345027,10.358974366343851,304.52995068531055,0.0,3.251753791278569,0.005129716446946173,-1.0,-0.7932880183593876,-0.9956868298080641,0.022138179862297828,6.116439353684322,43.04373702992411,-1.0,-0.7932880183593876,205.75512014846055,0.0,1.0554654238689438,183,True
breast_mammary_tissue,excluded_at_or_below_-1,ENSG00000257515.1,ENSG00000257515,0.6565359901069341,4.7343439356438575,-0.9014965542986908,0.03162348823790647,55.04567459209647,12.458408689471517,0.0,1.4858249593113184,0.3315987147537288,-0.9347213580868284,-0.622911797981246,-0.8541919939932471,0.07235397476596539,1.449608318405354,1.6478217355285558,-0.9347213580868284,-0.622911797981246,4.734305240899876,0.0,1.5698895331342415,58,True
breast_mammary_tissue,raw,ENSG00000257515.1,ENSG00000257515,1.5247257875486588,453.2214742072853,-0.9953074421521958,0.0036428350964003314,185.35942325752382,144.57063155991577,0.0,1.821734658574774,0.19143611274982905,-1.0,-0.622911797981246,-0.9835469565206387,0.05209711163264501,3.7304728214898035,15.405968543809017,-1.0,-0.622911797981246,450.43936330083955,0.0,86.23036073982072,514,True
cells_cultured_fibroblasts,excluded_at_or_below_-1,ENSG00000257515.1,ENSG00000257515,0.3032373682072373,700285049146.8011,-4.796397848607517,0.7711866026480517,80.71960882091119,7.816649372037051,0.0,-7.105518549098987,1.0,-0.9216784598772302,-0.5338908032098295,-0.8290139956631164,0.0906629397936415,1.494073165311008,2.0509354169764924,-0.9216784598772302,-0.5338908032098295,7.580516434187737,0.0,7.580516434187737,71,True
cells_cultured_fibroblasts,raw,ENSG00000257515.1,ENSG00000257515,1.8205128152526502,604.5401961995034,-0.9937168927380207,0.0022063120268831504,233.7435897584683,294.74176101121054,0.0,4.027379353177367,0.00030075862599108095,-1.0,-0.5338908032098295,-0.9813803584234375,0.06103450725854152,3.974196277058019,17.975246268919474,-1.0,-0.5338908032098295,604.1233853899588,0.0,0.18169531931896477,652,True
cells_ebv-transformed_lymphocytes,excluded_at_or_below_-1,ENSG00000257515.1,ENSG00000257515,0.6215925071699286,16.581671310304984,-0.9455488786268693,0.14683270036975937,440.79367442135333,7.232820836917056,0.0,0.05582799400831786,0.9984553725155697,-0.9513452981596536,-0.1945911428001105,-0.8300549059664559,0.11617382606471174,2.0358110094326842,6.071500532907793,-0.9513452981596536,-0.1945911428001105,16.581463032381063,0.0,16.555850848849182,144,True
cells_ebv-transformed_lymphocytes,raw,ENSG00000257515.1,ENSG00000257515,,,,,,,,,,,,,,,,,,,,,327,False
cervix_ectocervix,excluded_at_or_below_-1,ENSG00000257515.1,ENSG00000257515,0.2528291522594412,0.6503792983101312,-0.8586757250225642,0.292757678553395,9.711123217097859,10.377929624049733,0.0,-0.11430679353854271,1.0,-0.8350129682723941,1.2896692391065314,0.12482863292637782,0.7735039286999467,0.19379156128588088,-1.469641745153061,-0.8350129682723941,1.2896692391065314,0.6461442053946826,0.0,0.6461442053946826,13,True
cervix_ectocervix,raw,ENSG00000257515.1,ENSG00000257515,0.3333333333333333,14.54986449868862,-0.975324680140242,0.007081179399878213,8.666666666666668,452.3519230915783,0.0,4.928016934885762,5.658971942362749e-06,-1.0,1.2896692391065314,-0.39071782383154535,0.7999570190279168,0.9918070032320929,-0.5533270380518394,-1.0,1.2896692391065314,13.696968669901048,0.0,7.751076139839164e-05,24,True
cervix_endocervix,excluded_at_or_below_-1,ENSG00000257515.1,ENSG00000257515,,,,,,,,,,-0.883221392932699,-0.8250222416410496,,,,,,,,,,2,False
cervix_endocervix,raw,ENSG00000257515.1,ENSG00000257515,0.05128205128205126,22.781943817716336,-0.9979954493315338,0.0006306842734167215,1.8974358975128263,387.8661107527391,0.0,4.494900001947376,4.1162326167222405e-05,-1.0,-0.8250222416410496,-0.9873149406336412,0.0429341526340878,3.147442590763653,8.3517017965353,-1.0,-0.8250222416410496,22.689276318624835,0.0,0.0009339433923254703,23,True
colon_sigmoid,excluded_at_or_below_-1,ENSG00000257515.1,ENSG00000257515,0.20275604725407395,2.4256572140965367,-0.8914925632871148,0.13382517117074297,25.248043637986697,4.022924193324619,0.0,0.5688969273364489,0.8505481130703325,-0.9453265320064904,-0.5108085328814165,-0.8239719431777862,0.09814770888985695,1.3396423923909788,1.6917677554174366,-0.9453265320064904,-0.5108085328814165,2.4249117782740415,0.0,2.0625041373730104,46,True
colon_sigmoid,raw,ENSG00000257515.1,ENSG00000257515,1.179487178564003,385.71341165441464,-0.9934560887634196,0.0022399620989176374,59.74358974439364,304.7224413771891,0.0,4.131537772987159,0.00019651332056213743,-1.0,-0.5108085328814165,-0.9806747240720243,0.06381701808226845,4.00399811646866,18.13176648124414,-1.0,-0.5108085328814165,385.70498584560715,0.0,0.07579616752589247,419,True
colon_transverse,excluded_at_or_below_-1,ENSG00000257515.1,ENSG00000257515,0.07649326305497102,8.368783263862406,-1.0126650445018424,0.1826058612141042,42.07298136068981,3.859217615179944,0.0,-0.4401572171524773,1.0,-0.9558311335238856,-0.5143557544607826,-0.8652741755000362,0.07857690661075815,1.6670457252908655,3.9795813974891425,-0.9558311335238856,-0.5143557544607826,7.591251465232491,0.0,7.591251465232491,84,True
colon_transverse,raw,ENSG00000257515.1,ENSG00000257515,2.1538461538461537,412.24660837478973,-0.9935068132120604,0.0019249626069904736,315.0769231019816,352.01822791295297,0.0,4.770353868267027,1.1443091951438595e-05,-1.0,-0.5143557544607826,-0.9763737593778768,0.06084791360880969,3.230443753065898,12.652387619150826,-1.0,-0.5143557544607826,412.2409683891603,0.0,0.004717311307427252,479,True
esophagus_gastroesophageal_junction,excluded_at_or_below_-1,ENSG00000257515.1,ENSG00000257515,-0.18731046170931348,1.471894494165327,-0.8544842144532947,0.1347478194644654,36.0621825683492,2.1240904836524113,0.0,1.217309354734977,0.4154221916539326,-0.9704707850310696,-0.6520985432700092,-0.8440321955188682,0.07050313829235196,0.4409452853040953,-0.054070130864039,-0.9704707850310696,-0.6520985432700092,1.3176663788294862,0.0,0.5473878549620463,31,True
esophagus_gastroesophageal_junction,raw,ENSG00000257515.1,ENSG00000257515,0.7948717948717142,390.166573238402,-0.9960062178114245,0.0015904279411304203,38.35897435897964,305.8037934085685,0.0,3.551283770978864,0.0018293992889258281,-1.0,-0.6520985432700092,-0.9880024765783745,0.045853361431628374,4.155042593966347,17.652826449484746,-1.0,-0.6520985432700092,389.3712159512365,0.0,0.7123154255893814,403,True
esophagus_mucosa,excluded_at_or_below_-1,ENSG00000257515.1,ENSG00000257515,2.8014889854120355,24.348378114962554,0.12989552437595198,0.888262748655344,575.5103961937368,3.1008846172109417,0.0,1.6707819686930578,0.24145171246118402,-0.9195169713044932,2.077550649903736,0.2594764111540161,0.6456837256680066,0.4101285364283977,-0.3689740009894047,-0.9195169713044932,2.077550649903736,24.14948947166024,0.0,5.8309355879957,599,True
esophagus_mucosa,raw,ENSG00000257515.1,ENSG00000257515,2.8443396490025443,24.685753035025293,0.11559697687109105,0.9205434734334792,444.47436929599405,3.014112394715682,0.0,1.7138705779412917,0.22194591599652005,-1.0,2.077550649903736,0.22870744345481372,0.6667634933004837,0.33691808121185496,-0.38147519784687844,-1.0,2.077550649903736,24.422899294104553,0.0,5.420562755120798,614,True
esophagus_muscularis,excluded_at_or_below_-1,ENSG00000257515.1,ENSG00000257515,0.6610347905369776,1.8435105580804438,-0.9277362607346427,0.03830041225485135,21.688143607851607,8.899881692090203,0.0,0.02448284675243003,0.9997144588874578,-0.9283993169722148,-0.6867053818803418,-0.8395757852031619,0.07091410404717469,0.4821776324612428,-0.958000713955582,-0.9283993169722148,-0.6867053818803418,1.8434845223547591,0.0,1.8429581317332917,37,True
esophagus_muscularis,raw,ENSG00000257515.1,ENSG00000257515,0.9623017525523835,523.0009457522948,-0.9960847058372853,0.001366360143675232,35.905999219560414,320.2145773081949,0.0,4.052417754734937,0.0002811945657322334,-1.0,-0.6867053818803418,-0.9894194368137557,0.043721184819309124,4.5199138740264475,20.752959978272354,-1.0,-0.6867053818803418,505.22413698871765,0.0,0.1420662817979803,561,True
fallopian_tube,excluded_at_or_below_-1,ENSG00000257515.1,ENSG00000257515,,,,,,,,,,-0.9148922003539884,-0.8427454000745398,,,,,,,,,,4,False
fallopian_tube,raw,ENSG00000257515.1,ENSG00000257515,0.10256410222328113,27.82183433203488,-0.9977708171295376,0.0007906961850877327,3.5897435923207874,277.27343503927153,0.0,3.9870442122697227,0.0003627986760172174,-1.0,-0.8427454000745398,-0.9836773196899342,0.04280852167411542,2.354462133109158,3.994426796347292,-1.0,-0.8427454000745398,27.09157608068519,0.0,0.009828787933292282,29,True
heart_atrial_appendage,excluded_at_or_below_-1,ENSG00000257515.1,ENSG00000257515,0.01945755360878417,1.1286185813760585,-0.9250303897153295,0.07598961500730715,24.685221961120245,2.5774010834811194,0.0,0.7892814760403212,0.7223392397450551,-0.9674406713675996,-0.7865394847600026,-0.9046850702774252,0.04202276098425307,0.7434706992486817,0.38869679261035595,-0.9674406713675996,-0.7865394847600026,1.087873627862608,0.0,0.7858138092889716,27,True
heart_atrial_appendage,raw,ENSG00000257515.1,ENSG00000257515,0.6923076923077037,492.3839437992127,-0.9976708618506491,0.0009485645872460975,26.3076923390199,314.77546277682734,0.0,3.47250867652113,0.0024818358929353888,-1.0,-0.7865394847600026,-0.9944175637689597,0.024532169379586456,4.893777210575564,25.504942684339184,-1.0,-0.7865394847600026,477.6399685139086,0.0,1.1854240177582915,461,True
heart_left_ventricle,excluded_at_or_below_-1,ENSG00000257515.1,ENSG00000257515,0.29972168046964204,2.6038688385533884,-0.9070256735509826,0.007254944517788344,15.736003033759538,33.91668155024426,0.0,9.51560616591826,0.0,-0.9558409279253064,-0.7330324030709463,-0.8849657188195964,0.06407853810502263,1.147749307901602,0.3959410153687344,-0.9558409279253064,-0.7330324030709463,2.603489986291515,0.0,0.0,18,True
heart_left_ventricle,raw,ENSG00000257515.1,ENSG00000257515,0.4615384615384389,597.1013714977811,-0.9968938498860854,0.0004081888235724441,27.69230769230769,914.1760262015852,0.0,10.761587197366236,0.0,-1.0,-0.7330324030709463,-0.9954189888025503,0.02572709534233023,6.8218953729158756,52.352826342007944,-1.0,-0.7330324030709463,596.431921751538,0.0,0.0,452,True
kidney_cortex,excluded_at_or_below_-1,ENSG00000257515.1,ENSG00000257515,0.26216259584133267,182542540115.77756,-1.2627607940968064,0.06472250262235266,7.509172545513998,10.667396519565536,0.0,-7.0841093321473965,1.0,-0.9385514264129308,-0.7745597065236478,-0.8856884606481265,0.05179381316998593,1.048709985001443,0.01947898792820757,-0.9385514264129308,-0.7745597065236478,2.311615346672315,0.0,2.311615346672209,14,True
kidney_cortex,raw,ENSG00000257515.1,ENSG00000257515,0.3614450911786769,84.99156596620526,-0.9971881160683476,0.0025047569476146416,31.24105569784302,125.69847004417021,0.0,1.5876208650699495,0.2850028031972556,-1.0,-0.7745597065236478,-0.9846119081641708,0.0433082280983226,3.05053658363257,9.199572460679473,-1.0,-0.7745597065236478,84.56650658909147,0.0,24.10169143449026,104,True
kidney_medulla,excluded_at_or_below_-1,ENSG00000257515.1,ENSG00000257515,,,,,,,,,,,,,,,,,,,,,0,False
kidney_medulla,raw,ENSG00000257515.1,ENSG00000257515,0.0,11.0,-0.9875,1.0001e-06,0.0,-17675.90193946968,0.0,,,-1.0,-1.0,-1.0,0.0,,,,-1.0,8.983579622590726e-189,0.0,,11,True
liver,excluded_at_or_below_-1,ENSG00000257515.1,ENSG00000257515,-0.5229982110029978,5.5886795479337925,-2.0131653121588693,0.8864597786423251,11.932101362944074,2.110838005986892,0.0,-1.7037205794118822,1.0,-0.9452362469337178,-0.6900462010699757,-0.8544977317432625,0.06808307569717172,0.6698543991731337,0.18712682325122287,-0.9452362469337178,-0.6900462010699757,0.7069389892394474,0.0,0.7069389892394474,16,True
liver,raw,ENSG00000257515.1,ENSG00000257515,0.4102562976645123,276.0722635796323,-0.9964834869874507,0.0010463569271919812,13.435897435897932,414.16820063903725,0.0,4.752776290165914,1.256938939373203e-05,-1.0,-0.6900462010699757,-0.9911143652972987,0.03853535267772824,4.842822237819292,24.910063754917275,-1.0,-0.6900462010699757,273.27197285794364,0.0,0.0034348618372447848,262,True
lung,excluded_at_or_below_-1,ENSG00000257515.1,ENSG00000257515,1.109832377547574,5.795274247082688,-0.8815728293152658,0.010754677922802559,34.777730174982835,33.96682855168487,0.0,8.737406176433383,3.833387749423333e-17,-0.9480182317695918,-0.623265095001478,-0.8195867575931095,0.08224882016391734,0.6667060515113264,-0.6574579239813043,-0.9480182317695918,-0.623265095001478,5.792385728744348,0.0,2.220446049250313e-16,58,True
lung,raw,ENSG00000257515.1,ENSG00000257515,1.5263158175689497,524.024011545916,-0.995294144215124,0.003235746284960266,532.3596250431873,162.59881976536565,0.0,2.056738843980604,0.12168706883740259,-1.0,-0.623265095001478,-0.9826755495701992,0.05890309395581544,3.722634430799961,13.875921236101771,-1.0,-0.623265095001478,519.440728002928,0.0,63.20921962544279,604,True
minor_salivary_gland,excluded_at_or_below_-1,ENSG00000257515.1,ENSG00000257515,0.1517998989145456,5.338100059945546,-0.8870068638987848,0.13656448535736812,11.664421623755736,11.83253135619573,0.0,0.5708471523614491,0.8496818933845761,-0.9421311037265696,0.2556094976797687,-0.7684265989038805,0.23282335475154697,2.8895172259984507,8.950144758355858,-0.9421311037265696,0.2556094976797687,5.337886577266904,0.0,4.535505573644257,37,True
minor_salivary_gland,raw,ENSG00000257515.1,ENSG00000257515,0.9210469963673079,175.7920517826196,-0.992204885195609,0.017409758326184178,106.76303387409106,101.36131648263665,0.0,0.6332056350285525,0.8192812742356207,-1.0,0.2556094976797687,-0.9526617909361524,0.14003984776957026,5.253088466663141,35.12939071939449,-1.0,0.2556094976797687,175.59055668149537,0.0,143.8580550217575,181,True
muscle_skeletal,excluded_at_or_below_-1,ENSG00000257515.1,ENSG00000257515,0.39719102058927147,3.709880515793329,-0.9483385351314675,0.08896427914758537,66.35286282621462,3.0958321367372483,0.0,-0.09673704134049586,1.0,-0.9422530743646468,-0.7535882642143952,-0.8846923936947921,0.04496359333187738,0.916246304609098,0.12323524983413492,-0.9422530743646468,-0.7535882642143952,3.661788538901351,0.0,3.66178853890135,73,True
muscle_skeletal,raw,ENSG00000257515.1,ENSG00000257515,2.028961470058181,739.9774463404631,-0.9969209230628222,0.0017983167090738885,184.30948173648596,191.35914412371275,0.0,2.42141572848409,0.05397020004624935,-1.0,-0.7535882642143952,-0.9897097123957455,0.035498595175239636,3.711231602502574,13.922466094081944,-1.0,-0.7535882642143952,730.9286715716012,0.0,39.448366624258554,818,True
nerve_tibial,excluded_at_or_below_-1,ENSG00000257515.1,ENSG00000257515,0.15941832937023365,4.650388691533485,-0.8354568425417395,0.16692954038969296,65.90888558953665,4.169183482465502,0.0,0.9629639122996114,0.6289250047967333,-0.9491222234777672,-0.3433388901722098,-0.7829749222653474,0.12137597123587629,1.500809372951421,2.819586366118454,-0.9491222234777672,-0.3433388901722098,4.649580725844826,0.0,2.924237580304756,82,True
nerve_tibial,raw,ENSG00000257515.1,ENSG00000257515,2.1025640984652645,623.398375828391,-0.9909662119476573,0.003314297445530969,255.58974426752047,276.34313361137475,0.0,3.8547251093755466,0.0005972810190489755,-1.0,-0.3433388901722098,-0.9734387218294903,0.08276614228154794,3.834740671199538,17.212526279875465,-1.0,-0.3433388901722098,619.4647286200964,0.0,0.36999452437510616,670,True
ovary,excluded_at_or_below_-1,ENSG00000257515.1,ENSG00000257515,0.25641025641026927,4.3114509433431785,-0.9049759046967332,0.001774608522518547,13.435897435897667,317.687119362805,0.0,20.61224105983849,0.0,-0.930840922276974,-0.5063301240908844,-0.8144457495644526,0.1172000738109733,1.3338217302900945,1.279272913614455,-0.930840922276974,-0.5063301240908844,4.14525526329165,0.0,0.0,14,True
ovary,raw,ENSG00000257515.1,ENSG00000257515,0.3589771292186378,203.2847164061679,-0.9946686525190881,0.0023353596825990727,22.97435897466343,295.7210296462275,0.0,3.228480807221349,0.005604601308641981,-1.0,-0.5063301240908844,-0.9865401061860224,0.05708299402771633,5.334327607278256,32.640473481868206,-1.0,-0.5063301240908844,197.7949197986906,0.0,1.1085616663464575,193,True
pancreas,excluded_at_or_below_-1,ENSG00000257515.1,ENSG00000257515,0.274223729413039,0.7462883030402945,-0.9329013692508079,0.021199692288263003,11.408146293227684,8.008407376955565,0.0,2.5829132150702487,0.035588975246544925,-0.9716203907788532,-0.8128517695102819,-0.9088428126956097,0.04452687422779357,0.7167788686921499,-0.49805015242889494,-0.9716203907788532,-0.8128517695102819,0.7462875827824202,0.0,0.0265596103104474,18,True
pancreas,raw,ENSG00000257515.1,ENSG00000257515,0.46153846104909846,383.7585753648291,-0.9979564998075169,0.0008891445014416345,15.692307711202176,294.4151593147397,0.0,3.250254241280517,0.005216052530543982,-1.0,-0.8128517695102819,-0.9954673221782347,0.02207020794562666,5.5406365502675055,32.72347697124826,-1.0,-0.8128517695102819,373.8862892575619,0.0,1.9502105252176793,362,True
pituitary,excluded_at_or_below_-1,ENSG00000257515.1,ENSG00000257515,0.43589743660277586,2.326854828391178,-0.9329899610065836,0.0009577642879461334,19.589743590509244,293.5367211279431,0.0,2.8130954345085275,0.019357291113170905,-0.9348951063236992,-0.7341946756429027,-0.8343723536130857,0.06908415953388862,0.018949386204846576,-1.4783466040689146,-0.9348951063236992,-0.7341946756429027,2.2989457851481476,0.0,0.044501362816509904,19,True
pituitary,raw,ENSG00000257515.1,ENSG00000257515,0.6297349533401494,280.4647448801377,-0.9967366643639376,0.003365644681336342,224.1456901826946,110.31777751247031,0.0,1.3712242236047671,0.3914297405974836,-1.0,-0.7341946756429027,-0.9899459256186857,0.042947701746949896,4.516376565934069,19.935139231807,-1.0,-0.7341946756429027,279.8543631910321,0.0,109.54332078893967,313,True
prostate,excluded_at_or_below_-1,ENSG00000257515.1,ENSG00000257515,0.40598307671263434,3.1510223809001188,-0.8700783173827068,0.046319242238835386,39.252577531234095,15.095307729145489,0.0,2.6198608370710548,0.032329988208653224,-0.9558857031785996,-0.375666982362861,-0.8092577664999039,0.10839699522215213,2.008321347691394,5.622548477173272,-0.9558857031785996,-0.375666982362861,3.1507849576429803,0.0,0.10186484052859951,34,True
prostate,raw,ENSG00000257515.1,ENSG00000257515,0.8717948703123924,279.10053993179775,-0.9934422315726573,0.0035733283962662123,70.35897446487161,244.4964579364747,0.0,2.5953632077423463,0.03471037490932194,-1.0,-0.375666982362861,-0.9770027094361587,0.07246578565436092,4.082324981042299,21.13821877526145,-1.0,-0.375666982362861,277.08758097288484,0.0,9.617813818285882,282,True
skin_not_sun_exposed_suprapubic,excluded_at_or_below_-1,ENSG00000257515.1,ENSG00000257515,1.0048732859249048,37.92586115204504,-0.9937956520773418,0.4359137662486594,1193.5352605389169,4.340860290272199,0.0,-0.16045794626979515,1.0,-0.9443364830069928,0.3442206194655242,-0.6824153949845154,0.2182326439010688,1.3283305651895156,1.8164507681411601,-0.9443364830069928,0.3442206194655242,37.437685895421644,0.0,37.437685895421644,437,True
skin_not_sun_exposed_suprapubic,raw,ENSG00000257515.1,ENSG00000257515,11.205128222375013,979.1223047488619,-0.9942882891981283,0.008839068152225002,7516.358974517509,214.1557706524585,0.0,0.9138495983116066,0.6674918349249772,-1.0,0.3442206194655242,-0.78681340646426,0.23288668494055897,1.3334910497731733,1.774454666779631,-1.0,0.3442206194655242,966.1548677137328,0.0,644.9004854719362,651,True
skin_sun_exposed_lower_leg,excluded_at_or_below_-1,ENSG00000257515.1,ENSG00000257515,1.5590517314081422,44.68345715649946,-0.8418638964773009,0.30769487576567867,980.8010862677094,6.394502092176687,0.0,0.4949413969353181,0.8847205703405882,-0.949549846954084,0.5494079589092771,-0.6770346723702353,0.23337452947712464,1.8374359714668749,4.509076183016495,-0.949549846954084,0.5494079589092771,44.68345397795517,0.0,39.53237088816392,511,True
skin_sun_exposed_lower_leg,raw,ENSG00000257515.1,ENSG00000257515,13.102564059084235,3569.5855153686825,-1.0032638831941212,0.013665767506077713,12157.58978230134,160.67956490851162,0.0,-0.3377657257139024,1.0,-1.0,0.5494079589092771,-0.7811203150944169,0.2443363118253764,1.6945637065377224,3.9826203996985914,-1.0,0.5494079589092771,3371.6648534806786,0.0,3371.664853480678,754,True
small_intestine_terminal_ileum,excluded_at_or_below_-1,ENSG00000257515.1,ENSG00000257515,0.5418809671764019,5.553573645261551,-0.8838820638338746,0.09833408676499929,32.64780419164016,8.11108786564544,0.0,0.9863321816785365,0.6148203236842552,-0.9524644031020228,-0.3198962280591706,-0.799585107915542,0.14757954749955407,1.6861585272740387,2.355568551816904,-0.9524644031020228,-0.3198962280591706,5.553571558036058,0.0,3.4144486629154027,73,True
small_intestine_terminal_ileum,raw,ENSG00000257515.1,ENSG00000257515,1.871794871794872,150.77403790299513,-0.991491190966378,2.067503129157864e-05,230.3589743589743,45938.44099049527,,582.0195851356345,,-1.0,-0.3198962280591706,-0.9293222844339833,0.1297164979547036,2.474642436038632,6.7155138148129385,-1.0,-0.3198962280591706,0.0,0.0,0.0,207,True
spleen,excluded_at_or_below_-1,ENSG00000257515.1,ENSG00000257515,0.7963251294248507,11.789435636779722,-0.8824298903477715,0.03471576934581322,98.711731507739,31.85687034849418,0.0,2.652651968219545,0.02965044649773999,-0.94754654340044,-0.1004152127045978,-0.8137200078322241,0.13236863391381232,3.082271477055394,12.375230317124924,-0.94754654340044,-0.1004152127045978,11.78939864697149,0.0,0.3495609338225564,66,True
spleen,raw,ENSG00000257515.1,ENSG00000257515,1.6923077011476586,236.49118702917735,-0.990150240356916,0.003992293122380739,348.3076923090113,315.1760916477889,0.0,3.4891385092129608,0.0023356351547560387,-1.0,-0.1004152127045978,-0.9556155975340316,0.10221154191896821,3.793690638187324,21.28971231563933,-1.0,-0.1004152127045978,230.05964118764726,0.0,0.5373353856484289,277,True
stomach,excluded_at_or_below_-1,ENSG00000257515.1,ENSG00000257515,0.6123425445189421,4.606161201466636,-0.9094537080571875,0.028034126628081323,29.531918892168125,23.842528077180923,0.0,2.043008553094074,0.12407477206905226,-0.9499525138977885,-0.4368203880035526,-0.8411873850305964,0.09504956784218486,1.93217535247892,5.752810000354785,-0.9499525138977885,-0.4368203880035526,4.605833809670842,0.0,0.5714677801228445,42,True
stomach,raw,ENSG00000257515.1,ENSG00000257515,1.0769230765773812,455.5537500679421,-0.9941946169423855,0.002604747032897548,82.76923076923173,302.6190965675813,0.0,3.1519573114616093,0.006988814815742349,-1.0,-0.4368203880035526,-0.983611474622322,0.05702817561642107,4.590120812850805,27.178311712505653,-1.0,-0.4368203880035526,453.74735520566196,0.0,3.171156238665253,407,True
testis,excluded_at_or_below_-1,ENSG00000257515.1,ENSG00000257515,1.5616334194804202,15.767426531670111,-0.839236414460713,0.1799895830208381,401.59409096430625,5.2431845221229665,0.0,0.7605084895312132,0.7488727628386473,-0.9360277404361445,-0.1719265958116574,-0.7422243755480696,0.14817547037618697,1.179758171888848,1.2355796814070015,-0.9360277404361445,-0.1719265958116574,15.767397715607974,0.0,11.807774690063123,267,True
testis,raw,ENSG00000257515.1,ENSG00000257515,6.846153865815782,219.1949534548458,-0.9896730060239863,3.5773802217065906e-05,1987.0769230769233,32327.233680307392,,408.24776887866017,,-1.0,-0.1719265958116574,-0.8337534016215812,0.1714478522148438,1.0351985611252468,0.7607684016042442,-1.0,-0.1719265958116574,0.0,0.0,0.0,414,True
thyroid,excluded_at_or_below_-1,ENSG00000257515.1,ENSG00000257515,0.14474721439746455,32.20356884648884,-1.1747396724112478,0.2805352119770681,76.56126917530014,6.289379258311198,0.0,-1.2933200065419557,1.0,-0.9181859157207772,0.0728741183049159,-0.788312967167304,0.16998322057546406,3.0401466647379567,10.706850760671433,-0.9181859157207772,0.0728741183049159,13.95361974520509,0.0,13.95361974520509,69,True
thyroid,raw,ENSG00000257515.1,ENSG00000257515,1.769230761982159,694.2613411488408,-0.9882255400329559,0.004645243946132337,480.9230769288156,323.0447195567208,0.0,3.5846558691233015,0.001665086550468561,-1.0,0.0728741183049159,-0.9786456063370526,0.08334942711969814,6.578166376215658,59.34338053715511,-1.0,0.0728741183049159,675.7666245617482,0.0,1.125209917813295,684,True
uterus,excluded_at_or_below_-1,ENSG00000257515.1,ENSG00000257515,,,,,,,,,,-0.9084910711627894,-0.7443880854237754,,,,,,,,,,9,False
uterus,raw,ENSG00000257515.1,ENSG00000257515,0.2401699432236262,142.41397052565586,-0.9968196364721613,0.0027051820526313394,11.274770080151752,131.96602525004045,0.0,1.6626286685480143,0.25231826901989696,-1.0,-0.7443880854237754,-0.9908448362951616,0.03929066916149923,4.609781887004661,21.59450145210376,-1.0,-0.7443880854237754,141.68907909206683,0.0,35.75074317553336,153,True
vagina,excluded_at_or_below_-1,ENSG00000257515.1,ENSG00000257515,-1170.4692138602938,1174.6718103198127,-0.6510715451590705,37.6835635267027,129.13055299732682,0.08203230950671536,0.0,0.009785707441229285,0.985746159232225,-0.9118244737312584,1.5347862550950846,0.048835630716196766,0.6149605037900686,0.31042094588196756,-0.8902341186561222,-0.9118244737312584,1.5347862550950846,3.9457173347450407,0.0,3.8894757081409352,121,True
vagina,raw,ENSG00000257515.1,ENSG00000257515,3.1025641025641026,67.91180187352661,-0.9747394900575668,0.010263475618546274,145.58974358976428,345.7898158306349,0.0,3.4806684480738976,0.0023405559257425297,-1.0,1.5347862550950846,-0.2534758157843541,0.703950171224599,0.5570287200918358,-0.8802053408619082,-1.0,1.5347862550950846,67.90096265795333,0.0,0.1589260005126949,170,True
whole_blood,excluded_at_or_below_-1,ENSG00000257515.1,ENSG00000257515,0.362903924596963,2.5371254459506094,-0.869792717065901,0.0738631504460507,67.49808769539423,5.069853818969752,0.0,1.0530361407522297,0.5743912571126342,-0.9247918833580078,-0.6049986397543626,-0.8292923376303485,0.07615289312039936,1.200976570632896,0.8778438113311791,-0.9247918833580078,-0.6049986397543626,2.537118750962477,0.0,1.4572988288093733,50,True
whole_blood,raw,ENSG00000257515.1,ENSG00000257515,1.2820512844009817,849.6534655951228,-0.9957780385520781,0.002044716588699317,103.89743590230341,270.2797682231756,0.0,2.9200893524641303,0.014312538448227278,-1.0,-0.6049986397543626,-0.9893706312347664,0.04536487510288368,4.896438804534974,26.261720136632356,-1.0,-0.6049986397543626,835.463764258227,0.0,11.957607248046392,803,True
adipose_subcutaneous,excluded_at_or_below_-1,ENSG00000257517.1,ENSG00000257517,0.3050786974278746,1.328944621431512,-0.8672426582676623,0.043270859305388584,16.995214940685493,11.174182547360562,0.0,2.275613057246947,0.07508179988995307,-0.93686985959955,-0.5253448758364067,-0.7953486044203875,0.11303710849113326,0.9096378759408338,-0.23177878435878663,-0.93686985959955,-0.5253448758364067,1.3289043569241465,0.0,0.09977653099946554,22,True
adipose_subcutaneous,raw,ENSG00000257517.1,ENSG00000257517,0.5641025641025641,760.4398908205437,-0.99447006842123,0.0013074695772799932,27.58974359373606,507.4253514827838,0.0,5.981404365799349,1.7027589390223116e-08,-1.0,-0.5253448758364067,-0.9936942147020289,0.04035853823339353,7.64591902089976,64.6739708233726,-1.0,-0.5253448758364067,760.3120027859148,0.0,1.294628059189673e-05,714,True
adipose_visceral_omentum,excluded_at_or_below_-1,ENSG00000257517.1,ENSG00000257517,0.22779052950692666,1.799621193813327,-0.8700257616141162,0.047228767171537823,22.599736645093543,10.684873618421012,0.0,2.051304798097217,0.12198288412511211,-0.9385306885111706,-0.5131960565341267,-0.8262528209262238,0.09740262805772987,1.6660599386182826,2.820643122800904,-0.9385306885111706,-0.5131960565341267,1.7995291469814891,0.0,0.21951175541600484,23,True
adipose_visceral_omentum,raw,ENSG00000257517.1,ENSG00000257517,0.5897435897400124,639.8196435443547,-0.9947758523591442,0.00241405458079806,39.435897436064636,282.1214913854417,0.0,3.060436373023269,0.00944417871647883,-1.0,-0.5131960565341267,-0.9931921888948946,0.03866016727921237,7.226567308858636,62.740521817263385,-1.0,-0.5131960565341267,626.6622185930773,0.0,5.918309987258139,587,True
adrenal_gland,excluded_at_or_below_-1,ENSG00000257517.1,ENSG00000257517,0.5779412629541459,20.495109464633718,-0.8746942583020018,0.19191708267013732,160.17595887136906,7.701026004897788,0.0,0.5232138888507409,0.872078969559472,-0.9456974545888726,0.1703801800641422,-0.7700130639895717,0.15862676363551687,2.2487153474316885,7.628575699224363,-0.9456974545888726,0.1703801800641422,20.495087145653514,0.0,17.8733344790131,198,True
adrenal_gland,raw,ENSG00000257517.1,ENSG00000257517,5.076923108068472,5000.841624192459,-0.9856228696026429,0.00012636765638865182,2294.7692307692314,12937.133105922181,0.0,160.89823438225372,0.0,-1.0,0.1703801800641422,-0.8456358870167296,0.1690375962211017,1.846159238076987,5.712152130112333,-1.0,0.1703801800641422,2.3801227655440016e-10,0.0,0.0,295,True
artery_aorta,excluded_at_or_below_-1,ENSG00000257517.1,ENSG00000257517,,,,,,,,,,-0.8553401258530927,-0.4497780047744012,,,,,,,,,,9,False
artery_aorta,raw,ENSG00000257517.1,ENSG00000257517,0.2307692306442629,524.9774037363128,-0.994103605005152,0.002763334887045431,6.9230769242261685,278.5737804715623,0.0,3.0176442999779676,0.010741093903321232,-1.0,-0.4497780047744012,-0.9940530027102317,0.045760342288013275,8.465219696081203,76.36869421302814,-1.0,-0.4497780047744012,514.8857351035409,0.0,5.530436030227712,472,True
artery_coronary,excluded_at_or_below_-1,ENSG00000257517.1,ENSG00000257517,,,,,,,,,,-0.9112396563064732,-0.8048930809252193,,,,,,,,,,9,False
artery_coronary,raw,ENSG00000257517.1,ENSG00000257517,0.41866085477244297,257.1738327168622,-0.997589297320847,0.0021174247309450256,14.853773008013814,128.70049105502432,0.0,1.6100919073452917,0.27461353523587984,-1.0,-0.8048930809252193,-0.9948291372353767,0.0283183687337391,5.4469623820480635,28.431481043273294,-1.0,-0.8048930809252193,256.1965105171306,0.0,70.3550294682055,268,True
artery_tibial,excluded_at_or_below_-1,ENSG00000257517.1,ENSG00000257517,0.08872522102377357,0.8443904311752775,-0.8487912698824028,0.09324379694043188,9.221546253947027,4.528350650231345,0.0,0.21638004706377512,0.9768639929821458,-0.8630579250094542,-0.5502220723160105,-0.7772267268458151,0.08350693109520074,1.5305551393581385,1.901527958785863,-0.8630579250094542,-0.5502220723160105,0.8443580030838642,0.0,0.8248229303989346,14,True
artery_tibial,raw,ENSG00000257517.1,ENSG00000257517,0.358974358974359,770.1664098578481,-0.9947523252080624,0.001040954150875015,12.974358974358971,603.9273795071917,0.0,7.12935613489154,9.181845894272605e-12,-1.0,-0.5502220723160105,-0.9954865038724188,0.03343539145047038,8.3820066068276,78.64914402206011,-1.0,-0.5502220723160105,770.1151240076337,0.0,7.071078389486729e-09,691,True
bladder,excluded_at_or_below_-1,ENSG00000257517.1,ENSG00000257517,0.3771070291497,63909898445.66202,-1.3328250487167497,0.08894076119615875,17.29110321221061,12.230253147603719,0.0,-6.800957989392087,1.0,-0.9051086156876268,-0.5636569021856968,-0.8122749589021045,0.08667783852715083,1.082671663195738,1.2202399007640272,-0.9051086156876268,-0.5636569021856968,5.778969068058136,0.0,5.778969068057931,21,True
bladder,raw,ENSG00000257517.1,ENSG00000257517,0.538461538461598,56.40662208457426,-0.9948041649602578,0.0019882931969534656,31.69230769231021,306.6621700109812,0.0,3.6956422686130495,0.001084623699021948,-1.0,-0.5636569021856968,-0.9488022615187559,0.09517866974271029,1.8621806889684351,2.9354687527087204,-1.0,-0.5636569021856968,56.27345033221867,0.0,0.061035517856058874,77,True
brain_amygdala,excluded_at_or_below_-1,ENSG00000257517.1,ENSG00000257517,,,,,,,,,,-0.9236570858974976,-0.7289365372252126,,,,,,,,,,3,False
brain_amygdala,raw,ENSG00000257517.1,ENSG00000257517,0.07692307692318508,180.15495870234778,-0.9967431737386349,0.0011774732939672757,2.7692307693815126,321.65126749900566,0.0,3.911636801202818,0.0004785642412187597,-1.0,-0.7289365372252126,-0.9971638735295588,0.024196113859281537,9.45010706317569,93.37383948903225,-1.0,-0.7289365372252126,179.12541995466754,0.0,0.08572302068359584,181,True
brain_anterior_cingulate_cortex_ba24,excluded_at_or_below_-1,ENSG00000257517.1,ENSG00000257517,,,,,,,,,,-0.932855573439386,-0.7645302590391152,,,,,,,,,,6,False
brain_anterior_cingulate_cortex_ba24,raw,ENSG00000257517.1,ENSG00000257517,0.15384615384615385,234.90828574909338,-0.9971501210035004,0.0005002896417198624,5.0769230769235785,657.5674094239998,0.0,8.05600834372106,8.394966044082205e-15,-1.0,-0.7645302590391152,-0.9968927607515131,0.021198825448628097,8.05577189571998,72.40690672822917,-1.0,-0.7645302590391152,226.03941263431204,0.0,1.8975931936893176e-12,233,True
brain_caudate_basal_ganglia,excluded_at_or_below_-1,ENSG00000257517.1,ENSG00000257517,,,,,,,,,,-0.934888211153676,-0.8699824673133201,,,,,,,,,,2,False
brain_caudate_basal_ganglia,raw,ENSG00000257517.1,ENSG00000257517,-0.169833080735269,281.90569086430975,-0.9984257058059858,0.0017666910395880376,346.72953406375865,102.81716825473153,0.0,1.2602023502985227,0.45244473640372923,-1.0,-0.8699824673133201,-0.9993495689282234,0.00838400804505417,13.829687267846138,198.95154771289972,-1.0,-0.8699824673133201,281.63369041655704,0.0,127.42368082292862,300,True
brain_cerebellar_hemisphere,excluded_at_or_below_-1,ENSG00000257517.1,ENSG00000257517,,,,,,,,,,-0.9172960483521304,-0.8145228763646832,,,,,,,,,,4,False
brain_cerebellar_hemisphere,raw,ENSG00000257517.1,ENSG00000257517,0.1025641023669955,391.562360854272,-0.9983235084054825,0.0010683987967614994,3.5897435928681203,243.29243667509533,0.0,2.219131243275536,0.08647861633891478,-1.0,-0.8145228763646832,-0.9979757336253106,0.017385791068612492,8.929715850699445,80.85971479614344,-1.0,-0.8145228763646832,385.9590044937276,0.0,33.377200672162466,277,True
brain_cerebellum,excluded_at_or_below_-1,ENSG00000257517.1,ENSG00000257517,,,,,,,,,,-0.8992497039522249,-0.7280329666214267,,,,,,,,,,5,False
brain_cerebellum,raw,ENSG00000257517.1,ENSG00000257517,0.12820512820512822,336.0981807615996,-0.9971222118733942,0.0010366273629087716,6.358974358974372,367.10362251701696,0.0,3.9260076898438876,0.00045975378855215383,-1.0,-0.7280329666214267,-0.9962942677595712,0.02791595206645285,7.806222767700086,61.4097544907826,-1.0,-0.7280329666214267,328.80161850258725,0.0,0.15116778978864398,266,True
brain_cortex,excluded_at_or_below_-1,ENSG00000257517.1,ENSG00000257517,,,,,,,,,,-0.9148092397535738,-0.7973152360742901,,,,,,,,,,2,False
brain_cortex,raw,ENSG00000257517.1,ENSG00000257517,-0.19739502769072598,253.7121347004186,-0.9974837934068662,0.0024558125432321077,225.29711121617257,115.26982762610257,0.0,1.4489923099175606,0.3512781545703964,-1.0,-0.7973152360742901,-0.998933794354918,0.013362496017370551,13.722088561606437,196.25002129196318,-1.0,-0.7973152360742901,252.79726552237494,0.0,88.80215691314237,270,True
brain_frontal_cortex_ba9,excluded_at_or_below_-1,ENSG00000257517.1,ENSG00000257517,,,,,,,,,,-0.9086792933157336,-0.7895637530902134,,,,,,,,,,5,False
brain_frontal_cortex_ba9,raw,ENSG00000257517.1,ENSG00000257517,0.12820512820513355,273.12923480696645,-0.9975208219466856,0.0008146491822909357,6.358974367678485,361.0090251869277,0.0,4.303800093035663,9.50844126086175e-05,-1.0,-0.7895637530902134,-0.9975878912014439,0.01854897569840185,8.431573554286569,76.20692105912615,-1.0,-0.7895637530902134,272.96482956564336,0.0,0.025954700482060583,269,True
brain_hippocampus,excluded_at_or_below_-1,ENSG00000257517.1,ENSG00000257517,,,,,,,,,,-0.9054463694773272,-0.9054463694773272,,,,,,,,,,1,False
brain_hippocampus,raw,ENSG00000257517.1,ENSG00000257517,0.026315789474858388,299.5261398424189,-0.9985943202805724,0.000550904012101157,0.9743812138154393,239.11805403410784,0.0,3.6084894644087857,0.00148869187113074,-1.0,-0.9054463694773272,-0.9996292014489306,0.005921178024358795,15.874631869995385,250.00393700787342,-1.0,-0.9054463694773272,299.3043857536847,0.0,0.44557200606528957,255,True
brain_hypothalamus,excluded_at_or_below_-1,ENSG00000257517.1,ENSG00000257517,0.33081585569921323,1282716708831.559,-2.253379282686736,0.25526554095475956,10.682729318291699,9.787012367880015,0.0,-7.312250491625741,1.0,-0.9335181054191424,-0.48682359909846,-0.8048089696644987,0.1244684863587835,0.9587379393344363,0.11470400079741871,-0.9335181054191424,-0.48682359909846,3.144005885919526,0.0,3.144005885919493,20,True
brain_hypothalamus,raw,ENSG00000257517.1,ENSG00000257517,0.5128205128205128,260.25754518908394,-0.9941722563585257,0.0018966061415619186,23.743589743870125,378.3069854229615,0.0,4.345485293546233,7.998654385689896e-05,-1.0,-0.48682359909846,-0.9848100365497664,0.062407667797145315,4.975686463835864,27.086055243787275,-1.0,-0.48682359909846,258.1917743325939,0.0,0.020651867681144798,257,True
brain_nucleus_accumbens_basal_ganglia,excluded_at_or_below_-1,ENSG00000257517.1,ENSG00000257517,,,,,,,,,,-0.7576743229736013,-0.7576743229736013,,,,,,,,,,1,False
brain_nucleus_accumbens_basal_ganglia,raw,ENSG00000257517.1,ENSG00000257517,0.02564102525771569,300.2707308037518,-0.9972821851000696,0.0013176446640142756,0.9743589757950327,257.1684897490717,0.0,2.9170009157034897,0.014307708290581103,-1.0,-0.7576743229736013,-0.999149734466574,0.014354134283879955,16.79296046344301,280.00352112676006,-1.0,-0.7576743229736013,298.03000765304415,0.0,4.264126411339405,285,True
brain_putamen_basal_ganglia,excluded_at_or_below_-1,ENSG00000257517.1,ENSG00000257517,,,,,,,,,,-0.9399097166837048,-0.8667442469573938,,,,,,,,,,9,False
brain_putamen_basal_ganglia,raw,ENSG00000257517.1,ENSG00000257517,0.2307693853809748,250.56258454613132,-0.9984353387450812,0.0006605879140722135,8.923076926759698,281.9296630811633,0.0,3.349690662042706,0.0036607480943813653,-1.0,-0.8667442469573938,-0.9967329767783274,0.017702037932703585,5.599905182232171,31.34540076828062,-1.0,-0.8667442469573938,250.53101299251728,0.0,0.9171309283957906,254,True
brain_spinal_cord_cervical_c-1,excluded_at_or_below_-1,ENSG00000257517.1,ENSG00000257517,,,,,,,,,,-0.8948569983839302,-0.853429491458562,,,,,,,,,,2,False
brain_spinal_cord_cervical_c-1,raw,ENSG00000257517.1,ENSG00000257517,0.05128205119474499,221.11190279658607,-0.9983825114719587,0.000712884435498929,1.897435905493419,287.5564630141126,0.0,3.2087588105889018,0.005915526387283082,-1.0,-0.853429491458562,-0.9987661102443259,0.012599823683453311,10.347640830396395,107.53351708739298,-1.0,-0.853429491458562,217.19100248430303,0.0,1.2847991062763047,204,True
brain_substantia_nigra,excluded_at_or_below_-1,ENSG00000257517.1,ENSG00000257517,,,,,,,,,,,,,,,,,,,,,0,False
brain_substantia_nigra,raw,ENSG00000257517.1,ENSG00000257517,0.0,183.0,-0.9875,1.0001e-06,0.0,-17675.90193946968,0.0,,,-1.0,-1.0,-1.0,0.0,,,,-1.0,1.4945409735764572e-187,0.0,,183,True
breast_mammary_tissue,excluded_at_or_below_-1,ENSG00000257517.1,ENSG00000257517,0.5954675662462797,5.249118004527531,-0.8435302340830961,0.12198671366417606,68.09653248238416,6.189710590437678,0.0,1.0671407773383514,0.5658681395254519,-0.9355792710235272,-0.3096204530222919,-0.7681281842734617,0.13595448473258087,1.3775242054200094,1.480288092449542,-0.9355792710235272,-0.3096204530222919,5.249115218079635,0.0,2.97030706260946,86,True
breast_mammary_tissue,raw,ENSG00000257517.1,ENSG00000257517,2.2631585402943135,414.81161664480237,-0.9913835627903989,0.007075996467269149,351.8815708170263,136.25764803862506,0.0,1.722087117697075,0.2283714107721851,-1.0,-0.3096204530222919,-0.9612043265515909,0.10279936184190779,3.2268148949467226,11.453006034088766,-1.0,-0.3096204530222919,412.3260589991995,0.0,94.16348379178244,514,True
cells_cultured_fibroblasts,excluded_at_or_below_-1,ENSG00000257517.1,ENSG00000257517,0.02856347988177432,2.3054376624037847,-0.9065234595272126,0.20757958440505245,41.93046310666308,3.0112236154161707,0.0,0.1519373191569289,0.9884000110990242,-0.9288249608035046,-0.4645332514925199,-0.7998886943502965,0.09843914733404222,1.1657835862468544,1.6022547721939109,-0.9288249608035046,-0.4645332514925199,2.280674442940992,0.0,2.2542186447161376,42,True
cells_cultured_fibroblasts,raw,ENSG00000257517.1,ENSG00000257517,1.0769230769230769,758.5410676074881,-0.9940250899460552,0.0015327128383486018,92.76923079452024,488.55501198362276,0.0,5.512969305686905,2.600447349265853e-07,-1.0,-0.4645332514925199,-0.9871093944213382,0.05502171058371647,5.006772099428236,28.2568267907203,-1.0,-0.4645332514925199,733.1818939539473,0.0,0.00019066009126622596,652,True
cells_ebv-transformed_lymphocytes,excluded_at_or_below_-1,ENSG00000257517.1,ENSG00000257517,,,,,,,,,,-0.601483258635628,-0.601483258635628,,,,,,,,,,1,False
cells_ebv-transformed_lymphocytes,raw,ENSG00000257517.1,ENSG00000257517,0.025641025641028794,369.27680152387944,-0.9956112710862343,0.0016783215767504423,0.974358979901352,332.1063068247016,0.0,3.6980993615321536,0.0011000545986810718,-1.0,-0.601483258635628,-0.9987812943689164,0.022038026154397067,18.00008520770564,322.00306748466284,-1.0,-0.601483258635628,359.9526603660735,0.0,0.3959675793431761,327,True
cervix_ectocervix,excluded_at_or_below_-1,ENSG00000257517.1,ENSG00000257517,,,,,,,,,,-0.8387598219326168,-0.8387598219326168,,,,,,,,,,1,False
cervix_ectocervix,raw,ENSG00000257517.1,ENSG00000257517,0.025641030189463142,33.859642106407755,-0.9986137457024457,0.001010397256426305,0.9743589758074813,223.7412914138643,0.0,1.940285977649369,0.1524740888439219,-1.0,-0.8387598219326168,-0.9932816592471924,0.03291301352504903,4.587317109255647,19.043478260869573,-1.0,-0.8387598219326168,33.805705022840954,0.0,5.154494071084069,24,True
cervix_endocervix,excluded_at_or_below_-1,ENSG00000257517.1,ENSG00000257517,,,,,,,,,,-0.7713696800657556,-0.7713696800657556,,,,,,,,,,1,False
cervix_endocervix,raw,ENSG00000257517.1,ENSG00000257517,0.025641025642511982,53.13961912769211,-0.9982532052855649,0.0011823747117699227,0.9743589744172945,271.3706198642963,0.0,2.089304474499459,0.11487532812674975,-1.0,-0.7713696800657556,-0.9900595513072068,0.04767271719677053,4.477215043467819,18.04545454545455,-1.0,-0.7713696800657556,52.155728463800415,0.0,5.991406420968883,23,True
colon_sigmoid,excluded_at_or_below_-1,ENSG00000257517.1,ENSG00000257517,-0.0022241547199711767,2.96257852427998,-0.8124726498595971,0.15536766264714985,23.448087433679675,5.3898147662827744,0.0,0.9933100292430974,0.6105896585585596,-0.9215992072859764,-0.220339364888648,-0.7718967830857333,0.11893937258022244,2.562544404965551,9.87022818777295,-0.9215992072859764,-0.220339364888648,2.962569407502537,0.0,1.808914242983008,39,True
colon_sigmoid,raw,ENSG00000257517.1,ENSG00000257517,1.0000000042028911,502.9735622514528,-0.9919435347538889,0.003175487443864018,82.00000001065243,343.6364026302809,0.0,3.5879727497754192,0.0016112714752709843,-1.0,-0.220339364888648,-0.9787684356571446,0.07542392652507106,4.672374427228839,29.510769657786007,-1.0,-0.220339364888648,499.94348272674466,0.0,0.8055446729652314,419,True
colon_transverse,excluded_at_or_below_-1,ENSG00000257517.1,ENSG00000257517,0.18381979224544454,3848962749.6865363,-4.871302364049029,0.8581780914866967,22.494124167468645,7.141440894541879,0.0,-6.519012890572114,1.0,-0.9154118326213392,-0.5377078629052519,-0.8030277430482877,0.1017959149258857,1.1083103025096142,0.448268758140729,-0.9154118326213392,-0.5377078629052519,2.2433206628955444,0.0,2.243320662895544,29,True
colon_transverse,raw,ENSG00000257517.1,ENSG00000257517,0.7435897435906423,510.58666691588553,-0.9950473559046895,0.002309062224600105,35.43589743691664,280.10319805073755,0.0,3.033307796808283,0.010244328579703407,-1.0,-0.5377078629052519,-0.9880747485352825,0.05308814993871684,5.266100217246403,30.63621966466082,-1.0,-0.5377078629052519,500.75318381721286,0.0,5.129880152356216,479,True
esophagus_gastroesophageal_junction,excluded_at_or_below_-1,ENSG00000257517.1,ENSG00000257517,0.2042204653628118,0.6955169753191102,-0.8429382136625294,0.07450647962281891,21.583533882820404,3.6884904215318928,0.0,2.100395977119907,0.10916972726398116,-0.9535955530013877,-0.6486136478807687,-0.8273728784294546,0.0783250885898943,0.654793312370722,0.056970570574079726,-0.9535955530013877,-0.6486136478807687,0.6947405640746461,0.0,0.07584463789925355,20,True
esophagus_gastroesophageal_junction,raw,ENSG00000257517.1,ENSG00000257517,0.5128432000364991,434.85665422850263,-0.9957832880343328,0.0004902506035398357,19.743589763663422,1001.4715127412649,0.0,12.163842751869948,0.0,-1.0,-0.6486136478807687,-0.9914328971925288,0.04121855794388365,5.3801021103446,30.87975225985383,-1.0,-0.6486136478807687,413.3694172974224,0.0,0.0,403,True
esophagus_mucosa,excluded_at_or_below_-1,ENSG00000257517.1,ENSG00000257517,,,,,,,,,,-0.9004448982866844,-0.5549704498943586,,,,,,,,,,9,False
esophagus_mucosa,raw,ENSG00000257517.1,ENSG00000257517,0.23076923076923078,650.2037528214629,-0.9947411761556766,0.0011296734158599184,8.923076923076923,550.5394007523871,0.0,6.583407114269495,3.887924646706361e-10,-1.0,-0.5549704498943586,-0.997178329367874,0.025986316298098045,11.600250018513167,159.77052967265377,-1.0,-0.5549704498943586,648.4835181163295,0.0,2.5212550530673283e-07,614,True
esophagus_muscularis,excluded_at_or_below_-1,ENSG00000257517.1,ENSG00000257517,0.45526892187336576,0.8829429747594597,-0.706957974600835,0.014287149883194605,16.240974897202324,0.862108689431169,0.6896242758941088,24.843303994669515,0.0,-0.957938461006304,-0.6982484865933525,-0.8071758693572494,0.07646140521171613,-0.09727348397670019,-1.120187730998529,-0.957938461006304,-0.6982484865933525,0.8829364950353377,0.6088944410492271,0.0,21,True
esophagus_muscularis,raw,ENSG00000257517.1,ENSG00000257517,0.5384615363775652,558.3092418498792,-0.9959452487108921,0.001526365751154005,19.692307786780997,275.8230117145124,0.0,3.756821889361057,0.0008617081717142349,-1.0,-0.6982484865933525,-0.9927819844144425,0.03938144557390207,5.803822518977241,33.95342922008365,-1.0,-0.6982484865933525,558.1632844622934,0.0,0.4809738633720141,561,True
fallopian_tube,excluded_at_or_below_-1,ENSG00000257517.1,ENSG00000257517,,,,,,,,,,-0.8965748745399296,-0.8308048662404698,,,,,,,,,,2,False
fallopian_tube,raw,ENSG00000257517.1,ENSG00000257517,0.05128205128205358,29.492229235338645,-0.9980746293450243,0.0006312218065434604,1.897435898160826,374.75759725849815,0.0,4.313674313269129,9.168598661049083e-05,-1.0,-0.8308048662404698,-0.9905993014062207,0.036233828401122214,3.735444792674307,12.673473989263949,-1.0,-0.8308048662404698,29.293767514047367,0.0,0.002685827976063697,29,True
heart_atrial_appendage,excluded_at_or_below_-1,ENSG00000257517.1,ENSG00000257517,0.06929036183109005,1.2124649788549913,-0.9699922052202077,0.09378620112763965,8.717193740044808,4.074100465288267,0.0,-0.52917104962703,1.0,-0.9348992434415312,-0.6998106599304219,-0.8734017082715101,0.06502546054899326,1.6223235344523497,1.9954057092564268,-0.9348992434415312,-0.6998106599304219,1.0537532449654206,0.0,1.0537532449654214,13,True
heart_atrial_appendage,raw,ENSG00000257517.1,ENSG00000257517,0.33333333333333337,493.5447271252319,-0.9962453106936774,7.43566822263824e-06,16.666666666666664,56379.855974529244,,714.1163888044827,,-1.0,-0.6998106599304219,-0.9964299830965935,0.023462130856393648,8.097902066381804,76.85227984556921,-1.0,-0.6998106599304219,0.0,0.0,0.0,461,True
heart_left_ventricle,excluded_at_or_below_-1,ENSG00000257517.1,ENSG00000257517,0.3194627039058599,1.126007838522587,-0.8609882940885653,0.01234076528209065,18.42420681161113,11.652349646463861,0.0,9.969693952072795,0.0,-0.9479862244367612,-0.7593071083060139,-0.8749537032606374,0.05205597669125348,0.42569377932448615,-0.32972849050597475,-0.9479862244367612,-0.7593071083060139,1.1259806496567983,0.0,0.0,18,True
heart_left_ventricle,raw,ENSG00000257517.1,ENSG00000257517,0.46153417860445733,509.1236522794185,-0.9975077632401865,0.0012882039955182754,25.692307697622653,261.50097185386477,0.0,2.736022430170572,0.02377959605480943,-1.0,-0.7593071083060139,-0.995020280218344,0.026483349354219626,5.818407898985033,35.47482793626945,-1.0,-0.7593071083060139,507.10035571059973,0.0,12.0586416180481,452,True
kidney_cortex,excluded_at_or_below_-1,ENSG00000257517.1,ENSG00000257517,,,,,,,,,,-0.93687538331497,-0.846618781336664,,,,,,,,,,2,False
kidney_cortex,raw,ENSG00000257517.1,ENSG00000257517,0.05128204682896123,130.1982195464365,-0.9984970569249464,0.0008377610738625782,1.8974358986493225,256.3837397892997,0.0,2.5370986388947325,0.04008141775624328,-1.0,-0.846618781336664,-0.9979182131216504,0.01620853079449804,8.45391274990972,73.39985245749601,-1.0,-0.846618781336664,129.99106961842165,0.0,5.21022636595686,104,True
kidney_medulla,excluded_at_or_below_-1,ENSG00000257517.1,ENSG00000257517,,,,,,,,,,-0.9140288276647208,-0.9140288276647208,,,,,,,,,,1,False
kidney_medulla,raw,ENSG00000257517.1,ENSG00000257517,0.02564102564102563,13.29613368379866,-0.999099881798603,0.00032550934120333076,0.9743589743590413,369.60118587306727,0.0,3.910669240547224,0.00048452905805956137,-1.0,-0.9140288276647208,-0.992184438878611,0.02592128376573666,2.8460498941515384,6.099999999999987,-1.0,-0.9140288276647208,13.106908938885148,0.0,0.0063506782422304495,11,True
liver,excluded_at_or_below_-1,ENSG00000257517.1,ENSG00000257517,0.32582295366831227,10.259211205176483,-0.920438860189437,0.18699496763638854,122.81413011697047,5.675682207613978,0.0,0.17185633983047874,0.985348550409578,-0.943162635126783,-0.1699694551681285,-0.8010573985096442,0.12858967474833782,1.9431943896260646,5.1635623754414475,-0.943162635126783,-0.1699694551681285,10.2591336324641,0.0,10.10882245320665,113,True
liver,raw,ENSG00000257517.1,ENSG00000257517,2.8974358819226564,201.62861434247378,-0.9910563507510233,0.0025226326077011905,669.5897435897435,460.30968603006977,0.0,5.013900964571074,3.699424164378775e-06,-1.0,-0.1699694551681285,-0.9141965115709534,0.12977108507553942,2.035497168999078,5.477292509945288,-1.0,-0.1699694551681285,189.4564916712927,0.0,0.0007008799233871876,262,True
lung,excluded_at_or_below_-1,ENSG00000257517.1,ENSG00000257517,0.7572129164085817,6.804124414878281,-0.8423971116914167,0.07530650465993557,58.3741759527268,10.91398148301743,0.0,1.0512924153817926,0.5754629353136067,-0.8983781595927361,-0.2612304341281364,-0.7523901457757861,0.14111242758048265,1.5584398608514867,1.927134010264428,-0.8983781595927361,-0.2612304341281364,6.803937888453951,0.0,3.915414068981174,79,True
lung,raw,ENSG00000257517.1,ENSG00000257517,2.0256408291837493,539.487673072569,-0.9900312651772228,0.004163545540152566,312.9743881482607,247.5486360359669,0.0,3.386037176755857,0.0032405138517380533,-1.0,-0.2612304341281364,-0.9676139429077601,0.09776289600450541,3.7515909404537364,15.992244426825849,-1.0,-0.2612304341281364,539.1637995378044,0.0,1.747167760757974,604,True
minor_salivary_gland,excluded_at_or_below_-1,ENSG00000257517.1,ENSG00000257517,0.19256147248055874,0.7351126455637158,-0.8696184744153911,0.044729278004799096,16.79313578712445,6.797373006222881,0.0,1.5431515452270246,0.30402193843777703,-0.918425851396114,-0.6546286065573366,-0.8238894917991146,0.07658856101558921,0.9271667953356184,-0.3020768030568637,-0.918425851396114,-0.6546286065573366,0.7351104903584519,0.0,0.22348971624472133,16,True
minor_salivary_gland,raw,ENSG00000257517.1,ENSG00000257517,0.4211194664632357,159.29343156110954,-0.9956895017052804,0.0036963399766704944,48.4045034765324,130.4893344653311,0.0,1.6491895192145574,0.258101964546467,-1.0,-0.6546286065573366,-0.984432220269535,0.05479047459583845,3.8614965120106706,15.246655214388952,-1.0,-0.6546286065573366,158.41774640657076,0.0,40.887931566559914,181,True
muscle_skeletal,excluded_at_or_below_-1,ENSG00000257517.1,ENSG00000257517,-0.03785061023313283,2.818100904528156,-0.9026175505891713,0.15089529885012767,69.95901982257446,2.5944110701237735,0.0,0.4078017258646477,0.9173587352538856,-0.9461296232585108,-0.6257962527439695,-0.8461445179130578,0.07125902585654867,0.8941071198365588,0.7447955192660287,-0.9461296232585108,-0.6257962527439695,2.7207441243748107,0.0,2.4958983888859168,60,True
muscle_skeletal,raw,ENSG00000257517.1,ENSG00000257517,1.5384615384516775,835.9610984122602,-0.995912677558262,0.0018671034039829996,131.69230769353285,280.3399460966224,0.0,3.095890039387872,0.008490078617741615,-1.0,-0.6257962527439695,-0.9887147568151388,0.04447030623247755,4.454347355286919,21.358462104035468,-1.0,-0.6257962527439695,816.6180885336915,0.0,6.933151772320906,818,True
nerve_tibial,excluded_at_or_below_-1,ENSG00000257517.1,ENSG00000257517,0.1523283874795139,2.4633034470050856,-0.8441132841493328,0.15616320014894744,16.002081718200206,5.353826722985908,0.0,0.4726964968829732,0.8943005856462194,-0.896310349441631,-0.2529220126546099,-0.7499343323776338,0.13169381794571366,1.8690670056216663,4.182245202663736,-0.896310349441631,-0.2529220126546099,2.4632829483918717,0.0,2.202915383359197,35,True
nerve_tibial,raw,ENSG00000257517.1,ENSG00000257517,0.8974358974486394,707.2011137609146,-0.991795381396102,0.003432706727966022,63.58974359447829,304.40256676679843,0.0,3.380155609916136,0.0033820945357466645,-1.0,-0.2529220126546099,-0.9869368681092794,0.06310344324700957,6.112808611698449,45.72881600632935,-1.0,-0.2529220126546099,690.7992004648729,0.0,2.33634820119041,670,True
ovary,excluded_at_or_below_-1,ENSG00000257517.1,ENSG00000257517,0.24954365723940955,1309715165516.541,-8.26584219928391,1.413751802856454,24.472213098056507,7.817607510447377,0.0,-7.4049120839331595,1.0,-0.8633479175240717,-0.4507872415494751,-0.7218378200424712,0.10795250928018225,0.5041176376884631,-0.5116234540593472,-0.8633479175240717,-0.4507872415494751,1.5531312660532928,0.0,1.5531312660532928,30,True
ovary,raw,ENSG00000257517.1,ENSG00000257517,0.7692307693057128,200.6486928036634,-0.9937212683229923,0.0012720322951228732,36.923076927320004,603.6204167778433,0.0,6.980536206644487,2.6551760679452517e-11,-1.0,-0.4507872415494751,-0.9567623554470163,0.10941064205803509,2.5200050645596623,5.414997694514666,-1.0,-0.4507872415494751,198.25176849288832,0.0,5.2639335113013885e-09,193,True
pancreas,excluded_at_or_below_-1,ENSG00000257517.1,ENSG00000257517,,,,,,,,,,-0.9019847661310404,-0.8519744124921578,,,,,,,,,,2,False
pancreas,raw,ENSG00000257517.1,ENSG00000257517,0.05128205128204892,366.9334058342865,-0.9982373017888604,0.0006320451181600294,1.8974358974409826,327.26613302137594,0.0,3.9440724165729293,0.0004200434868387849,-1.0,-0.8519744124921578,-0.999320329222716,0.009319109410078203,14.124716622198319,203.65818491617705,-1.0,-0.8519744124921578,365.94354558400534,0.0,0.15371220287325338,362,True
pituitary,excluded_at_or_below_-1,ENSG00000257517.1,ENSG00000257517,-0.061164557937582284,1197769201435.9534,-15.312961308724821,2.782903601666194,35.14529199218198,7.682234349040575,0.0,-7.315362856958451,1.0,-0.9177170657241466,-0.1957836719085932,-0.7149032374462838,0.16824554522392438,0.9658215269947944,0.6414594841870662,-0.9177170657241466,-0.1957836719085932,2.686467443735381,0.0,2.686467443735409,37,True
pituitary,raw,ENSG00000257517.1,ENSG00000257517,0.9487179487147887,286.4093264688178,-0.9907362752688306,0.003922192346754615,61.897435897693036,286.6337633966586,0.0,3.340194461332609,0.0037828627044911504,-1.0,-0.1957836719085932,-0.9662984657684107,0.10846982058495362,3.796227270642352,15.605198147295347,-1.0,-0.1957836719085932,286.07290932271513,0.0,1.0821745394421778,313,True
prostate,excluded_at_or_below_-1,ENSG00000257517.1,ENSG00000257517,1.8633564752360952,8.329987425296212,-0.8736947015315378,0.03336273523948121,83.73995538387317,23.74076718552931,0.0,1.7062094572889859,0.23327168680612612,-0.9139459166953292,-0.3136258752477047,-0.73467613088048,0.14809184608127646,0.8515293683531232,-0.14111366496406452,-0.9139459166953292,-0.3136258752477047,8.329788431310547,0.0,1.9431037981099666,106,True
prostate,raw,ENSG00000257517.1,ENSG00000257517,2.717948717948718,188.61004561926336,-0.9920320276721403,0.0021010840151206413,305.8974358974359,456.6267577362431,0.0,5.363143239193983,5.680740069003342e-07,-1.0,-0.3136258752477047,-0.9002683328841522,0.1573800759897342,1.5910789030275363,1.717956689034029,-1.0,-0.3136258752477047,188.48964350319676,0.0,0.00010707606704407624,282,True
skin_not_sun_exposed_suprapubic,excluded_at_or_below_-1,ENSG00000257517.1,ENSG00000257517,-417.44271781982985,418.52858896753975,-0.852057395712741,4.650045132923957,37.87393662827073,0.059103448179066174,0.0,0.022688694345759552,0.8525256955210598,-0.92665960256604,-0.6577206216523153,-0.8076870236305782,0.0730219207103833,0.18960574425643612,-1.1809383885089944,-0.92665960256604,-0.6577206216523153,0.7303675957005566,0.0,0.6226571425106613,36,True
skin_not_sun_exposed_suprapubic,raw,ENSG00000257517.1,ENSG00000257517,0.9230769290389808,632.2342925810202,-0.9954395792715512,0.0016515653047123363,46.76923078465747,289.1842840079617,0.0,3.9050280518111857,0.0004883011169060635,-1.0,-0.6577206216523153,-0.9893651810302625,0.04714027268154244,4.694467988375361,21.899319219471167,-1.0,-0.6577206216523153,632.2066372647262,0.0,0.30870720709179233,651,True
skin_sun_exposed_lower_leg,excluded_at_or_below_-1,ENSG00000257517.1,ENSG00000257517,0.34574078854411977,12.412627437906599,-0.8654974511668836,0.033869058345821386,29.04206469481889,39.61628808103371,0.0,1.8087832244112976,0.19479819933027095,-0.9088160744586372,0.0832746495686465,-0.8049027633553666,0.153757314081612,4.658137827172745,24.2371742792617,-0.9088160744586372,0.0832746495686465,12.411916897945103,0.0,2.417819061956669,43,True
skin_sun_exposed_lower_leg,raw,ENSG00000257517.1,ENSG00000257517,1.1025835353512867,791.903492455941,-0.9864730600999005,4.232234388295347e-05,323.5897436044713,35745.934192934896,,452.00667328426755,,-1.0,0.0832746495686465,-0.9888737650189401,0.05803672822361598,10.316867392287149,160.23103521759228,-1.0,0.0832746495686465,0.0,0.0,0.0,754,True
small_intestine_terminal_ileum,excluded_at_or_below_-1,ENSG00000257517.1,ENSG00000257517,0.09939698068745643,676307464110.6594,-4.053494468147876,0.6099355926667641,14.922045378615184,8.040813187927863,0.0,-7.289079879803211,1.0,-0.9097901686198412,-0.5855754156167914,-0.8299778164604228,0.08469077436276153,1.5357100728770636,1.9110371559603712,-0.9097901686198412,-0.5855754156167914,1.9570164737614049,0.0,1.9570164737614049,18,True
small_intestine_terminal_ileum,raw,ENSG00000257517.1,ENSG00000257517,0.4615384615384594,199.25188425760132,-0.9944259543459668,0.0016748342385608358,19.692307692307768,345.2293746700497,0.0,4.7066693405995705,1.5482170940662777e-05,-1.0,-0.5855754156167914,-0.9852154623009064,0.05383461489288136,4.332923617420009,21.228610867684843,-1.0,-0.5855754156167914,199.14298643281901,0.0,0.003083165757586992,207,True
spleen,excluded_at_or_below_-1,ENSG00000257517.1,ENSG00000257517,0.2267857113100417,2.5535694275395118,-0.8517102335321383,0.027555816994100965,17.01879280258628,20.923894121623597,0.0,2.2147129380298884,0.08608726316645968,-0.8948637048596313,-0.4440101431356824,-0.7986214090937821,0.1000028066442379,2.343180938595531,5.948067145614118,-0.8948637048596313,-0.4440101431356824,2.5533577715953646,0.0,0.21981158244145524,20,True
spleen,raw,ENSG00000257517.1,ENSG00000257517,0.5128205133731705,316.05779169740777,-0.9942905162976289,0.0027142153045048786,33.74358974876238,286.71784642202977,0.0,2.9748669063358264,0.012007251809067797,-1.0,-0.4440101431356824,-0.9854600295374573,0.05843727678044481,5.084825395921338,32.16306889827706,-1.0,-0.4440101431356824,315.2143933352629,0.0,3.7848585946190267,277,True
stomach,excluded_at_or_below_-1,ENSG00000257517.1,ENSG00000257517,,,,,,,,,,-0.9021950593475668,-0.6073803299231886,,,,,,,,,,6,False
stomach,raw,ENSG00000257517.1,ENSG00000257517,0.15753796946365198,400.39821671468104,-0.995091771758451,0.003022441444511637,5.2782480740107545,181.41187824376541,0.0,2.2965814471032435,0.07237224311260601,-1.0,-0.6073803299231886,-0.9973895094689927,0.02498121845037789,12.07107390101213,164.5213808333151,-1.0,-0.6073803299231886,395.9345253682137,0.0,28.654669726622625,407,True
testis,excluded_at_or_below_-1,ENSG00000257517.1,ENSG00000257517,2.006431363716848,17.459567940554805,0.32744672772245786,0.6522237036163622,376.9668805010467,2.752527464825059,0.0,2.686740990501899,0.004537589474880551,-0.9116561957020164,1.5968898338976292,0.28470266111730075,0.5147515875740167,-0.1572686909948175,-0.42047940607196477,-0.9116561957020164,1.5968898338976292,17.0643384302611,0.0,0.07743096245695247,400,True
testis,raw,ENSG00000257517.1,ENSG00000257517,3.540338557447279,16.783927158515805,0.3279581805780752,0.5956840976689501,566.5668775454473,3.0125705233218074,0.0037785688035235202,3.152705396345021,0.0,-1.0,1.5968898338976292,0.24125860977516983,0.5568151064288385,-0.3020558364253179,-0.3481015170565813,-1.0,1.5968898338976292,16.66728363384648,0.06297847797833045,0.0,414,True
thyroid,excluded_at_or_below_-1,ENSG00000257517.1,ENSG00000257517,1.118515957550998,13.18839747828265,-0.7830674286823316,0.16119806606766818,297.0870823160817,6.102685451659271,0.0,1.2851384502160401,0.43789004415510524,-0.929552965461092,-0.08745743115408,-0.7076722119662533,0.162244819288148,1.4172142408504433,2.022616934429654,-0.929552965461092,-0.08745743115408,13.188357966793825,0.0,5.775050652412682,206,True
thyroid,raw,ENSG00000257517.1,ENSG00000257517,5.282058186638989,517.444558765084,-0.990059834558234,0.0048777973552617876,1367.8974359966764,261.69036295608856,0.0,2.881939481314029,0.016070650986740053,-1.0,-0.08745743115408,-0.9119597597442226,0.16097430357416506,2.098792042229351,4.555930645491393,-1.0,-0.08745743115408,506.171421818139,0.0,8.134504259501284,684,True
uterus,excluded_at_or_below_-1,ENSG00000257517.1,ENSG00000257517,0.18785503833443745,1.5833476998848075,-0.8581834188261127,0.012463490577377596,7.879743896923941,28.750903819760858,0.0,6.63463029388977,2.7644974613825916e-10,-0.9166545397037268,-0.6048011656907526,-0.7959049390178475,0.10634175527940981,0.667449641982479,-1.0697967616546464,-0.9166545397037268,-0.6048011656907526,1.583082500462316,0.0,4.376427553687279e-10,12,True
uterus,raw,ENSG00000257517.1,ENSG00000257517,0.31579003344217405,137.03956345876784,-0.9950733377556251,0.004287553513106521,26.470721357981105,128.72800235933443,0.0,1.6250182165488938,0.26842834913114805,-1.0,-0.6048011656907526,-0.9839925442366939,0.06204027093881158,4.364946313635889,19.47552835331149,-1.0,-0.6048011656907526,136.33278198117281,0.0,36.59558359966308,153,True
vagina,excluded_at_or_below_-1,ENSG00000257517.1,ENSG00000257517,0.23670757339606574,0.630802876919865,-0.8839978669629294,0.1479641439437628,15.7559056598392,3.6462163749055687,0.0,0.20201789630041092,0.9797789456306972,-0.9051342821994312,-0.5025071933469029,-0.7524273407161325,0.13034504509883799,0.8527381844480147,-0.41584182330745323,-0.9051342821994312,-0.5025071933469029,0.6299819365769825,0.0,0.6172430375857807,19,True
vagina,raw,ENSG00000257517.1,ENSG00000257517,0.4943445534876244,149.579780543394,-0.9937866261911288,0.004645980169680099,18.72986642610072,149.54304828449267,0.0,1.891320493777456,0.1684445169862299,-1.0,-0.5025071933469029,-0.9723301145506265,0.0890519869977133,3.644458054356663,13.569749652302214,-1.0,-0.5025071933469029,148.4773103002955,0.0,25.010188816947842,170,True
whole_blood,excluded_at_or_below_-1,ENSG00000257517.1,ENSG00000257517,0.3249999659655974,0.01362681045466949,-2.5989542043170593,0.3047513703821209,10.775000000000047,9.653213800683652,0.0,-7.878590031776514,1.0,-0.9011829675359349,-0.5187661672192813,-0.7352300672880984,0.12204581371849105,0.3792931375672617,-0.9908695929541138,-0.9011829675359349,-0.5187661672192813,4.440892098500626e-16,0.0,4.440892098500626e-16,13,True
whole_blood,raw,ENSG00000257517.1,ENSG00000257517,0.3333333333327355,872.8210679312779,-0.9933400632086226,0.002036913558424138,12.6666666666823,329.49303974175547,0.0,4.623943365667616,2.3061021720832786e-05,-1.0,-0.5187661672192813,-0.9957135627331822,0.036617057470854364,9.588880039728485,98.27572529235039,-1.0,-0.5187661672192813,861.4966652939869,0.0,0.01986699331076963,803,True
adipose_subcutaneous,excluded_at_or_below_-1,ENSG00000257519.1,ENSG00000257519,-0.2444177433126984,158.37828058285064,-2.0729170610350667,0.6001000629147846,65.84711658426286,3.4320015787067137,0.0,-2.7148007457127026,1.0,-0.9209325647405128,-0.6165992755871896,-0.8281101258910689,0.07395744276621576,0.8748822714343464,0.21658386271314578,-0.9209325647405128,-0.6165992755871896,3.536034771076148,0.0,3.536034771076148,57,True
adipose_subcutaneous,raw,ENSG00000257519.1,ENSG00000257519,1.488027395853565,653.7040216528519,-0.9952154701464192,0.003613102010456291,165.01047615428166,148.19513972486286,0.0,1.8727251511115202,0.17438879962561976,-1.0,-0.6165992755871896,-0.9862776991257575,0.05102024224142283,4.109108130889242,17.602485012183564,-1.0,-0.6165992755871896,649.0910040527851,0.0,113.19420104455345,714,True
adipose_visceral_omentum,excluded_at_or_below_-1,ENSG00000257519.1,ENSG00000257519,0.18846834500478826,2.808778628477772,-0.9052418209753633,0.14640895368574428,27.737942315141847,5.379225204026123,0.0,0.5299962466350877,0.8689719907418386,-0.9601106173097768,-0.3483480428957025,-0.8213481315746588,0.120223299266402,1.7686031925106491,4.156103951478356,-0.9601106173097768,-0.3483480428957025,2.8087667638229297,0.0,2.4407396462887228,41,True
adipose_visceral_omentum,raw,ENSG00000257519.1,ENSG00000257519,1.0789473731893517,605.4335388273918,-0.9933204525715036,0.004517932590334038,79.92754098252527,201.89073450795664,0.0,2.090847168482347,0.11251296451506736,-1.0,-0.3483480428957025,-0.987521760467736,0.05535060556188408,6.0099544676009184,45.46398873870291,-1.0,-0.3483480428957025,604.7472954924615,0.0,68.04191099832627,587,True
adrenal_gland,excluded_at_or_below_-1,ENSG00000257519.1,ENSG00000257519,1.0228619148412812,62.80678521907197,-1.569928427011887,0.7527305712456268,305.0018022140905,5.409351254730001,0.0,-1.175828133266264,1.0,-0.9440810967437494,1.3092576933705105,-0.5461439523021115,0.4281599930778536,1.8633187064772603,3.6951640208257164,-0.9440810967437494,1.3092576933705105,31.46186978001139,0.0,31.46186978001139,219,True
adrenal_gland,raw,ENSG00000257519.1,ENSG00000257519,2.0302955061182764,4799571737591.428,-9.315394747431517,1.6673047847432052,705.9694559015018,9.011866165547431,0.0,-7.05314597301708,1.0,-1.0,1.3092576933705105,-0.6630695781497032,0.4188814661088838,2.005962091241449,4.538572935148561,-1.0,1.3092576933705105,75.64970973429635,0.0,75.64970973429689,295,True
artery_aorta,excluded_at_or_below_-1,ENSG00000257519.1,ENSG00000257519,,,,,,,,,,-0.9041714253820042,-0.843653868903517,,,,,,,,,,3,False
artery_aorta,raw,ENSG00000257519.1,ENSG00000257519,-0.36628767566717924,435.9851684772614,-0.9980757663924721,0.002036137661180826,1230.355122306124,107.25480203024131,0.0,1.3364898242499545,0.4103166939865932,-1.0,-0.843653868903517,-0.9991767622056625,0.010498259916928458,13.061591296936347,172.9110070193093,-1.0,-0.843653868903517,434.99376317058596,0.0,178.48520280894098,472,True
artery_coronary,excluded_at_or_below_-1,ENSG00000257519.1,ENSG00000257519,,,,,,,,,,-0.9108096750196936,-0.7486468909473855,,,,,,,,,,6,False
artery_coronary,raw,ENSG00000257519.1,ENSG00000257519,0.15384582909412223,325.8213335952099,-0.9975058953356483,0.0013855738927233527,5.076923082493744,254.00289437671734,0.0,2.545657550873362,0.039167987351263964,-1.0,-0.7486468909473855,-0.9961582649546075,0.026789949524016334,7.389629535797674,55.92087473249099,-1.0,-0.7486468909473855,325.7266414796306,0.0,12.758056973443827,268,True
artery_tibial,excluded_at_or_below_-1,ENSG00000257519.1,ENSG00000257519,,,,,,,,,,-0.9788870338060518,-0.7090731586249368,,,,,,,,,,10,False
artery_tibial,raw,ENSG00000257519.1,ENSG00000257519,-0.7038438062413581,627.068044204202,-0.9963883367959063,0.0036682221685543836,3160.159835295579,110.76892373865041,0.0,1.3924083251386021,0.3805776390471023,-1.0,-0.7090731586249368,-0.9976992818661531,0.020848413453314833,9.92190012637556,104.68624472666455,-1.0,-0.7090731586249368,624.9800091916918,0.0,237.85341634981117,691,True
bladder,excluded_at_or_below_-1,ENSG00000257519.1,ENSG00000257519,0.131047069921372,1612299356786.912,-5.158550949936121,0.8035543285161889,8.6353755579796,8.576694597200834,0.0,-7.4483295639673885,1.0,-0.926419664688196,-0.2852841030410761,-0.7371122061049071,0.21767049736201205,1.296698373883688,0.3060300009638768,-0.926419664688196,-0.2852841030410761,1.447383359344699,0.0,1.447383359344699,12,True
bladder,raw,ENSG00000257519.1,ENSG00000257519,,,,,,,,,,,,,,,,,,,,,77,False
brain_amygdala,excluded_at_or_below_-1,ENSG00000257519.1,ENSG00000257519,,,,,,,,,,-0.9169405274299622,-0.8145076526962742,,,,,,,,,,3,False
brain_amygdala,raw,ENSG00000257519.1,ENSG00000257519,0.07692307692313187,249.89735727336247,-0.9981820085290768,0.0008590092105817205,2.769230785419683,302.38880081738057,0.0,2.9930158638429223,0.011368595077237607,-1.0,-0.8145076526962742,-0.9978740435268033,0.01732073669054844,8.769737924292555,80.3599625746389,-1.0,-0.8145076526962742,249.3553094436743,0.0,2.8348195434244157,181,True
brain_anterior_cingulate_cortex_ba24,excluded_at_or_below_-1,ENSG00000257519.1,ENSG00000257519,0.34210529560986275,10.54932827263994,-0.9196331083510163,0.0012979239615067667,10.552632310469498,120.8350140254826,0.0,39.814807153572694,0.0,-0.9561739771436162,-0.808734256674395,-0.8988313464146988,0.040253698713125806,0.752819024306107,-0.342338525130613,-0.9561739771436162,-0.808734256674395,10.471499353969191,0.0,0.0,17,True
brain_anterior_cingulate_cortex_ba24,raw,ENSG00000257519.1,ENSG00000257519,0.4417919200472688,213.90235456082019,-0.9976367341564897,0.0021137968991022274,24.98230660369306,126.38321389085198,0.0,1.5811181333481341,0.28756846852597834,-1.0,-0.808734256674395,-0.9926185960903428,0.028408001111953133,4.144101233660817,17.44057851254746,-1.0,-0.808734256674395,213.11813655989226,0.0,61.28605614563813,233,True
brain_caudate_basal_ganglia,excluded_at_or_below_-1,ENSG00000257519.1,ENSG00000257519,0.37992583322361945,9.182013889081606,-0.9879634516855993,0.18122550072259405,39.06951945796536,5.554459944871066,0.0,-0.302373701888247,1.0,-0.9492155376590292,-0.2761828468781273,-0.8127166106221595,0.14512824899295146,1.85133879711419,3.1344078577192542,-0.9492155376590292,-0.2761828468781273,8.771706941000069,0.0,8.77170694100007,82,True
brain_caudate_basal_ganglia,raw,ENSG00000257519.1,ENSG00000257519,2.255251601282538,208.00497216477996,-0.9909592145013011,0.00707209822986947,405.83339949792867,142.9344446725999,0.0,1.8078936478519416,0.19642715619756368,-1.0,-0.2761828468781273,-0.9488092069033901,0.11267565673503038,3.113663841444202,11.260039014306377,-1.0,-0.2761828468781273,206.6002746070904,0.0,40.581904410706606,300,True
brain_cerebellar_hemisphere,excluded_at_or_below_-1,ENSG00000257519.1,ENSG00000257519,,,,,,,,,,-0.9082121683802398,-0.8945230553224472,,,,,,,,,,3,False
brain_cerebellar_hemisphere,raw,ENSG00000257519.1,ENSG00000257519,0.07692306710971819,374.5894024557067,-0.999014257275715,0.0005947260770479167,2.769230778738904,248.4721633268342,0.0,2.3440215310789854,0.06502058386677385,-1.0,-0.8945230553224472,-0.9989357252326412,0.010206306845982295,9.50007300203222,88.56135743280281,-1.0,-0.8945230553224472,369.3199769817554,0.0,24.0134005370172,277,True
brain_cerebellum,excluded_at_or_below_-1,ENSG00000257519.1,ENSG00000257519,,,,,,,,,,-0.8823381995344401,-0.8625751708530769,,,,,,,,,,3,False
brain_cerebellum,raw,ENSG00000257519.1,ENSG00000257519,0.07711582339616066,339.85236929196014,-0.9982857285943645,6.985611057320247e-06,4.769232218127682,27474.14789345141,,347.04850463980677,,-1.0,-0.8625751708530769,-0.9985287289831873,0.013835148045793182,9.322684604845895,85.29859896135,-1.0,-0.8625751708530769,0.0,0.0,0.0,266,True
brain_cortex,excluded_at_or_below_-1,ENSG00000257519.1,ENSG00000257519,-0.1641061142546393,14109.924358909584,-4.188393839828036,1.059345133869033,22.010854872746414,4.608170627659773,0.0,-4.34436252922621,1.0,-0.9341616449563178,-0.7365508789544062,-0.8609752539349212,0.05455890580854539,0.5608234139049233,-0.4663813064182727,-0.9341616449563178,-0.7365508789544062,0.7796979058686402,0.0,0.7796979058686402,20,True
brain_cortex,raw,ENSG00000257519.1,ENSG00000257519,0.52175738893682,247.28610644238702,-0.9967413855187347,0.0029173616408135435,38.256587296722586,126.12935538611781,0.0,1.5796385094943388,0.2882791873538567,-1.0,-0.7365508789544062,-0.989701870661846,0.03925327698786922,4.058986834136522,16.474671730155535,-1.0,-0.7365508789544062,246.34745288043925,0.0,71.01684352306587,270,True
brain_frontal_cortex_ba9,excluded_at_or_below_-1,ENSG00000257519.1,ENSG00000257519,0.4051599812768048,228594109062.97943,-1.2630280406680787,0.06766230117684907,17.088660232955753,15.440027709016245,0.0,-6.913701311637646,1.0,-0.9322456518965948,-0.5243080673754316,-0.8402912625114733,0.10166905724733322,1.6487233296283341,2.4666831805842957,-0.9322456518965948,-0.5243080673754316,9.540834019596877,0.0,9.54083401959637,22,True
brain_frontal_cortex_ba9,raw,ENSG00000257519.1,ENSG00000257519,0.5641025641025647,287.9664617766672,-0.9949903164470737,0.002372953906913736,43.58974359768385,280.5133375182688,0.0,2.985630021343532,0.011721285500114097,-1.0,-0.5243080673754316,-0.9869383188671094,0.05227390898474169,5.230982949396006,32.487871898084826,-1.0,-0.5243080673754316,284.9174603611032,0.0,3.339598896859899,269,True
brain_hippocampus,excluded_at_or_below_-1,ENSG00000257519.1,ENSG00000257519,,,,,,,,,,-0.8676403181947283,-0.8676403181947283,,,,,,,,,,1,False
brain_hippocampus,raw,ENSG00000257519.1,ENSG00000257519,0.026315789478138032,299.538000909813,-0.9980322979365586,0.0007710326531538779,0.9743811893921781,239.16251201720817,0.0,3.60912204359433,0.0014852998476734087,-1.0,-0.8676403181947283,-0.9994809424242931,0.008288684790676222,15.874631869995438,250.00393700787444,-1.0,-0.8676403181947283,299.315720403595,0.0,0.44457359392171614,255,True
brain_hypothalamus,excluded_at_or_below_-1,ENSG00000257519.1,ENSG00000257519,,,,,,,,,,-0.8665443187575563,-0.8530750308565808,,,,,,,,,,2,False
brain_hypothalamus,raw,ENSG00000257519.1,ENSG00000257519,0.05128205128286565,280.0968243512622,-0.9983711238536541,0.0006771326057744422,1.8974359122637343,303.45563560814617,0.0,3.401961030888545,0.003120576301922412,-1.0,-0.8530750308565808,-0.9989090247066699,0.012357227934773861,11.242570740463519,124.69314465392422,-1.0,-0.8530750308565808,275.39419258435385,0.0,0.8593885910658264,257,True
brain_nucleus_accumbens_basal_ganglia,excluded_at_or_below_-1,ENSG00000257519.1,ENSG00000257519,0.30130819578314605,6.036993305385351,-0.9108693008862305,0.14090545379387065,73.72319453106283,4.942781938448677,0.0,0.5013588619342211,0.8818970765329918,-0.9608222923112856,-0.4183942245812287,-0.8351184004312032,0.11066769398876644,1.8089324348123887,3.7531677983723117,-0.9608222923112856,-0.4183942245812287,6.036956797888765,0.0,5.323974551214073,89,True
brain_nucleus_accumbens_basal_ganglia,raw,ENSG00000257519.1,ENSG00000257519,2.342109967578513,190.72145459372638,-0.992733362648601,0.005155003312657531,350.97778906818013,157.56307982619373,0.0,1.9935151292652782,0.1382430522795949,-1.0,-0.4183942245812287,-0.9485106583802706,0.09825477461678521,2.5442115918524872,7.793440574290514,-1.0,-0.4183942245812287,189.14324158697764,0.0,26.1477390350406,285,True
brain_putamen_basal_ganglia,excluded_at_or_below_-1,ENSG00000257519.1,ENSG00000257519,0.28004386893376443,3.710784129738368,-0.9426307215347826,0.16799937850963154,95.64082962728237,3.929184806971486,0.0,0.13969326859134934,0.9902903527146895,-0.9592253738063568,-0.4758691070350415,-0.8341583396593383,0.1007723795534297,1.1878348668822143,1.2627748904519986,-0.9592253738063568,-0.4758691070350415,3.7091196139078337,0.0,3.6731053707177614,62,True
brain_putamen_basal_ganglia,raw,ENSG00000257519.1,ENSG00000257519,1.629032134897045,176.094735609648,-0.9934559138808435,0.00559440835070511,366.20494519901865,130.84105343408822,0.0,1.6542831275235743,0.2559645224465309,-1.0,-0.4758691070350415,-0.9595189647987361,0.08685184110242983,2.514282734877343,6.589243061322781,-1.0,-0.4758691070350415,175.10962669091828,0.0,44.82185197173133,254,True
brain_spinal_cord_cervical_c-1,excluded_at_or_below_-1,ENSG00000257519.1,ENSG00000257519,,,,,,,,,,,,,,,,,,,,,0,False
brain_spinal_cord_cervical_c-1,raw,ENSG00000257519.1,ENSG00000257519,0.0,204.0,-0.9875,1.0001e-06,0.0,-17675.90193946968,0.0,,,-1.0,-1.0,-1.0,0.0,,,,-1.0,1.6660456754622802e-187,0.0,,204,True
brain_substantia_nigra,excluded_at_or_below_-1,ENSG00000257519.1,ENSG00000257519,,,,,,,,,,-0.9463770320797892,-0.930776290854862,,,,,,,,,,3,False
brain_substantia_nigra,raw,ENSG00000257519.1,ENSG00000257519,0.07692307692306499,215.51729919535362,-0.9992716347898001,0.0003222917510593578,2.769230771435556,300.55700784708796,0.0,3.196060573191928,0.006123467371753872,-1.0,-0.930776290854862,-0.9990110670671518,0.00772723273497288,7.76047002792486,59.00247374989045,-1.0,-0.930776290854862,212.99450476198783,0.0,1.3042649002728042,183,True
breast_mammary_tissue,excluded_at_or_below_-1,ENSG00000257519.1,ENSG00000257519,0.6963905474512818,2.113733599900037,-0.8779550530671089,0.03507709708780415,32.08002836313634,9.18246933262324,0.0,3.170223004233766,0.0065706579974609824,-0.9565868969895338,-0.6501999410699328,-0.8378834968576939,0.07779590454684636,0.7686774542454657,-0.21717220110607238,-0.9565868969895338,-0.6501999410699328,2.1137005231733763,0.0,0.013888403246826608,45,True
breast_mammary_tissue,raw,ENSG00000257519.1,ENSG00000257519,1.1712098565683282,461.16201127197706,-0.9956351148904923,0.00348289605018644,104.21302242259094,140.26232787268864,0.0,1.7723410722337438,0.20924113940303374,-1.0,-0.6501999410699328,-0.9858069209311211,0.05121209562196292,4.0420260768713465,16.94131508075752,-1.0,-0.6501999410699328,458.2527521949232,0.0,95.88532800384228,514,True
cells_cultured_fibroblasts,excluded_at_or_below_-1,ENSG00000257519.1,ENSG00000257519,0.06581262741903145,1.4382398633116322,-0.8745123335023717,0.10599394310387054,13.28859644715726,7.895503382835425,0.0,0.6100296475663424,0.8302171934640906,-0.92023346747829,-0.2827519667495795,-0.7796440129444964,0.17753481351009393,1.981178178519712,2.704348559154071,-0.92023346747829,-0.2827519667495795,1.4382396448373274,0.0,1.1940512814656365,15,True
cells_cultured_fibroblasts,raw,ENSG00000257519.1,ENSG00000257519,0.3846153846151603,683.8189699259598,-0.9919245563399826,0.0033283566412913848,21.230769230776048,301.32633078433224,0.0,3.431243456454153,0.0027997079835244383,-1.0,-0.2827519667495795,-0.9949304604205023,0.042082053645642575,12.057654020321328,172.6720933200432,-1.0,-0.2827519667495795,678.0476385705116,0.0,1.8983353869157535,652,True
cells_ebv-transformed_lymphocytes,excluded_at_or_below_-1,ENSG00000257519.1,ENSG00000257519,,,,,,,,,,-0.9265224903210318,-0.7296492751020327,,,,,,,,,,5,False
cells_ebv-transformed_lymphocytes,raw,ENSG00000257519.1,ENSG00000257519,-0.2049992163405975,300.04911417598964,-0.9966417217987967,0.0033021132034458255,519.9221293021646,114.34627340326251,0.0,1.4382676443095426,0.356764993516254,-1.0,-0.7296492751020327,-0.9979002146545249,0.019506894964301906,11.098581015753878,133.5869109633023,-1.0,-0.7296492751020327,298.9622353613847,0.0,106.65925996030965,327,True
cervix_ectocervix,excluded_at_or_below_-1,ENSG00000257519.1,ENSG00000257519,,,,,,,,,,,,,,,,,,,,,0,False
cervix_ectocervix,raw,ENSG00000257519.1,ENSG00000257519,0.0,24.0,-0.9875,1.0001e-06,0.0,-17675.90193946968,0.0,,,-1.0,-1.0,-1.0,0.0,,,,-1.0,1.9600537358379766e-188,0.0,,24,True
cervix_endocervix,excluded_at_or_below_-1,ENSG00000257519.1,ENSG00000257519,,,,,,,,,,-0.8066117648772176,-0.8066117648772176,,,,,,,,,,1,False
cervix_endocervix,raw,ENSG00000257519.1,ENSG00000257519,0.02564102564151146,53.13249282853717,-0.9985001924468364,0.0009764919042474654,0.9743589744449243,277.90421564276534,0.0,2.1721103609848016,0.09581900103737558,-1.0,-0.8066117648772176,-0.9915918158642268,0.04032423453215877,4.477215043467816,18.045454545454543,-1.0,-0.8066117648772176,52.40757917535446,0.0,5.021641883369623,23,True
colon_sigmoid,excluded_at_or_below_-1,ENSG00000257519.1,ENSG00000257519,0.06950702057742633,1.3316632099322097,-0.903635543315189,0.13591183090914918,11.672201399728793,4.330161847463572,0.0,0.3573151700409959,0.9381559148351781,-0.937975023761406,-0.4874889014783208,-0.8263204955025705,0.10250011738379339,1.8248749994667604,3.74788971898918,-0.937975023761406,-0.4874889014783208,1.3315455734912522,0.0,1.2491973556434177,21,True
colon_sigmoid,raw,ENSG00000257519.1,ENSG00000257519,0.5384615384857944,432.82108590554833,-0.9942802026580727,0.0023518587017313424,19.692307695686214,304.74242814566185,0.0,3.439413672694002,0.0027349171242415163,-1.0,-0.4874889014783208,-0.9912952992972649,0.04407022090735153,6.614866152671654,53.8165920499198,-1.0,-0.4874889014783208,427.175692147396,0.0,1.1682901155136225,419,True
colon_transverse,excluded_at_or_below_-1,ENSG00000257519.1,ENSG00000257519,0.11727045139015778,1350080918746.1597,-2.996254885347635,0.3964494869315101,16.099840776443944,8.374499619886171,0.0,-7.3864881736065175,1.0,-0.925584991800529,-0.6486136478807687,-0.8585376843299362,0.07504537288618092,1.5901498046710096,2.0551940255995786,-0.925584991800529,-0.6486136478807687,1.9168175534357796,0.0,1.9168175534357796,15,True
colon_transverse,raw,ENSG00000257519.1,ENSG00000257519,0.3846153877920982,510.5612333201074,-0.9962068156917432,0.001929161234283719,23.230769261070968,254.81072466657946,0.0,2.7806761809151697,0.021365292018838727,-1.0,-0.6486136478807687,-0.9955700736220231,0.0278075837217999,7.797458334405116,71.50528870749152,-1.0,-0.6486136478807687,500.40516910221083,0.0,10.691302565605104,479,True
esophagus_gastroesophageal_junction,excluded_at_or_below_-1,ENSG00000257519.1,ENSG00000257519,,,,,,,,,,-0.9087226285120082,-0.6782785138360305,,,,,,,,,,9,False
esophagus_gastroesophageal_junction,raw,ENSG00000257519.1,ENSG00000257519,-0.1862670692664027,365.02092294504575,-0.9959995721378643,0.003901243582819466,894.9532771867783,115.17492311445326,0.0,1.4501681881239488,0.35074851080424596,-1.0,-0.6782785138360305,-0.9968679950813409,0.02317872159867332,9.285449041054953,102.30845172734772,-1.0,-0.6782785138360305,363.63353695834957,0.0,127.5439215666223,403,True
esophagus_mucosa,excluded_at_or_below_-1,ENSG00000257519.1,ENSG00000257519,0.14361697158358375,1.0711455331650537,-0.8841392747782715,0.008480065103969961,8.686700244726095,15.669121387326872,0.0,4.768502210457844,1.1544831222298625e-05,-0.9127326996109764,-0.7901823413830272,-0.8739602058018935,0.034061961026206795,1.3614553283277844,1.3855160625309706,-0.9127326996109764,-0.7901823413830272,1.0711091885400033,0.0,1.2365774802347573e-05,11,True
esophagus_mucosa,raw,ENSG00000257519.1,ENSG00000257519,0.2820512823277059,666.1753348055737,-0.9977231844737621,0.0010932808923274054,11.897435924873676,268.464469748884,0.0,2.9451748574630923,0.013415217043225344,-1.0,-0.7901823413830272,-0.9977419580843987,0.017288354966920497,8.112843818484219,69.37051389704209,-1.0,-0.7901823413830272,649.2975245003935,0.0,8.710467216801417,614,True
esophagus_muscularis,excluded_at_or_below_-1,ENSG00000257519.1,ENSG00000257519,0.12208987392575676,0.9399019394399271,-0.9265304071711158,0.06695429418695076,13.51753593541276,4.317069853716014,0.0,-0.12576633169815227,1.0,-0.920576146658155,-0.7221437623942905,-0.8636952633202319,0.0537630508930114,1.2908375779164072,1.1507193722252955,-0.920576146658155,-0.7221437623942905,0.9324136102185011,0.0,0.9324136102185014,15,True
esophagus_muscularis,raw,ENSG00000257519.1,ENSG00000257519,0.38461538461540956,583.6620778490034,-0.9968320885803416,0.0011758684451941047,17.230769245687732,330.3668517558972,0.0,3.8100378595821973,0.0007075780569996979,-1.0,-0.7221437623942905,-0.9963554883240704,0.02359251449589875,7.324040549834693,59.42813061041685,-1.0,-0.7221437623942905,581.0231158794375,0.0,0.41111920740588265,561,True
fallopian_tube,excluded_at_or_below_-1,ENSG00000257519.1,ENSG00000257519,,,,,,,,,,,,,,,,,,,,,0,False
fallopian_tube,raw,ENSG00000257519.1,ENSG00000257519,0.0,29.0,-0.9875,1.0001e-06,0.0,-17675.90193946968,0.0,,,-1.0,-1.0,-1.0,0.0,,,,-1.0,2.368398264137555e-188,0.0,,29,True
heart_atrial_appendage,excluded_at_or_below_-1,ENSG00000257519.1,ENSG00000257519,0.0739417859048134,1.8218632028404207,-0.8916528513587197,0.0827667207492863,32.207428977687215,4.782121942011386,0.0,1.2098932345746793,0.4809786673138745,-0.9624617434149216,-0.6117795974922208,-0.8650956819044703,0.07806264301026325,1.7725299772969303,3.450432937559901,-0.9624617434149216,-0.6117795974922208,1.8218432543180512,0.0,0.8762677405166684,30,True
heart_atrial_appendage,raw,ENSG00000257519.1,ENSG00000257519,0.769226288319272,553.825548432804,-0.9961658707248393,0.002027026451302038,62.92307698024271,268.1781880283018,0.0,2.6749910527024907,0.02795765627638137,-1.0,-0.6117795974922208,-0.9912209771304428,0.03865018474533723,5.684333218831895,39.2782116419562,-1.0,-0.6117795974922208,553.4245153625969,0.0,15.472452375430473,461,True
heart_left_ventricle,excluded_at_or_below_-1,ENSG00000257519.1,ENSG00000257519,0.28205128205128205,133.8467281397561,-0.9459734088783472,4.540998524894323e-05,7.897435897435933,3151.7146470482817,0.0,42.88394448643051,0.0,-0.94735039983527,-0.8447727702766483,-0.9115839167984437,0.02992472118374353,0.7512211380428453,-0.11859711206695156,-0.94735039983527,-0.8447727702766483,130.69842122672497,0.0,0.0,13,True
heart_left_ventricle,raw,ENSG00000257519.1,ENSG00000257519,0.3333320755036145,575.3145400295741,-0.9984919513083599,0.000830137164276613,12.666666748844456,261.87449492321923,0.0,2.5690970169909026,0.03699585429375837,-1.0,-0.8447727702766483,-0.9974570595539376,0.015578229550640333,6.5910135369900305,45.58826667998388,-1.0,-0.8447727702766483,573.4877605948194,0.0,21.216669630219403,452,True
kidney_cortex,excluded_at_or_below_-1,ENSG00000257519.1,ENSG00000257519,,,,,,,,,,-0.9564497105074002,-0.8421452445165302,,,,,,,,,,6,False
kidney_cortex,raw,ENSG00000257519.1,ENSG00000257519,0.15789473761459535,97.60666369652273,-0.9980260899566782,0.0008906111772018199,7.13302566224694,247.5253077647891,0.0,3.1343985182634317,0.007512529011662575,-1.0,-0.8421452445165302,-0.9948927504087565,0.02298254306590002,4.9643250844304845,25.2348829329108,-1.0,-0.8421452445165302,95.57409861558341,0.0,0.7180031886130696,104,True
kidney_medulla,excluded_at_or_below_-1,ENSG00000257519.1,ENSG00000257519,,,,,,,,,,,,,,,,,,,,,0,False
kidney_medulla,raw,ENSG00000257519.1,ENSG00000257519,0.0,11.0,-0.9875,1.0001e-06,0.0,-17675.90193946968,0.0,,,-1.0,-1.0,-1.0,0.0,,,,-1.0,8.983579622590726e-189,0.0,,11,True
liver,excluded_at_or_below_-1,ENSG00000257519.1,ENSG00000257519,,,,,,,,,,-0.9109629344076732,-0.9027357614670418,,,,,,,,,,3,False
liver,raw,ENSG00000257519.1,ENSG00000257519,0.07692307692307691,326.1682937440577,-0.9989810492111094,0.0004096800138932904,2.76923076923077,332.2382997126495,0.0,3.51741353293228,0.0020824664899678096,-1.0,-0.9027357614670418,-0.9989425039289126,0.009851930342860478,9.205188926705947,82.87195517202403,-1.0,-0.9027357614670418,322.31095590317767,0.0,0.6712017650178564,262,True
lung,excluded_at_or_below_-1,ENSG00000257519.1,ENSG00000257519,0.1809765481112075,1.1821224537562682,-0.8751416836757752,0.09586569578369741,17.770886826841146,5.066857390729922,0.0,0.5073971705567524,0.8792231890714922,-0.9095367595598444,-0.5316731849123988,-0.797289920523881,0.10334580247275396,1.2652379000571952,0.6948258682936799,-0.9095367595598444,-0.5316731849123988,1.1821077119121401,0.0,1.0393365122933966,22,True
lung,raw,ENSG00000257519.1,ENSG00000257519,0.5641025641026964,584.013221237832,-0.9942267503517701,0.0012154745474556444,27.589743591263236,538.1844703681559,0.0,6.717218364287319,1.6928042449692578e-10,-1.0,-0.5316731849123988,-0.9926165202839825,0.04262082045978695,6.941398320816889,54.490108202478766,-1.0,-0.5316731849123988,549.4274873650304,0.0,9.300731829142705e-08,604,True
minor_salivary_gland,excluded_at_or_below_-1,ENSG00000257519.1,ENSG00000257519,0.23684204224401953,16.229726605340772,-0.9025598594826878,0.0029870169699026112,8.868422331284012,141.02318872020348,0.0,11.649052104616231,0.0,-0.9271642878699956,-0.6046991480140645,-0.8668796974565451,0.07912511943959989,2.6355980230378386,6.312740311592989,-0.9271642878699956,-0.6046991480140645,16.183706151502562,0.0,0.0,15,True
minor_salivary_gland,raw,ENSG00000257519.1,ENSG00000257519,0.3846153846347224,196.08889935555237,-0.9958537661013169,0.0019344901585682747,25.230769233600288,285.95449991499,0.0,3.0311140050610437,0.010208658770147754,-1.0,-0.6046991480140645,-0.988967930728443,0.042910586729260985,5.417575731707812,37.479921797918294,-1.0,-0.6046991480140645,194.27235931074057,0.0,1.983260224674864,181,True
muscle_skeletal,excluded_at_or_below_-1,ENSG00000257519.1,ENSG00000257519,0.43484721005801596,6.072732314449798,-0.9123491349856584,0.08681357021746712,94.41052166243449,7.208670413007376,0.0,0.8466142620417786,0.6988091040057692,-0.9643197910735138,-0.4698343467495282,-0.8580089610338644,0.09242335266348001,1.7977587992545776,3.740061622101593,-0.9643197910735138,-0.4698343467495282,6.072731211623786,0.0,4.243679856862688,78,True
muscle_skeletal,raw,ENSG00000257519.1,ENSG00000257519,2.000000005501011,982.0711519582209,-0.9949422341440103,0.0029358700562088546,348.00000007226197,252.9453558381645,0.0,2.436334351284163,0.05179552677257907,-1.0,-0.4698343467495282,-0.9864605121768234,0.050461510944689834,5.009063866554944,30.93538941049465,-1.0,-0.4698343467495282,974.819879992727,0.0,50.49130919260526,818,True
nerve_tibial,excluded_at_or_below_-1,ENSG00000257519.1,ENSG00000257519,,,,,,,,,,-0.9021788818579712,-0.5113975887870794,,,,,,,,,,9,False
nerve_tibial,raw,ENSG00000257519.1,ENSG00000257519,0.23076923070283684,726.70444161501,-0.9946819554236609,0.0025598772551268995,8.923076926108488,266.99221785400164,0.0,2.937973197777825,0.01367188595246309,-1.0,-0.5113975887870794,-0.9975192117373538,0.025119354108602988,13.767430012791003,228.1897407169426,-1.0,-0.5113975887870794,709.8759731681702,0.0,9.705343345549082,670,True
ovary,excluded_at_or_below_-1,ENSG00000257519.1,ENSG00000257519,,,,,,,,,,-0.8796148793576204,-0.8796148793576204,,,,,,,,,,1,False
ovary,raw,ENSG00000257519.1,ENSG00000257519,-0.013484374363389489,182.1907063323711,-0.9985077168269463,0.0014754203637316124,105.23416564748717,113.96064969096929,0.0,1.4303768296216122,0.36072655507347284,-1.0,-0.8796148793576204,-0.999376242898226,0.008665510599416665,13.784237676902302,188.00520833333334,-1.0,-0.8796148793576204,181.58068691997093,0.0,65.50097566051649,193,True
pancreas,excluded_at_or_below_-1,ENSG00000257519.1,ENSG00000257519,,,,,,,,,,-0.9102605162292752,-0.9102605162292752,,,,,,,,,,1,False
pancreas,raw,ENSG00000257519.1,ENSG00000257519,0.025639784710960706,398.3990580919362,-0.9990346306841594,0.0004978775217863612,0.9743589773937533,252.1615279985069,0.0,2.742116925187396,0.02371197278997461,-1.0,-0.9102605162292752,-0.9997521008735616,0.004716602552028483,18.947368421052683,357.0027700831038,-1.0,-0.9102605162292752,391.35955802668684,0.0,9.279907191025247,362,True
pituitary,excluded_at_or_below_-1,ENSG00000257519.1,ENSG00000257519,0.07733703261587747,0.6403180969200171,-0.9399932257346881,0.1548547201433275,8.850078076721728,2.8854304715362304,0.0,-0.5571745138483243,1.0,-0.8789832724231144,-0.6240419860838746,-0.7939427115498858,0.07448135463712709,1.0227582878514743,0.4686156711561784,-0.8789832724231144,-0.6240419860838746,0.5382912488794506,0.0,0.5382912488794509,11,True
pituitary,raw,ENSG00000257519.1,ENSG00000257519,0.28205128620744707,364.32781166747816,-0.9962053512330592,0.002083715735284281,11.897435912802464,252.58650664294277,0.0,2.5754202743581467,0.03629033359191735,-1.0,-0.6240419860838746,-0.9927583700544689,0.040276141865248236,6.065705205844514,39.179584898105865,-1.0,-0.6240419860838746,364.25825742431647,0.0,13.21905367553895,313,True
prostate,excluded_at_or_below_-1,ENSG00000257519.1,ENSG00000257519,0.30631553441859954,1.8146278086466774,-1.193360805797043,0.4036991610469763,27.103944851618927,2.271006324255593,0.0,-0.8541520505225477,1.0,-0.9495359158533436,-0.5450829415288378,-0.7899131606921269,0.11298911050367175,0.47999057711102905,-0.8183585423147468,-0.9495359158533436,-0.5450829415288378,1.1223001234400654,0.0,1.1223001234400654,36,True
prostate,raw,ENSG00000257519.1,ENSG00000257519,1.2467372060114534,226.294815505311,-0.9943216188052899,0.005023346710571983,388.7006713962475,126.47333874244326,0.0,1.5986242161988737,0.280101822342134,-1.0,-0.5450829415288378,-0.9731804034926118,0.08076375099964753,3.2916800732132856,10.463953893472622,-1.0,-0.5450829415288378,225.1216766026608,0.0,63.056991865122036,282,True
skin_not_sun_exposed_suprapubic,excluded_at_or_below_-1,ENSG00000257519.1,ENSG00000257519,0.4853212073554927,4.744927654792913,-0.8783541313130123,0.05206801360871412,54.91971693024459,10.222989613546575,0.0,1.376688941234676,0.38765688168094237,-0.9290405767229188,-0.501967723713664,-0.8292442882088582,0.08903449390872943,1.93124155542651,4.228296497676028,-0.9290405767229188,-0.501967723713664,4.744920232360807,0.0,1.8394009811018028,57,True
skin_not_sun_exposed_suprapubic,raw,ENSG00000257519.1,ENSG00000257519,1.4615384459736889,687.7204541380702,-0.9946768539548843,0.0023376874989822437,187.692307738536,298.0706080669673,0.0,3.2203043968763403,0.005714752258604329,-1.0,-0.501967723713664,-0.9850490390597619,0.054917831158306514,4.617636492511189,25.86794360205091,-1.0,-0.501967723713664,673.7819662957103,0.0,3.8504970136953256,651,True
skin_sun_exposed_lower_leg,excluded_at_or_below_-1,ENSG00000257519.1,ENSG00000257519,0.4691679845210808,6.247809424355101,-0.8602720618039199,0.08737592538842939,72.08806797864298,7.862828640544875,0.0,1.4102075050455416,0.36996696773940124,-0.9474004765083428,-0.3744741972399497,-0.8116443430705432,0.10670610213928804,1.651274135950007,3.0897708583534405,-0.9474004765083428,-0.3744741972399497,6.24780286456944,0.0,2.311480680838301,81,True
skin_sun_exposed_lower_leg,raw,ENSG00000257519.1,ENSG00000257519,2.076923054042912,785.1499493124837,-0.9935358063803837,0.0034170101968681575,310.7692308284811,256.21384577468785,0.0,2.675365234510002,0.028003797098907345,-1.0,-0.3744741972399497,-0.9797655063510796,0.06794153923161457,4.229895257685515,21.273416591626837,-1.0,-0.3744741972399497,782.5050030647221,0.0,21.91311133470426,754,True
small_intestine_terminal_ileum,excluded_at_or_below_-1,ENSG00000257519.1,ENSG00000257519,,,,,,,,,,-0.9269558094949713,-0.790419370886658,,,,,,,,,,6,False
small_intestine_terminal_ileum,raw,ENSG00000257519.1,ENSG00000257519,0.15384615384615385,228.39577608548905,-0.9976700294666283,0.0008082746177719332,5.076923076923077,362.6201859245461,0.0,4.07667871262247,0.00025154238850481187,-1.0,-0.790419370886658,-0.9961846163148368,0.02385340440509307,6.829844446611476,48.441315520249525,-1.0,-0.790419370886658,223.4805444901926,0.0,0.056214829945416545,207,True
spleen,excluded_at_or_below_-1,ENSG00000257519.1,ENSG00000257519,0.19287264235799692,2.040795595456658,-0.8952046879107193,0.020305202997679322,10.537545326007372,29.020346546446856,0.0,1.4945997643617974,0.3273368639140173,-0.9166640717146228,-0.4785320980228089,-0.8128396217488778,0.12311787232143669,1.5887950255051624,1.8749552736304125,-0.9166640717146228,-0.4785320980228089,2.040492040813983,0.0,0.6679282654815621,14,True
spleen,raw,ENSG00000257519.1,ENSG00000257519,0.358974358974359,376.825394186024,-0.9944461540843189,0.0016052906532642288,18.974358974360726,454.5050166569478,0.0,4.892773904411504,6.607924845090179e-06,-1.0,-0.4785320980228089,-0.9905406307021094,0.04899993970058951,6.803899958095199,54.54000008172334,-1.0,-0.4785320980228089,361.1901641204488,0.0,0.0023867174592936413,277,True
stomach,excluded_at_or_below_-1,ENSG00000257519.1,ENSG00000257519,,,,,,,,,,-0.8606863742160868,-0.6284701309710174,,,,,,,,,,2,False
stomach,raw,ENSG00000257519.1,ENSG00000257519,0.05128205128204539,459.08841803129593,-0.9959587082571959,0.0017017842767780554,1.8974358983926134,305.3896648988058,0.0,3.3583866475723485,0.0036676339107494264,-1.0,-0.6284701309710174,-0.9987448562781011,0.019652244378799425,17.34940955082685,314.17823952223597,-1.0,-0.6284701309710174,444.9985046788631,0.0,1.632091605992945,407,True
testis,excluded_at_or_below_-1,ENSG00000257519.1,ENSG00000257519,0.3538105128223577,18.69866820970574,0.001180357647720138,0.9914419864249717,337.4171564246627,3.7422063041370706,0.0,1.3023272298472561,0.4277397669740852,-0.9118231165718668,2.6246741145311634,0.1605676257764273,0.644547365067642,0.7228233972121062,0.6845315710988702,-0.9118231165718668,2.6246741145311634,18.681566976483616,0.0,7.9908491052318675,350,True
testis,raw,ENSG00000257519.1,ENSG00000257519,-17.074595341615478,54757019.26256081,-99.64015528092546,26.333944624018073,2699.9615234867642,5.491934867703785,0.0,-5.297278755027168,1.0,-1.0,2.6246741145311634,-0.018843794633455188,0.7263056139203647,0.5508685410523094,0.11714988955521699,-1.0,2.6246741145311634,28.708637407622128,0.0,28.70863740762223,414,True
thyroid,excluded_at_or_below_-1,ENSG00000257519.1,ENSG00000257519,0.03263389596932576,1.1432501892251286,-0.9413119310999943,0.14911902560922283,12.60783607156251,3.6410471421584227,0.0,-0.45239382189849386,1.0,-0.8936101357644054,-0.5573887270792217,-0.8100997523658688,0.08712621061626907,1.9371313218714583,3.576968622722042,-0.8936101357644054,-0.5573887270792217,1.0305366131760172,0.0,1.0305366131760165,13,True
thyroid,raw,ENSG00000257519.1,ENSG00000257519,0.2158501016660907,661.1337972058777,-0.9945297546129737,0.005114576472524708,150.56296822766768,120.8723289462862,0.0,1.5125583237242932,0.31965100074241504,-1.0,-0.5573887270792217,-0.9963907847671876,0.028402796923747108,9.57236687966469,109.26837111252611,-1.0,-0.5573887270792217,658.895794579192,0.0,210.6167001222069,684,True
uterus,excluded_at_or_below_-1,ENSG00000257519.1,ENSG00000257519,,,,,,,,,,-0.8998027620308424,-0.6967791991976066,,,,,,,,,,7,False
uterus,raw,ENSG00000257519.1,ENSG00000257519,0.17948717948717952,152.02477030866706,-0.9964666784245952,0.0012587373570186187,5.743589746727795,336.70415455060146,0.0,3.969748942701032,0.00037846453791497663,-1.0,-0.6967791991976066,-0.9914049864201234,0.04250010952696979,5.338368641835732,28.911639856351055,-1.0,-0.6967791991976066,152.01486569272217,0.0,0.05753223590060333,153,True
vagina,excluded_at_or_below_-1,ENSG00000257519.1,ENSG00000257519,0.0598041191105968,0.7152355523429128,-1.0300624168443724,0.35096306123926435,11.414915856187264,2.5091597518543183,0.0,-0.5261477115527985,1.0,-0.8994892018620886,-0.4073683548729739,-0.7308316267408943,0.13750147212030972,0.9002616735095192,0.3419662852432759,-0.8994892018620886,-0.4073683548729739,0.5920692787007173,0.0,0.5920692787007173,13,True
vagina,raw,ENSG00000257519.1,ENSG00000257519,0.33333333334101467,163.753999123967,-0.9931298166166973,0.002556334768767986,10.666666667017026,324.05450711477135,0.0,3.800717588072384,0.0007301522276372676,-1.0,-0.4073683548729739,-0.979416536162539,0.08055742932686558,4.4784838954835635,21.571561693012214,-1.0,-0.4073683548729739,163.6771219670246,0.0,0.11950921521747998,170,True
whole_blood,excluded_at_or_below_-1,ENSG00000257519.1,ENSG00000257519,,,,,,,,,,-0.8781888488580134,-0.764190852843181,,,,,,,,,,2,False
whole_blood,raw,ENSG00000257519.1,ENSG00000257519,2.9100588437537884,756.0077107867685,-0.9971464856340443,0.003155655040046888,2693.2733340329823,104.39956558722916,0.0,1.2788085724037268,0.4418809007594148,-1.0,-0.764190852843181,-0.999554644709466,0.00936144813258307,22.546886453231945,531.0987466059304,-1.0,-0.764190852843181,755.2816920099891,0.0,333.7445543924696,803,True
adipose_subcutaneous,excluded_at_or_below_-1,ENSG00000257522.8,ENSG00000257522,0.13214899783228584,2.882861566858893,-0.9933268035636867,0.006382359286427136,27.439388432837323,4.947316247766473,0.0,0.9634378276840115,0.6286990373814794,-0.9976748076629376,-0.9709995181826588,-0.991134244774027,0.005051463325772446,1.6206417860196507,3.8585820361823755,-0.9976748076629376,-0.9709995181826588,2.8828289546484505,0.0,1.812431788722937,46,True
adipose_subcutaneous,raw,ENSG00000257522.8,ENSG00000257522,1.1795293790064694,689.7464268498408,-0.9996537460412557,8.839541270280086e-05,83.74358981304093,458.4310024458161,0.0,5.539620547144519,2.184335868609955e-07,-1.0,-0.9709995181826588,-0.9994288168902035,0.0025208831568413765,5.606844796737802,38.625978445253665,-1.0,-0.9709995181826588,684.9939105136029,0.0,0.00014962567685139483,714,True
adipose_visceral_omentum,excluded_at_or_below_-1,ENSG00000257522.8,ENSG00000257522,0.1423431895496191,7.321368729315664,-0.9918095053902247,0.004825300959710383,39.7511608903945,11.688863247544456,0.0,1.6236254583133662,0.2676489483368524,-0.9973493203733756,-0.9519270685737832,-0.9901129613993088,0.0072010476231423445,3.295324637491224,13.530214147582743,-0.9973493203733756,-0.9519270685737832,7.321363142795159,0.0,1.9595551455613167,58,True
adipose_visceral_omentum,raw,ENSG00000257522.8,ENSG00000257522,1.4872921032281041,587.0952326289839,-0.9994755240671404,0.00023365535346997991,259.74359023895784,287.7899848215492,0.0,3.1744232108251005,0.006651039808869754,-1.0,-0.9519270685737832,-0.9990230864755705,0.003709878769640329,6.324505377552686,57.84088421337476,-1.0,-0.9519270685737832,572.3139797476849,0.0,3.8064830624744643,587,True
adrenal_gland,excluded_at_or_below_-1,ENSG00000257522.8,ENSG00000257522,0.35723347418045587,5.5478181147130465,-0.9934389575620265,0.0008546701848590785,22.09330930990728,44.99744548826859,0.0,6.937515645670087,3.53910996593693e-11,-0.9976315971584092,-0.9662450626108912,-0.9919475530562668,0.0061548188917567425,3.1098461639176365,10.445574574391474,-0.9976315971584092,-0.9662450626108912,5.547813471479289,0.0,1.963432194607151e-10,25,True
adrenal_gland,raw,ENSG00000257522.8,ENSG00000257522,0.6578947369212086,283.6068475669677,-0.999625349574735,0.00020815152326476795,56.98546118935583,226.7908194941571,0.0,2.545432789770109,0.039535657634542795,-1.0,-0.9662450626108912,-0.9993175892420564,0.0028528740301348534,6.907569754319359,64.87140975487132,-1.0,-0.9662450626108912,281.0484811591942,0.0,11.111436529818087,295,True
artery_aorta,excluded_at_or_below_-1,ENSG00000257522.8,ENSG00000257522,0.08371048798174052,6.336333499213115,-0.9940311604869388,0.011962324108157224,19.046111609288257,9.056823154040178,0.0,0.2394683972627273,0.9717562365627316,-0.9960567375694488,-0.9174227493944216,-0.9861719060121236,0.012701604712030705,3.853137637550676,17.81135978515958,-0.9960567375694488,-0.9174227493944216,6.336192420792044,0.0,6.15723450096618,44,True
artery_aorta,raw,ENSG00000257522.8,ENSG00000257522,0.40137369987416943,397.73129859001347,-0.9989851855256582,0.001102923299016958,1226.6394975511544,104.58270621338161,0.0,1.3012368078414602,0.42974234513415915,-1.0,-0.9174227493944216,-0.9987109403909608,0.005561168139586694,8.4332310776185,102.06356703174511,-1.0,-0.9174227493944216,396.92108409795,0.0,170.5737975134458,472,True
artery_coronary,excluded_at_or_below_-1,ENSG00000257522.8,ENSG00000257522,0.0012405507854025516,1.1746099579631055,-0.9970767503469401,0.011677635522891276,14.533046927156585,2.4654025825652064,0.0,-0.15959201501752113,1.0,-0.9957589455730902,-0.9767190946558996,-0.9898578411547887,0.004669658382697592,1.0094400046797172,0.9878112248835342,-0.9957589455730902,-0.9767190946558996,1.1035087210816987,0.0,1.1035087210817012,22,True
artery_coronary,raw,ENSG00000257522.8,ENSG00000257522,0.5641198838644137,259.3448542427908,-0.9997348172350895,0.00011001036258702152,23.58974360186921,295.87346367993035,0.0,3.408997605541784,0.0030072785864564077,-1.0,-0.9767190946558996,-0.9991674347216617,0.00308138435369894,4.169042069701721,18.685061625171546,-1.0,-0.9767190946558996,258.33212302726236,0.0,0.7768766617736091,268,True
artery_tibial,excluded_at_or_below_-1,ENSG00000257522.8,ENSG00000257522,-0.12416099852625166,4.559926889759655,-0.9951610896251893,0.014920247473535767,73.37195250365161,3.2155332089104185,0.0,0.11912762077729346,0.9928914498502586,-0.9964179108226526,-0.9612365449080464,-0.9880621102990812,0.006287021937865786,1.3058484409330873,3.25376591483559,-0.9964179108226526,-0.9612365449080464,4.533989951455435,0.0,4.501759856507091,70,True
artery_tibial,raw,ENSG00000257522.8,ENSG00000257522,1.7948841629415893,750.4286044927413,-0.9995790649397837,0.00014508648681677046,192.35897436494014,373.73922984933057,0.0,4.103015271081225,0.00023205458049058356,-1.0,-0.9612365449080464,-0.9987906624036695,0.004116540955373942,4.0615537316012285,19.39403116205742,-1.0,-0.9612365449080464,714.6660079625952,0.0,0.1658415206686883,691,True
bladder,excluded_at_or_below_-1,ENSG00000257522.8,ENSG00000257522,0.3282141848460899,8.505992832002134,-0.9928458328726236,0.0033415430319786526,27.44623290704077,47.00554296515017,0.0,1.67320469939117,0.24678214312325236,-0.9967993273469252,-0.8817798321364968,-0.98307869711016,0.02162424499873287,3.6854295500788705,14.420827519234827,-0.9967993273469252,-0.8817798321364968,8.501250873878059,0.0,2.0979569098840494,30,True
bladder,raw,ENSG00000257522.8,ENSG00000257522,0.6174809172469437,52549582970.26536,-1.0574231323274,0.01289911918562449,117.8646185171367,19.256906901579132,0.0,-6.295668050098948,1.0,-1.0,-0.8817798321364968,-0.9934072845883741,0.01572955059061377,5.112558776224229,31.798077149651974,-1.0,-0.8817798321364968,129.97016184664366,0.0,129.97016184660765,77,True
brain_amygdala,excluded_at_or_below_-1,ENSG00000257522.8,ENSG00000257522,0.6933116941066214,784689318880.8391,-4.240767200116289,0.6654871511140101,143.70594315081206,8.349536024734068,0.0,-6.891800792434662,1.0,-0.9976892114520536,-0.311722047345958,-0.8957840712430574,0.12007047792653447,2.113817778981178,5.1827225645759825,-0.9976892114520536,-0.311722047345958,38.094870658423055,0.0,38.094870658423055,176,True
brain_amygdala,raw,ENSG00000257522.8,ENSG00000257522,0.7450227130742988,796757964656.5819,-4.1783330527477895,0.6525704113920686,129.01519334083716,8.379499941769502,0.0,-6.887903022366847,1.0,-1.0,-0.311722047345958,-0.8986629643026414,0.11962361362547387,2.1320484714699806,5.292097611601424,-1.0,-0.311722047345958,39.73376838045668,0.0,39.73376838045668,181,True
brain_anterior_cingulate_cortex_ba24,excluded_at_or_below_-1,ENSG00000257522.8,ENSG00000257522,-2.4200737644871464,15.040221304711407,-1.102701920082066,0.7585893983523511,259.51371634799955,1.9884151436466546,0.0,-0.23647428775985702,1.0,-0.9758562353493204,-0.0361086645609606,-0.6911118643987468,0.20241933020590464,0.6278391267557272,-0.30085848350746014,-0.9758562353493204,-0.0361086645609606,12.542475849977121,0.0,12.542475849977123,233,True
brain_anterior_cingulate_cortex_ba24,raw,ENSG00000257522.8,ENSG00000257522,-2.4200737644871464,15.040221304711407,-1.102701920082066,0.7585893983523511,259.51371634799955,1.9884151436466546,0.0,-0.23647428775985702,1.0,-0.9758562353493204,-0.0361086645609606,-0.6911118643987468,0.20241933020590464,0.6278391267557272,-0.30085848350746014,-0.9758562353493204,-0.0361086645609606,12.542475849977121,0.0,12.542475849977123,233,True
brain_caudate_basal_ganglia,excluded_at_or_below_-1,ENSG00000257522.8,ENSG00000257522,0.2058827876490652,701537987125.0034,-2.567343903081142,0.32963692451218496,131.76167000859712,8.893164601317643,0.0,-6.733761951565565,1.0,-0.9977813991078948,-0.4944494645355211,-0.9599840642999588,0.04798238439902249,4.5651988508596695,34.347916444137496,-0.9977813991078948,-0.4944494645355211,99.95957248497284,0.0,99.95957248497213,276,True
brain_caudate_basal_ganglia,raw,ENSG00000257522.8,ENSG00000257522,0.3901546987846588,819945032338.38,-2.4289984775172,0.300139545644355,217.658928648346,9.115311497392582,0.0,-6.733231447981096,1.0,-1.0,-0.4944494645355211,-0.963185339155962,0.047283786663726186,4.542019408382194,34.660755112215654,-1.0,-0.4944494645355211,117.24904576664666,0.0,117.24904576664666,300,True
brain_cerebellar_hemisphere,excluded_at_or_below_-1,ENSG00000257522.8,ENSG00000257522,-0.055697830441126216,1.3373506415309862,-1.0016286269744161,0.01257493802545363,15.437894287426118,2.2329983180017288,0.0,-0.47543271305847973,1.0,-0.9974011629894493,-0.9817731990483148,-0.992429366337982,0.003873482410941802,0.9324352371190779,0.7389984390329416,-0.9974011629894493,-0.9817731990483148,1.0839019516950126,0.0,1.0839019516950215,21,True
brain_cerebellar_hemisphere,raw,ENSG00000257522.8,ENSG00000257522,0.5384781113394834,274.310657805082,-0.9997951917606417,8.630285237923759e-05,23.692307703094457,295.3198626942864,0.0,3.356118387763945,0.003614674331976375,-1.0,-0.9817731990483148,-0.9994260530436735,0.002262192175863353,4.5464976058494635,22.56582976008024,-1.0,-0.9817731990483148,271.84973011104313,0.0,0.9826482415873325,277,True
brain_cerebellum,excluded_at_or_below_-1,ENSG00000257522.8,ENSG00000257522,0.12147798443077235,1.4797918187609527,-0.9949544239020979,0.0024232724461699102,10.85998419693969,9.856315978871994,0.0,0.32345917625931925,0.949031999530301,-0.9955086752048324,-0.9780655044575228,-0.9912448373535899,0.00534851811627205,1.6029112222630877,1.2447677532445676,-0.9955086752048324,-0.9780655044575228,1.4797915855124832,0.0,1.4043695672870267,14,True
brain_cerebellum,raw,ENSG00000257522.8,ENSG00000257522,0.358974358974359,313.37654246499085,-0.9997267442682529,1.975780265156484e-06,18.97435897435915,15504.567819804748,,195.5895443679081,,-1.0,-0.9780655044575228,-0.9995392019659783,0.002289059752381196,6.395630313674385,47.16901841012223,-1.0,-0.9780655044575228,0.0,0.0,0.0,266,True
brain_cortex,excluded_at_or_below_-1,ENSG00000257522.8,ENSG00000257522,-0.3970155575998223,13.003419545424519,-0.731115026459348,0.2349089941706691,244.52153607989163,2.720911796544486,0.0,1.5479485744141508,0.2841059545642988,-0.9882381741354116,-0.2791559515648663,-0.7162020925469857,0.139795535798908,0.3021914456017323,-0.3290661805615738,-0.9882381741354116,-0.2791559515648663,12.682454985024751,0.0,3.603160979739208,270,True
brain_cortex,raw,ENSG00000257522.8,ENSG00000257522,-0.3970155575998223,13.003419545424519,-0.731115026459348,0.2349089941706691,244.52153607989163,2.720911796544486,0.0,1.5479485744141508,0.2841059545642988,-0.9882381741354116,-0.2791559515648663,-0.7162020925469857,0.139795535798908,0.3021914456017323,-0.3290661805615738,-0.9882381741354116,-0.2791559515648663,12.682454985024751,0.0,3.603160979739208,270,True
brain_frontal_cortex_ba9,excluded_at_or_below_-1,ENSG00000257522.8,ENSG00000257522,-2.6838334710159444,13.867311015209145,-0.6766214401105614,0.4872983835122589,280.9739833207289,2.038125766591083,0.0,0.875504336653597,0.6360315311431332,-0.9782957129080648,0.0256596140945322,-0.6215354259107313,0.20636286662271758,0.24324686897495568,-0.6525163881798415,-0.9782957129080648,0.0256596140945322,12.12962207963185,0.0,7.714822103495799,269,True
brain_frontal_cortex_ba9,raw,ENSG00000257522.8,ENSG00000257522,-2.6838334710159444,13.867311015209145,-0.6766214401105614,0.4872983835122589,280.9739833207289,2.038125766591083,0.0,0.875504336653597,0.6360315311431332,-0.9782957129080648,0.0256596140945322,-0.6215354259107313,0.20636286662271758,0.24324686897495568,-0.6525163881798415,-0.9782957129080648,0.0256596140945322,12.12962207963185,0.0,7.714822103495799,269,True
brain_hippocampus,excluded_at_or_below_-1,ENSG00000257522.8,ENSG00000257522,0.953532605137185,1959818168259.5012,-5.147871877238406,0.8411199275994193,97.75523627597642,8.38377946741028,0.0,-6.978648191463206,1.0,-0.9972398809679796,-0.1615217486167075,-0.8747546924282859,0.14126474129260436,2.031843914232396,4.670187245260207,-0.9972398809679796,-0.1615217486167075,52.09593813137053,0.0,52.095938131370524,246,True
brain_hippocampus,raw,ENSG00000257522.8,ENSG00000257522,1.0412639661055756,1471832914296.1528,-4.884726790240664,0.7932397335456474,81.41882592899097,8.420683363750332,0.0,-6.925817102373256,1.0,-1.0,-0.1615217486167075,-0.879175115048464,0.14065857328163717,2.0545863405681906,4.800879190085618,-1.0,-0.1615217486167075,56.48911242292735,0.0,56.48911242292735,255,True
brain_hypothalamus,excluded_at_or_below_-1,ENSG00000257522.8,ENSG00000257522,0.4129671733659858,172.4839178569861,-1.0250399605481855,0.035490240313696624,31.28678864943068,20.690346283503448,0.0,-1.0900436571406653,1.0,-0.9976848903002192,-0.5058076597753449,-0.9719268169017273,0.05320083583655397,6.101974975573719,45.60669150161273,-0.9976848903002192,-0.5058076597753449,95.22156269757177,0.0,95.22156269757077,136,True
brain_hypothalamus,raw,ENSG00000257522.8,ENSG00000257522,0.9752271919922746,176.18863520017055,-0.9939362418972719,0.009940843697777266,284.00598494747476,69.4426028620821,0.0,0.8626480013708628,0.6898795890335457,-1.0,-0.5058076597753449,-0.9851441521347662,0.04110569310535185,7.813084633269671,78.20938455215683,-1.0,-0.5058076597753449,176.04024437523873,0.0,121.44657144295473,257,True
brain_nucleus_accumbens_basal_ganglia,excluded_at_or_below_-1,ENSG00000257522.8,ENSG00000257522,0.4116480669337588,27.931914469574853,-0.9737636505083755,0.048952443325248264,80.71189857160113,7.573886953428047,0.0,0.6843330167466687,0.7912483945333346,-0.9974515673189552,-0.7115965480960806,-0.9543412639153106,0.035256767445291916,2.2896197357764847,9.8943533117109,-0.9974515673189552,-0.7115965480960806,27.93156520122248,0.0,22.100806122270445,272,True
brain_nucleus_accumbens_basal_ganglia,raw,ENSG00000257522.8,ENSG00000257522,0.3580921322851761,28.829897684628346,-0.9782855329800427,0.05314772189273069,194.67032569609958,7.0963564556846634,0.0,0.5778026351027283,0.8462612815800375,-1.0,-0.7115965480960806,-0.9564239431051386,0.035738137261373565,2.1772477443587666,9.262858098246253,-1.0,-0.7115965480960806,28.82987407305194,0.0,24.39760618085203,285,True
brain_putamen_basal_ganglia,excluded_at_or_below_-1,ENSG00000257522.8,ENSG00000257522,0.5793275072749168,607191783102.8356,-2.2185046178016754,0.25519868605945834,206.5167359901049,8.662897167139079,0.0,-6.771810988496847,1.0,-0.9965128956974876,-0.655261248241302,-0.9626083628096564,0.03934097007635399,3.0971459479517387,16.705422767945947,-0.9965128956974876,-0.655261248241302,66.91331926817645,0.0,66.91331926817598,227,True
brain_putamen_basal_ganglia,raw,ENSG00000257522.8,ENSG00000257522,0.6011643014817208,1107537250006.675,-2.2572483149403815,0.2598643185389658,237.96875156288527,8.718210523128892,0.0,-6.842099862943667,1.0,-1.0,-0.655261248241302,-0.9665830644007558,0.0389344118377004,3.0667463225321874,16.623700222828695,-1.0,-0.655261248241302,75.6406810351129,0.0,75.64068103511424,254,True
brain_spinal_cord_cervical_c-1,excluded_at_or_below_-1,ENSG00000257522.8,ENSG00000257522,0.34211075398547763,11.217470522482667,-0.9989004305543412,0.01484695744637722,37.48019185055238,7.30470357574704,0.0,-0.20520906718631826,1.0,-0.9967460669071608,-0.9222128452892636,-0.9848287367966737,0.013236753104283787,2.3581912546656505,6.585906719963537,-0.9967460669071608,-0.9222128452892636,10.98375156618422,0.0,10.98375156618422,80,True
brain_spinal_cord_cervical_c-1,raw,ENSG00000257522.8,ENSG00000257522,1.7708727234227826,120.15351632358473,-0.9990355272736702,0.000997788884065244,378.4789289077179,108.8844348692092,0.0,1.3669929900977562,0.39406177610566284,-1.0,-0.9222128452892636,-0.9940504850183035,0.01110499921682847,3.061119826143352,12.166053056093427,-1.0,-0.9222128452892636,119.78313508753396,0.0,47.201954960098156,204,True
brain_substantia_nigra,excluded_at_or_below_-1,ENSG00000257522.8,ENSG00000257522,0.3301387080397404,372345916137.0093,-1.8149740756847732,0.1745475026731392,108.70985199862474,12.167991353902817,0.0,-6.623718115969123,1.0,-0.9974501271708164,-0.3131552840390986,-0.9651856375838841,0.07399890907503096,6.8253554262245775,52.62541744715899,-0.9974501271708164,-0.3131552840390986,110.6385189796056,0.0,110.63851897960836,127,True
brain_substantia_nigra,raw,ENSG00000257522.8,ENSG00000257522,0.6076700699062055,302900217338.3173,-1.5231666858616388,0.11430368974440493,177.19650342642376,14.970772500082658,0.0,-6.4728393648686255,1.0,-1.0,-0.3131552840390986,-0.9758392129680507,0.06363786758660152,7.878210751582722,72.38353219367303,-1.0,-0.3131552840390986,241.73559611183165,0.0,241.73559611182992,183,True
breast_mammary_tissue,excluded_at_or_below_-1,ENSG00000257522.8,ENSG00000257522,0.04725831605479176,77416220405.25656,-1.427153567513311,0.090282989353133,46.44065168771024,8.233669587129722,0.0,-6.735868498838022,1.0,-0.9971376490234412,-0.9015184559219148,-0.9860330154766296,0.0155814439842047,3.868097422204667,17.916020448666334,-0.9971376490234412,-0.9015184559219148,10.875215750539574,0.0,10.875215750539574,44,True
breast_mammary_tissue,raw,ENSG00000257522.8,ENSG00000257522,,,,,,,,,,,,,,,,,,,,,514,False
cells_cultured_fibroblasts,excluded_at_or_below_-1,ENSG00000257522.8,ENSG00000257522,1.98773066559246,41.59833156782569,-0.9899097008124036,0.0055591308916276595,661.5393725006846,18.245458868166697,0.0,1.9486543032999588,0.14977751235837714,-0.9975696643587862,-0.9181886420384046,-0.9852914211300685,0.010005485405717737,2.689148135478749,11.79833560656405,-0.9975696643587862,-0.9181886420384046,41.597397281909615,0.0,6.230354685467541,281,True
cells_cultured_fibroblasts,raw,ENSG00000257522.8,ENSG00000257522,7.236842130265855,361.3326077265466,-0.9989762823112873,0.0006106676352874834,5960.32340163458,187.09191374166053,0.0,2.3707747975500673,0.06093112066191598,-1.0,-0.9181886420384046,-0.9936608732171002,0.009807877829690441,2.487921709865877,10.357486906835126,-1.0,-0.9181886420384046,356.92423669737985,0.0,21.747793733369363,652,True
cells_ebv-transformed_lymphocytes,excluded_at_or_below_-1,ENSG00000257522.8,ENSG00000257522,0.5511476032801376,8.584773907658443,-0.9932396739088492,0.0010999887817422754,42.68267114947969,38.375079612081436,0.0,4.761590446103862,1.1931429496805774e-05,-0.996943284320544,-0.9633911713948986,-0.9911524753518736,0.006228619395644742,2.5210245379397516,7.8325226470885685,-0.996943284320544,-0.9633911713948986,8.58445384847354,0.0,0.00010242480586164504,42,True
cells_ebv-transformed_lymphocytes,raw,ENSG00000257522.8,ENSG00000257522,1.076923070261766,352.9675464961506,-0.9995962988070654,0.00011554749892026733,174.76923076923075,443.12324102370695,0.0,4.940995759576471,5.21921473615637e-06,-1.0,-0.9633911713948986,-0.9988636206873965,0.0036971447764273103,4.882453389152089,32.0803764492858,-1.0,-0.9633911713948986,337.9237132048978,0.0,0.0017636964236555919,327,True
cervix_ectocervix,excluded_at_or_below_-1,ENSG00000257522.8,ENSG00000257522,,,,,,,,,,-0.990304558906197,-0.990304558906197,,,,,,,,,,1,False
cervix_ectocervix,raw,ENSG00000257522.8,ENSG00000257522,0.025641025584513484,33.40832180096413,-0.9999138795855378,5.731717880549834e-05,0.9743589744730129,237.09526381316635,0.0,2.1248892682409126,0.10546485320430862,-1.0,-0.990304558906197,-0.9995960232877582,0.00197907362591909,4.587317109255646,19.043478260869573,-1.0,-0.990304558906197,33.135504468877365,0.0,3.4946311146608635,24,True
cervix_endocervix,excluded_at_or_below_-1,ENSG00000257522.8,ENSG00000257522,,,,,,,,,,-0.9896025440023604,-0.9666608754460464,,,,,,,,,,3,False
cervix_endocervix,raw,ENSG00000257522.8,ENSG00000257522,0.07692307684795527,23.40879960403777,-0.9996610294699451,0.0001936744036832481,2.7692307741057416,240.96764721333813,0.0,2.4751681777859864,0.046767994208821294,-1.0,-0.9666608754460464,-0.9971520262161191,0.008276051592958689,2.876837018097548,7.099494967895897,-1.0,-0.9666608754460464,23.393061081444557,0.0,1.094046545183634,23,True
colon_sigmoid,excluded_at_or_below_-1,ENSG00000257522.8,ENSG00000257522,0.5114556985155574,15.347434753093102,-0.9914756546786216,0.005700931385742261,60.655999174329274,17.554301539193727,0.0,1.1799614498855575,0.498516698038819,-0.9962322766221494,-0.9207113293587296,-0.9862598770537002,0.011489395054557736,2.949981412439649,11.41565104491001,-0.9962322766221494,-0.9207113293587296,15.346877374555717,0.0,7.650674633970175,93,True
colon_sigmoid,raw,ENSG00000257522.8,ENSG00000257522,2.3843227881376206,398.5430266723237,-0.9992110556908622,0.0004429963034213978,753.2307730285461,250.6011376710645,0.0,2.5186118559518444,0.041938059216561255,-1.0,-0.9207113293587296,-0.996950282973733,0.007857143613516726,4.460321263423261,28.42283334763147,-1.0,-0.9207113293587296,398.4867122753736,0.0,16.711759336417423,419,True
colon_transverse,excluded_at_or_below_-1,ENSG00000257522.8,ENSG00000257522,0.32020913818434144,12.08890881200015,-0.9915699458286964,0.004721689467781075,51.6729195052709,17.02490056145669,0.0,1.8207281339659072,0.1906116364135911,-0.997648881204916,-0.9347282524594436,-0.9888643280155498,0.009043208883730697,3.443890017697081,15.997440637941004,-0.997648881204916,-0.9347282524594436,12.088809311384411,0.0,2.30426772513484,75,True
colon_transverse,raw,ENSG00000257522.8,ENSG00000257522,1.868420631014202,422.89826397212966,-0.9993605133601261,0.000786156142807366,548.3420886007065,116.26675027454245,0.0,1.1503703015494975,0.5161571025116487,-1.0,-0.9347282524594436,-0.9982564187915788,0.005391713685597803,5.581259854626332,46.862158764683905,-1.0,-0.9347282524594436,422.757962106388,0.0,218.2095247845637,479,True
esophagus_gastroesophageal_junction,excluded_at_or_below_-1,ENSG00000257522.8,ENSG00000257522,1.8085347577513484,48.57761003816772,-0.9889824710722976,0.007967234839051427,418.2504868381323,31.03296819762818,0.0,1.3849656635470757,0.38334516348902553,-0.9967849324395796,-0.8141524793640934,-0.9762121853781244,0.024447324871287753,3.0418499953548253,12.31087384245098,-0.9967849324395796,-0.8141524793640934,48.56568768458687,0.0,18.617421485404908,211,True
esophagus_gastroesophageal_junction,raw,ENSG00000257522.8,ENSG00000257522,2.882234068507565,464017924476.6247,-1.1942478722984644,0.042262720438286015,2815.5802765960448,12.718917620749314,0.0,-6.50000692377924,1.0,-1.0,-0.8141524793640934,-0.9875453377538072,0.021300663419622994,3.482975495831261,17.230435751080005,-1.0,-0.8141524793640934,310.48761527187537,0.0,310.487615271871,403,True
esophagus_mucosa,excluded_at_or_below_-1,ENSG00000257522.8,ENSG00000257522,0.17952043380999183,2.7181264663960185,-0.9953571159548177,0.0043440495336454915,16.40580191056249,9.786620805260565,0.0,0.7165482905009664,0.7735863914043212,-0.9975581422707878,-0.9652954854654888,-0.991169677751517,0.00728718728955567,2.260433120445537,4.93430723052045,-0.9975581422707878,-0.9652954854654888,2.718118855500082,0.0,2.1026997568343515,27,True
esophagus_mucosa,raw,ENSG00000257522.8,ENSG00000257522,-0.06829835052273975,541.3302611559193,-0.9996008286486134,0.0005329619073269629,3322.3268574692024,91.02917286295862,0.0,1.0592005377514164,0.5707470783100074,-1.0,-0.9652954854654888,-0.9996116959271841,0.0023528177436399076,9.212675381048973,105.84566389679037,-1.0,-0.9652954854654888,541.2524359289049,0.0,308.91824643459694,614,True
esophagus_muscularis,excluded_at_or_below_-1,ENSG00000257522.8,ENSG00000257522,1.2557604032898246,61.17683044444478,-0.9904455790326001,0.03534168595787636,1650.5138914338465,10.621491351229501,0.0,0.3304484394313952,0.9468664827545755,-0.998703599802856,-0.7250108372602535,-0.9671634753008135,0.031503235253396177,2.733283383275781,11.910703214472653,-0.998703599802856,-0.7250108372602535,61.17677537762712,0.0,57.92623812808051,403,True
esophagus_muscularis,raw,ENSG00000257522.8,ENSG00000257522,2.254791322032612,1015973261643.1335,-1.6986865620266378,0.14799780250284922,1768.9173511380495,9.304093655657923,0.0,-6.676396508298693,1.0,-1.0,-0.7250108372602535,-0.9764115517758071,0.030511922170639305,2.744915739367203,12.304891011706319,-1.0,-0.7250108372602535,212.66815193769423,0.0,212.66815193769196,561,True
fallopian_tube,excluded_at_or_below_-1,ENSG00000257522.8,ENSG00000257522,,,,,,,,,,-0.9953519187550574,-0.9808987702040716,,,,,,,,,,5,False
fallopian_tube,raw,ENSG00000257522.8,ENSG00000257522,0.12819887061313712,26.154119765396615,-0.9997822140457604,6.942838384920925e-05,6.3589743605015006,384.6441599912195,0.0,4.436166206157764,5.361616157835853e-05,-1.0,-0.9808987702040716,-0.9982066986179541,0.004519803467241194,2.6404729055847995,6.328833612287182,-1.0,-0.9808987702040716,25.994407812054202,0.0,0.0013937203693848432,29,True
heart_atrial_appendage,excluded_at_or_below_-1,ENSG00000257522.8,ENSG00000257522,0.27366689580227366,7.448164689440381,-0.9942531794431937,0.0037313042060759414,90.66446636057002,9.044376822477801,0.0,1.4742950336285283,0.3373033447041474,-0.9981430044359224,-0.9703902197198984,-0.9927505760094403,0.004595766190747892,2.5039921606981173,8.446564538045148,-0.9981430044359224,-0.9703902197198984,7.448162438323074,0.0,2.512290102346171,77,True
heart_atrial_appendage,raw,ENSG00000257522.8,ENSG00000257522,2.018060862850714,427.03378880685995,-0.999683484927226,0.00016054217421323394,349.04885350020203,258.0439261235554,0.0,2.788176445262398,0.02082577969275611,-1.0,-0.9703902197198984,-0.9987891417629651,0.003288967919235239,3.8967601687975977,20.845190018122246,-1.0,-0.9703902197198984,420.50772374086966,0.0,8.757401213729644,461,True
heart_left_ventricle,excluded_at_or_below_-1,ENSG00000257522.8,ENSG00000257522,0.3992386845800569,2.506222925674196,-0.9958997038588583,0.0006587162076409828,15.839468061361636,20.80511838405687,0.0,4.247067408359151,0.0001211341543232261,-0.9978779143719404,-0.9862090397002776,-0.9940469667746196,0.002785213267680937,1.2008165121360763,1.0131993463236144,-0.9978779143719404,-0.9862090397002776,2.5057746715254514,0.0,0.00030353489575979387,26,True
heart_left_ventricle,raw,ENSG00000257522.8,ENSG00000257522,0.6694492955255297,491.0237341032252,-0.999860454264551,8.665647283245303e-05,36.666972918735894,222.7879232945515,0.0,2.2773540763070694,0.07480222997391837,-1.0,-0.9862090397002776,-0.9996575688852658,0.0015347692026360428,5.203855588461396,30.033346604209186,-1.0,-0.9862090397002776,490.89450753833086,0.0,36.72000384581563,452,True
kidney_cortex,excluded_at_or_below_-1,ENSG00000257522.8,ENSG00000257522,0.11866324328216418,5.3689306046175265,-1.0134208445325885,0.013342228329886909,19.987727666251946,5.031031757962208,0.0,-1.6228918922621558,1.0,-0.9981098655140096,-0.9659561784909152,-0.988849654100009,0.010767591936272353,1.362736495332643,0.5112226561437367,-0.9981098655140096,-0.9659561784909152,1.4386825463927193,0.0,1.438682546392772,13,True
kidney_cortex,raw,ENSG00000257522.8,ENSG00000257522,0.3414316215296136,88.12973387672109,-0.9995752147389345,0.000358696590120319,27.378091631806978,132.54794811379045,0.0,1.6747777755391737,0.24738790504387217,-1.0,-0.9659561784909152,-0.9986062067625011,0.005219035931870873,4.9523285307128,26.082187662105103,-1.0,-0.9659561784909152,87.63385423909835,0.0,21.67955561112958,104,True
kidney_medulla,excluded_at_or_below_-1,ENSG00000257522.8,ENSG00000257522,,,,,,,,,,-0.9897586769615238,-0.9897586769615238,,,,,,,,,,1,False
kidney_medulla,raw,ENSG00000257522.8,ENSG00000257522,0.025641025641025626,13.359482950237439,-0.9998947497095368,4.211545000056109e-05,0.9743589764242166,340.3637275453419,0.0,3.5342466532998693,0.001947045318439459,-1.0,-0.9897586769615238,-0.9990689706328658,0.0030878750795862004,2.846049894151562,6.100000000000081,-1.0,-0.9897586769615238,13.306052936136883,0.0,0.025907488076212938,11,True
liver,excluded_at_or_below_-1,ENSG00000257522.8,ENSG00000257522,,,,,,,,,,-0.9963330053948192,-0.9894707752035928,,,,,,,,,,5,False
liver,raw,ENSG00000257522.8,ENSG00000257522,0.12822018001190658,264.9429156491232,-0.9998754593796626,4.0222207220133165e-05,4.358974367810077,365.8288913255189,0.0,4.378850553466093,6.869835197625246e-05,-1.0,-0.9894707752035928,-0.999879366650682,0.0009315785404000451,8.567417330935019,78.38551879252711,-1.0,-0.9894707752035928,264.5773515759012,0.0,0.018176028023505958,262,True
lung,excluded_at_or_below_-1,ENSG00000257522.8,ENSG00000257522,0.05634794645499571,110.30084299062352,-1.03840790008475,0.023851197931227825,49.90175576982347,4.1906430861582615,0.0,-2.475895772325441,1.0,-0.9966510666799484,-0.9677312637078722,-0.9906698988567197,0.005936877369565192,1.8844038120176771,4.130257507373132,-0.9966510666799484,-0.9677312637078722,5.128854805509103,0.0,5.128854805509072,45,True
lung,raw,ENSG00000257522.8,ENSG00000257522,1.1538461418979946,809.6047379928775,-0.9997001544762967,0.00016961186002788475,143.07692307750355,266.5547025502645,0.0,2.5000940746032985,0.04476927088385174,-1.0,-0.9677312637078722,-0.9993048765704511,0.002929882995194316,5.682984871826319,40.23174694811644,-1.0,-0.9677312637078722,794.3659525848316,0.0,35.563184512172164,604,True
minor_salivary_gland,excluded_at_or_below_-1,ENSG00000257522.8,ENSG00000257522,0.12976561456824182,1.0067991845426594,-0.9964206935577877,0.0025990792789184107,6.441625651216114,12.15546860868242,0.0,0.22638763868743378,0.9747003491578982,-0.996836754778222,-0.9740810502203588,-0.9906051409137012,0.007112032519494403,1.3565041047616107,0.8629887423211109,-0.996836754778222,-0.9740810502203588,1.0067986891401086,0.0,0.981327033836578,10,True
minor_salivary_gland,raw,ENSG00000257522.8,ENSG00000257522,0.2563950767277236,214.0163324458103,-0.9997410790617607,0.00013690045038231816,9.435897475000136,265.07407898989834,0.0,2.6747136435103487,0.027958883398715842,-1.0,-0.9740810502203588,-0.9994809470118067,0.002676127524277538,6.760110847892039,52.02939323973819,-1.0,-0.9740810502203588,214.01071687902706,0.0,5.983500679296257,181,True
muscle_skeletal,excluded_at_or_below_-1,ENSG00000257522.8,ENSG00000257522,0.13011919027618696,12.824902848176876,-0.9962742511063014,0.006262102967596844,22.18510618071076,21.665820591769318,0.0,0.3257307882804976,0.9483427796192981,-0.997716579047568,-0.9003385289262122,-0.9897807719788831,0.015596945768781276,4.790866524481224,24.323007557333554,-0.997716579047568,-0.9003385289262122,12.82476160814917,0.0,12.162270071427045,42,True
muscle_skeletal,raw,ENSG00000257522.8,ENSG00000257522,2.831770109915029,731.405086551803,-0.9987537381812401,0.001186986488362683,2190.2246504287814,117.25501935934437,0.0,1.4848360816553081,0.3336566741809452,-1.0,-0.9003385289262122,-0.9994752963607739,0.004159432325349972,18.118391833536737,403.4127034449249,-1.0,-0.9003385289262122,727.9563603554062,0.0,242.8874981450472,818,True
nerve_tibial,excluded_at_or_below_-1,ENSG00000257522.8,ENSG00000257522,0.5998463327689079,16.903460078356126,-0.9893494735068938,0.00571148550751617,54.46572572065552,15.926695354588206,0.0,1.704242004979085,0.23405102743080125,-0.9962322766221494,-0.9250274417285298,-0.9850997465849066,0.010896468639038724,2.947351865455436,10.826367460230543,-0.9962322766221494,-0.9250274417285298,16.90338765878393,0.0,3.956255248599505,116,True
nerve_tibial,raw,ENSG00000257522.8,ENSG00000257522,2.9756996455713005,695.3131732179322,-0.999136392025446,0.00015250616413087456,1064.9744290729316,687.2239112459245,0.0,8.00837210186668,1.192346260894346e-14,-1.0,-0.9250274417285298,-0.9974202546326106,0.007227814009937399,4.550910362480155,29.293335634120496,-1.0,-0.9250274417285298,690.6337939176418,0.0,8.234746218249711e-12,670,True
ovary,excluded_at_or_below_-1,ENSG00000257522.8,ENSG00000257522,0.14754190861218971,0.8869304910818328,-0.9940398253124938,0.007096026065529596,11.311152102730805,4.3809885600399685,0.0,0.3781652873185324,0.9309921797811357,-0.9959373256669578,-0.972057566167231,-0.988387666647148,0.007038294041932861,1.2289083640192795,0.5639084545965272,-0.9959373256669578,-0.972057566167231,0.8868656630656281,0.0,0.8256649968305113,18,True
ovary,raw,ENSG00000257522.8,ENSG00000257522,0.46153846153851424,174.92399972750138,-0.9996547445342595,8.56858970765347e-05,21.692307692343917,455.48106819749967,0.0,5.6983118435156905,9.327923839816817e-08,-1.0,-0.972057566167231,-0.998916984454138,0.003981073702077803,4.508013645643419,22.43294336333568,-1.0,-0.972057566167231,166.7742227989463,0.0,1.555657248714093e-05,193,True
pancreas,excluded_at_or_below_-1,ENSG00000257522.8,ENSG00000257522,0.061087526823750765,1.2291133222646164,-0.9960606150674985,0.003959535642525164,13.235691122718983,6.798612547016227,0.0,0.7272921999577064,0.76760810601428,-0.9980968983169892,-0.9770257610568652,-0.9929997928131479,0.006086981720208947,1.8338758625508025,2.0913085459801426,-0.9980968983169892,-0.9770257610568652,1.2291120716655497,0.0,0.9434763894104807,15,True
pancreas,raw,ENSG00000257522.8,ENSG00000257522,0.38461527645872995,380.8809529713343,-0.9997464053577069,0.00010937835284449753,21.230769473074282,293.76784784633617,0.0,3.2788661846686287,0.004715216423376205,-1.0,-0.9770257610568652,-0.9997099361662907,0.0018408302025909734,9.142510414317123,96.66876262782853,-1.0,-0.9770257610568652,373.89148241542364,0.0,1.76297925844611,362,True
pituitary,excluded_at_or_below_-1,ENSG00000257522.8,ENSG00000257522,0.7497972819653902,5.41561749002903,-0.9898446607334753,0.002226846795379112,35.57250466021761,17.939921921250544,0.0,4.677311999359809,1.775909761335703e-05,-0.9972096425961048,-0.961596128331727,-0.9877012700233904,0.00704882983627962,1.3635066681297827,2.141997609519188,-0.9972096425961048,-0.961596128331727,5.415557171608576,0.0,9.617540844131245e-05,54,True
pituitary,raw,ENSG00000257522.8,ENSG00000257522,1.412106964420755,253.86700647081915,-0.9995250857922078,0.0004270338638388964,138.0643306960896,125.60981830593242,0.0,1.5727795158581734,0.29139483530760174,-1.0,-0.961596128331727,-0.9978781743810322,0.0054866271102419,3.1082314904495614,10.844998767548843,-1.0,-0.961596128331727,252.9189140852273,0.0,73.69926531604216,313,True
prostate,excluded_at_or_below_-1,ENSG00000257522.8,ENSG00000257522,0.2179956817726169,55039937309.85253,-1.0777152081630617,0.017133387685433824,14.62840597120623,8.878700962537993,0.0,-6.740322079047443,1.0,-0.996055298813004,-0.9701485507772196,-0.991978367041214,0.005441524800777594,2.4902675241200676,7.0579896163914455,-0.996055298813004,-0.9701485507772196,7.503382891364936,0.0,7.503382891364429,29,True
prostate,raw,ENSG00000257522.8,ENSG00000257522,0.7436194382842466,319.92526455188573,-0.9996957164916485,0.0001412548673408432,77.4358974702907,295.81991240133607,0.0,3.0464214962529876,0.009667846468301029,-1.0,-0.9701485507772196,-0.9991750802985645,0.0029846807896657486,5.310574718455873,37.13153386710589,-1.0,-0.9701485507772196,319.4801522139308,0.0,3.088685061273542,282,True
skin_not_sun_exposed_suprapubic,excluded_at_or_below_-1,ENSG00000257522.8,ENSG00000257522,0.4021272489920872,5.297977391319085,-0.9915704913255559,0.0037915798580992685,39.77594974259015,11.01185440996876,0.0,1.6572168156163898,0.2533063250122968,-0.9960135755002336,-0.962047138918231,-0.9886933424038788,0.006622581480755511,1.9144271673055853,4.072846359864053,-0.9960135755002336,-0.962047138918231,5.297828863895065,0.0,1.3419735600573306,56,True
skin_not_sun_exposed_suprapubic,raw,ENSG00000257522.8,ENSG00000257522,1.435970766780874,780.8211066888522,-0.9996234860985844,0.00018695379035626355,191.58974379951746,284.24660289384394,0.0,2.84814266022318,0.01732547200568753,-1.0,-0.962047138918231,-0.9990273842928067,0.003711822422237226,5.008108986016464,30.869855796772363,-1.0,-0.962047138918231,780.5238138088828,0.0,13.522943485918262,651,True
skin_sun_exposed_lower_leg,excluded_at_or_below_-1,ENSG00000257522.8,ENSG00000257522,0.9683347656934829,11.588891053711704,-0.9909497717199047,0.002335380988566816,124.79493311757155,18.120707134054893,0.0,3.6913313816340296,0.0010995300207165357,-0.9970455024924922,-0.961025893130276,-0.9887254917546254,0.006492143658056289,1.8041915739482868,3.7893292514520844,-0.9970455024924922,-0.961025893130276,11.587833729821144,0.0,0.012741171061010026,92,True
skin_sun_exposed_lower_leg,raw,ENSG00000257522.8,ENSG00000257522,2.359485955483854,757.6817282217042,-0.9995809597349822,0.00018303956474563138,540.9743691819025,297.8869522900505,0.0,3.23761929172128,0.005425787587891426,-1.0,-0.961025893130276,-0.9986243305589197,0.0043277232893214985,4.034720785515963,19.728009640812928,-1.0,-0.961025893130276,739.3462038711333,0.0,4.011535456118605,754,True
small_intestine_terminal_ileum,excluded_at_or_below_-1,ENSG00000257522.8,ENSG00000257522,0.056827112219375114,180.35191629599245,-1.0747857186244318,0.047708574639517956,87.77894104599045,4.074367856497443,0.0,-2.3191555001705715,1.0,-0.9965488764498506,-0.9373366881792836,-0.9847350479007132,0.011251132169412658,1.7267622199746882,3.638637241386844,-0.9965488764498506,-0.9373366881792836,12.20694173727087,0.0,12.2069417372708,107,True
small_intestine_terminal_ileum,raw,ENSG00000257522.8,ENSG00000257522,2.510441884437454,118.29165672330386,-0.9994261713153323,0.0004762793824748574,513.5563997972331,184.36193621371157,0.0,1.703866130250914,0.23687558188280192,-1.0,-0.9373366881792836,-0.9921094208955376,0.011117915343475516,1.9478805102449088,4.6325279702412105,-1.0,-0.9373366881792836,116.95550856592617,0.0,27.703904145954084,207,True
spleen,excluded_at_or_below_-1,ENSG00000257522.8,ENSG00000257522,0.079313721888411,56438570499.27411,-1.201350212859879,0.04230104576297439,12.277074166760325,8.082975853466488,0.0,-6.882584095480089,1.0,-0.9954827876444968,-0.9595774420594398,-0.9887326445329563,0.008813624718253525,2.29121110025077,5.134484802674951,-0.9954827876444968,-0.9595774420594398,2.919204344968658,0.0,2.9192043449683576,17,True
spleen,raw,ENSG00000257522.8,ENSG00000257522,0.43591059941962573,276.82036695590216,-0.9995446998234971,0.00019700912702778434,31.589743596638474,286.9016214300561,0.0,3.2683342862105995,0.00482721772145484,-1.0,-0.9595774420594398,-0.9993085016500369,0.003441347423381908,7.463900089436944,70.01052369824541,-1.0,-0.9595774420594398,274.7466269110733,0.0,1.3262617863349364,277,True
stomach,excluded_at_or_below_-1,ENSG00000257522.8,ENSG00000257522,0.3694567878862451,3.319381712388627,-0.989896348572498,0.0018712402071189925,17.736875203309705,19.770091221736262,0.0,5.401975807718591,4.607133477054231e-07,-0.9970440627496442,-0.9637372234044116,-0.9878372754308523,0.00824845021500774,1.7873597085459254,2.5935606498505672,-0.9970440627496442,-0.9637372234044116,3.3187792301121437,0.0,1.5290058894001923e-06,28,True
stomach,raw,ENSG00000257522.8,ENSG00000257522,0.7179479027028554,474.65062387378777,-0.999637224773286,0.00018999365422648425,59.897435935390156,267.22086604299705,0.0,2.7003093750730693,0.026099749788169174,-1.0,-0.9637372234044116,-0.9991632523637933,0.0037449900185889127,6.078925246605526,44.12043859571958,-1.0,-0.9637372234044116,474.64786654417935,0.0,12.388190554291395,407,True
testis,excluded_at_or_below_-1,ENSG00000257522.8,ENSG00000257522,0.8078995842820889,22.17822709566517,-0.9281286644303551,0.09334163138378058,302.3915905948645,4.024038082016169,0.0,1.0072559141837845,0.6020087060958481,-0.9946100734285188,-0.6625320888356743,-0.9030938102682251,0.06040055294600404,0.8921389697474578,0.7803288044851957,-0.9946100734285188,-0.6625320888356743,22.171465965976733,0.0,13.347415538425786,405,True
testis,raw,ENSG00000257522.8,ENSG00000257522,0.8810390001973694,22.582381365595108,-0.9277335228653272,0.09213678400700615,363.0587579761762,4.07059426707372,0.0,1.1092229142815333,0.5404249460492747,-1.0,-0.6625320888356743,-0.9052004665667419,0.06139152286320218,0.848391701326683,0.7098404418871986,-1.0,-0.6625320888356743,22.576621320528364,0.0,12.200969359121446,414,True
thyroid,excluded_at_or_below_-1,ENSG00000257522.8,ENSG00000257522,-0.5770882184746711,2.3238401190606974,-0.9956067803547308,0.013501546087801655,41.00371011934798,1.52462669415887,0.0,0.02362289018549572,0.9995941355698729,-0.9958323089092946,-0.9810511162559248,-0.9904263848981428,0.0036997926209456026,0.5230446389293297,-0.4958126799654128,-0.9958323089092946,-0.9810511162559248,1.5969805823761596,0.0,1.5963324247621755,44,True
thyroid,raw,ENSG00000257522.8,ENSG00000257522,1.1282419515004032,661.6824893521858,-0.9997791253893232,8.535107965080146e-05,72.35897441186417,310.3113003497968,0.0,3.6597530023163656,0.0012347926290190033,-1.0,-0.9810511162559248,-0.9993841534145004,0.0025271486497557907,4.3957910318928635,19.534636682253243,-1.0,-0.9810511162559248,661.6535187113299,0.0,0.8170048878692373,684,True
uterus,excluded_at_or_below_-1,ENSG00000257522.8,ENSG00000257522,0.2191216072443249,2.530973140968081,-0.9944643370852693,0.0012085566879602226,10.533689917577464,22.184606912040234,0.0,-0.5895114423471601,1.0,-0.9939605532047906,-0.9755058461142702,-0.9862619587613222,0.007726420085693157,0.4697376493656935,-1.5414577433872394,-0.9939605532047906,-0.9755058461142702,2.1272753854899995,0.0,2.1272753854901487,12,True
uterus,raw,ENSG00000257522.8,ENSG00000257522,0.37029853588809053,131.00003617890502,-0.9996988437613212,0.0003193381393865567,117.85503028684884,107.14055468803275,0.0,1.333693613769416,0.41181207585402313,-1.0,-0.9755058461142702,-0.9989225065695155,0.0042487202217605605,4.423464662902665,19.51746536315351,-1.0,-0.9755058461142702,130.7146145538009,0.0,53.829856763859226,153,True
vagina,excluded_at_or_below_-1,ENSG00000257522.8,ENSG00000257522,0.07154663999409766,2.8575614567904264,-0.9928993545274929,0.007583548231151731,10.477581372695205,15.685020005981652,0.0,0.6695748985185115,0.799250617922245,-0.9964898684869,-0.9087903423622136,-0.9834544726521581,0.021376326656194822,2.9032467066911654,7.643740936203761,-0.9964898684869,-0.9087903423622136,2.8573198474730632,0.0,2.283714653694341,16,True
vagina,raw,ENSG00000257522.8,ENSG00000257522,0.368420979901758,157.0026216413029,-0.9987128143511945,0.000998216917927507,30.84210360597102,127.39673828906896,0.0,1.823607042858281,0.1905216176061155,-1.0,-0.9087903423622136,-0.9984427738966737,0.008002233301403863,8.956597584834538,92.79166423875006,-1.0,-0.9087903423622136,156.25367256967704,0.0,29.769702454870725,170,True
whole_blood,excluded_at_or_below_-1,ENSG00000257522.8,ENSG00000257522,0.05939469476886427,9.419718653023187,-1.011022799757332,0.01564029790466931,21.26271012840668,4.070643319027928,0.0,-1.329439014304259,1.0,-0.996320054158628,-0.9660040869779022,-0.990229465161641,0.006471223191061538,2.1302005104642308,4.931006761124549,-0.996320054158628,-0.9660040869779022,3.890316703532838,0.0,3.8903167035328345,34,True
whole_blood,raw,ENSG00000257522.8,ENSG00000257522,-0.176735346495865,704.8608721537765,-0.9995929349870903,0.00048633537663284764,5209.522740500736,97.67293658125816,0.0,1.1837034476291364,0.49649979479171547,-1.0,-0.9660040869779022,-0.9995863036307544,0.002366183419720648,8.038821085341464,82.00857049416857,-1.0,-0.9660040869779022,704.5756605838351,0.0,349.8216708951147,803,True
adipose_subcutaneous,excluded_at_or_below_-1,ENSG00000257526.4,ENSG00000257526,2.5891062825794604,33.76344441015039,-0.7989338611725294,0.12926725714903892,577.584128562708,3.4074012878773763,0.0,2.0401751311179157,0.12214227289639437,-0.9854176075599916,-0.487477776880072,-0.7805837575492617,0.09768515195002463,0.45826956311992945,-0.19935467348897218,-0.9854176075599916,-0.487477776880072,33.66159930013209,0.0,4.1115042478458115,712,True
adipose_subcutaneous,raw,ENSG00000257526.4,ENSG00000257526,2.696641439307422,35.20878050748867,-0.7992193963265393,0.12599757794478186,660.6775039513237,3.499029373172206,0.0,2.2535881832657494,0.07689352607866443,-1.0,-0.487477776880072,-0.7811983688726533,0.0982358825017084,0.4368451126353603,-0.18870886500847295,-1.0,-0.487477776880072,35.131309952585525,0.0,2.701370298016778,714,True
adipose_visceral_omentum,excluded_at_or_below_-1,ENSG00000257526.4,ENSG00000257526,1.2857363173501781,28.807665055184504,-0.8993434921500069,0.1008963640161974,701.5322566307557,3.626988685057395,0.0,1.20675783707834,0.48209265570461235,-0.9854390305105232,-0.6405777863282465,-0.8769730375199695,0.06671761116179696,0.7758385632447978,0.47690136423475105,-0.9854390305105232,-0.6405777863282465,28.76738843631389,0.0,13.868546688948719,581,True
adipose_visceral_omentum,raw,ENSG00000257526.4,ENSG00000257526,1.464439892409605,30.261758401041224,-0.8954106153808026,0.09393289713023649,675.5390703755986,3.836654186066006,0.0,1.5746530845700184,0.28900063326258285,-1.0,-0.6405777863282465,-0.8782305533204469,0.06752075324482266,0.7347489851699688,0.4461503104453324,-1.0,-0.6405777863282465,30.242390329799555,0.0,8.740069956686284,587,True
adrenal_gland,excluded_at_or_below_-1,ENSG00000257526.4,ENSG00000257526,0.6831243850886968,16.950039752744818,-0.8341778305759295,0.11360670514855085,337.1934264449386,4.2876643668421295,0.0,1.905097324753873,0.16280248546509077,-0.9872182452707418,-0.48974086966714,-0.8190980961780104,0.08507732236712855,0.5589597596954892,0.363477913431721,-0.9872182452707418,-0.48974086966714,16.94824635655623,0.0,2.759216631122023,294,True
adrenal_gland,raw,ENSG00000257526.4,ENSG00000257526,0.5872795312250918,17.559042768847842,-0.8334207939716305,0.1134184733578343,300.1784514971803,4.285340788650252,0.0,2.077074090315198,0.115568266383801,-1.0,-0.48974086966714,-0.8197113229706273,0.0855830889541808,0.5365925423555534,0.356689625169889,-1.0,-0.48974086966714,17.557035543659044,0.0,2.0290361606194507,295,True
artery_aorta,excluded_at_or_below_-1,ENSG00000257526.4,ENSG00000257526,1.2355363090498357,25.876827388110367,-0.8950963070503711,0.10904835376360714,309.3276174637215,4.264163401898558,0.0,1.2218510089432677,0.4739858239589296,-0.9893118093017308,-0.566291654395382,-0.86777714029122,0.07726386708461444,0.9123773648065284,0.899196233154893,-0.9893118093017308,-0.566291654395382,25.87373093052724,0.0,12.263781673997595,470,True
artery_aorta,raw,ENSG00000257526.4,ENSG00000257526,1.375693118436275,26.529771649408897,-0.8911496092154249,0.10311299607950769,396.5424546184786,4.455486146450884,0.0,1.4929029779957166,0.32808771715287116,-1.0,-0.566291654395382,-0.8683374066459182,0.07757756652269193,0.8981653596271163,0.8817536685532152,-1.0,-0.566291654395382,26.528327792087477,0.0,8.703618505189047,472,True
artery_coronary,excluded_at_or_below_-1,ENSG00000257526.4,ENSG00000257526,1.3045861253349558,13.557945630024959,-0.8802543283472487,0.09677875472087365,457.20374338977285,4.476372087870407,0.0,1.661152296023413,0.25161750616121065,-0.9939318201265656,-0.5739231433991832,-0.8554298419592482,0.08040955990946728,0.7569302668111804,0.3510754652294916,-0.9939318201265656,-0.5739231433991832,13.557330993140985,0.0,3.4112618146962244,263,True
artery_coronary,raw,ENSG00000257526.4,ENSG00000257526,1.344328960181282,13.68604114062871,-0.880341104083977,0.09822599495026611,242.79216164344723,4.411667562894637,0.0,1.7227948014037582,0.22668113209122193,-1.0,-0.5739231433991832,-0.858127046400307,0.0820287168982451,0.6957644839068061,0.30258578886533316,-1.0,-0.5739231433991832,13.685192838985692,0.0,3.1021750056279602,268,True
artery_tibial,excluded_at_or_below_-1,ENSG00000257526.4,ENSG00000257526,1.7952312486617314,41.661854588965795,-0.8464192215262709,0.11451885407741662,655.6520752718023,4.742569544880194,0.0,1.8099359906084966,0.19437308862901573,-0.9929825137422996,-0.462379891037336,-0.8285053398442348,0.0884523317793721,0.7112181219765807,0.6799874510179826,-0.9929825137422996,-0.462379891037336,41.66079207608676,0.0,8.097736830560208,687,True
artery_tibial,raw,ENSG00000257526.4,ENSG00000257526,1.8378459345795244,42.27356327019733,-0.8459084095936875,0.11392482140722267,695.2382084348546,4.7609574963517725,0.0,1.9128264965305573,0.1604923489635233,-1.0,-0.462379891037336,-0.8294980730434001,0.08915137564807978,0.6827262006994574,0.6543953611895077,-1.0,-0.462379891037336,42.27279566533978,0.0,6.7844602735854265,691,True
bladder,excluded_at_or_below_-1,ENSG00000257526.4,ENSG00000257526,1.0964313743069343,4.4134600153751355,-0.8603658099138436,0.036978670994033846,56.804556840389246,8.265198740968822,0.0,5.086624587186154,2.4076367485786217e-06,-0.9933702033691628,-0.644248475817767,-0.8615946550763081,0.07261273404215977,0.6124776119867027,0.4129392608258309,-0.9933702033691628,-0.644248475817767,4.413416091644918,0.0,1.062590276901254e-05,77,True
bladder,raw,ENSG00000257526.4,ENSG00000257526,1.0964313743069343,4.4134600153751355,-0.8603658099138436,0.036978670994033846,56.804556840389246,8.265198740968822,0.0,5.086624587186154,2.4076367485786217e-06,-0.9933702033691628,-0.644248475817767,-0.8615946550763081,0.07261273404215977,0.6124776119867027,0.4129392608258309,-0.9933702033691628,-0.644248475817767,4.413416091644918,0.0,1.062590276901254e-05,77,True
brain_amygdala,excluded_at_or_below_-1,ENSG00000257526.4,ENSG00000257526,0.8485725441157698,10.183091392701732,-0.8625974352472489,0.10413191600112955,130.05851935006643,4.940887130729013,0.0,1.6819886347516426,0.243033135278524,-0.9864462681879452,-0.4987881370216106,-0.8323388970023434,0.09278581796938734,1.055656431911805,1.2505811731660579,-0.9864462681879452,-0.4987881370216106,10.183030610814203,0.0,2.474813855983359,181,True
brain_amygdala,raw,ENSG00000257526.4,ENSG00000257526,0.8485725441157698,10.183091392701732,-0.8625974352472489,0.10413191600112955,130.05851935006643,4.940887130729013,0.0,1.6819886347516426,0.243033135278524,-0.9864462681879452,-0.4987881370216106,-0.8323388970023434,0.09278581796938734,1.055656431911805,1.2505811731660579,-0.9864462681879452,-0.4987881370216106,10.183030610814203,0.0,2.474813855983359,181,True
brain_anterior_cingulate_cortex_ba24,excluded_at_or_below_-1,ENSG00000257526.4,ENSG00000257526,0.7998524428784158,17.0897499925256,-0.8637479808570407,0.08555408743582935,132.46472037803693,6.332191650210748,0.0,2.0003481207020175,0.1352416102580905,-0.984760791491852,-0.4806765038776418,-0.8450085288422865,0.08203871302952395,1.296762546527894,2.816219609380016,-0.984760791491852,-0.4806765038776418,17.089682967057538,0.0,2.3112362432651232,233,True
brain_anterior_cingulate_cortex_ba24,raw,ENSG00000257526.4,ENSG00000257526,0.7998524428784158,17.0897499925256,-0.8637479808570407,0.08555408743582935,132.46472037803693,6.332191650210748,0.0,2.0003481207020175,0.1352416102580905,-0.984760791491852,-0.4806765038776418,-0.8450085288422865,0.08203871302952395,1.296762546527894,2.816219609380016,-0.984760791491852,-0.4806765038776418,17.089682967057538,0.0,2.3112362432651232,233,True
brain_caudate_basal_ganglia,excluded_at_or_below_-1,ENSG00000257526.4,ENSG00000257526,0.8737810926496956,23.53243958813401,-0.8736898862889043,0.08626044259647452,510.8948146674337,6.710168124857782,0.0,1.983015019938384,0.139993323722673,-0.9946445694050136,-0.4644008738318989,-0.8523436143560402,0.07935477839854121,1.4103358262366332,3.499537326661466,-0.9946445694050136,-0.4644008738318989,23.532116239616116,0.0,3.2943391666121498,300,True
brain_caudate_basal_ganglia,raw,ENSG00000257526.4,ENSG00000257526,0.8737810926496956,23.53243958813401,-0.8736898862889043,0.08626044259647452,510.8948146674337,6.710168124857782,0.0,1.983015019938384,0.139993323722673,-0.9946445694050136,-0.4644008738318989,-0.8523436143560402,0.07935477839854121,1.4103358262366332,3.499537326661466,-0.9946445694050136,-0.4644008738318989,23.532116239616116,0.0,3.2943391666121498,300,True
brain_cerebellar_hemisphere,excluded_at_or_below_-1,ENSG00000257526.4,ENSG00000257526,0.5917834882153634,12.90542488975262,-0.9063670920983093,0.0923427920125972,239.95643042821143,3.439417650817763,0.0,1.3353186068129537,0.408430936909215,-0.993558342175537,-0.6817861396706093,-0.889036018194087,0.06067741543004468,0.5984458199455707,-0.059470944232235645,-0.993558342175537,-0.6817861396706093,12.870495341083952,0.0,5.256708470644606,270,True
brain_cerebellar_hemisphere,raw,ENSG00000257526.4,ENSG00000257526,0.6487201225304802,13.198488814219168,-0.9074552571930763,0.09271562370340054,208.00279727423052,3.442184972297559,0.0,1.4116070752278305,0.36754629906516134,-1.0,-0.6817861396706093,-0.8918401621386406,0.06239203242238673,0.5286990672682353,-0.0988630619562576,-1.0,-0.6817861396706093,13.163182827275472,0.0,4.838079132083187,277,True
brain_cerebellum,excluded_at_or_below_-1,ENSG00000257526.4,ENSG00000257526,0.26318532932247624,18.65651913022771,-0.91371000357104,0.09326302480010083,241.43232717808138,5.343271226838523,0.0,1.1197756785599682,0.5342205232890096,-0.9875557576061272,-0.561337738022905,-0.8921227495844812,0.06170789789521629,1.253479235413422,3.277347503001013,-0.9875557576061272,-0.561337738022905,18.656455571049626,0.0,9.96666145788429,262,True
brain_cerebellum,raw,ENSG00000257526.4,ENSG00000257526,0.4068733800648334,19.474152193768916,-0.9105362262113782,0.08516949552975067,283.63742203578033,5.798334660604107,0.0,1.4855187464243285,0.33174751985035367,-1.0,-0.561337738022905,-0.893744963876444,0.0626371003904285,1.1809976658612766,3.075314206858897,-1.0,-0.561337738022905,19.474112425942568,0.0,6.460488498593403,266,True
brain_cortex,excluded_at_or_below_-1,ENSG00000257526.4,ENSG00000257526,0.7894717596661507,17.850293004893526,-0.8805286451374472,0.07219701927780552,221.79878819860062,5.332237972944153,0.0,2.0080784339493927,0.13316150832644832,-0.9830430611100344,-0.6083125541812122,-0.8685492990584924,0.061917748009339545,1.0304358701428815,2.023535143300607,-0.9830430611100344,-0.6083125541812122,17.850257504515007,0.0,2.3769672133167217,270,True
brain_cortex,raw,ENSG00000257526.4,ENSG00000257526,0.7894717596661507,17.850293004893526,-0.8805286451374472,0.07219701927780552,221.79878819860062,5.332237972944153,0.0,2.0080784339493927,0.13316150832644832,-0.9830430611100344,-0.6083125541812122,-0.8685492990584924,0.061917748009339545,1.0304358701428815,2.023535143300607,-0.9830430611100344,-0.6083125541812122,17.850257504515007,0.0,2.3769672133167217,270,True
brain_frontal_cortex_ba9,excluded_at_or_below_-1,ENSG00000257526.4,ENSG00000257526,0.940495384221852,19.92449026763673,-0.8720538554620455,0.08756188518940253,314.3883958696997,6.51473821649694,0.0,1.8329699273461786,0.1863986435192343,-0.9855432934112844,-0.4686899117626957,-0.8473045715917875,0.08089229358472386,1.3565390133754422,2.8384629711691804,-0.9855432934112844,-0.4686899117626957,19.924057382403902,0.0,3.713817269479473,269,True
brain_frontal_cortex_ba9,raw,ENSG00000257526.4,ENSG00000257526,0.940495384221852,19.92449026763673,-0.8720538554620455,0.08756188518940253,314.3883958696997,6.51473821649694,0.0,1.8329699273461786,0.1863986435192343,-0.9855432934112844,-0.4686899117626957,-0.8473045715917875,0.08089229358472386,1.3565390133754422,2.8384629711691804,-0.9855432934112844,-0.4686899117626957,19.924057382403902,0.0,3.713817269479473,269,True
brain_hippocampus,excluded_at_or_below_-1,ENSG00000257526.4,ENSG00000257526,0.8384038793899721,14.104393472039861,-0.8697449893840877,0.11833342762607334,259.44052765306344,4.492439990035468,0.0,1.4641773457894862,0.3423285013041192,-0.9922591050661482,-0.4938429074288785,-0.8415153509734451,0.09048212330529222,0.9005566135456348,0.9211792481498144,-0.9922591050661482,-0.4938429074288785,14.103769233505036,0.0,4.828122184444924,254,True
brain_hippocampus,raw,ENSG00000257526.4,ENSG00000257526,0.8263060353814825,14.375937712270416,-0.8678776573141588,0.11654639707765845,234.80589301556472,4.538664680763373,0.0,1.6032173761177626,0.27658578317347465,-1.0,-0.4938429074288785,-0.8421368594010002,0.09084757477086765,0.8858437891489859,0.9038279519506056,-1.0,-0.4938429074288785,14.375357680361308,0.0,3.9760195624215564,255,True
brain_hypothalamus,excluded_at_or_below_-1,ENSG00000257526.4,ENSG00000257526,0.28301031607478755,16.80406749918252,-0.8495522660161134,0.1376948026195444,281.5575313250436,4.90544653897361,0.0,1.4427314625418828,0.3531907693634754,-0.990023711951308,-0.3719338136719962,-0.8238511928889105,0.0979276943678522,1.1340220099614382,2.2888886626263485,-0.990023711951308,-0.3719338136719962,16.80395079504318,0.0,5.935000309647284,257,True
brain_hypothalamus,raw,ENSG00000257526.4,ENSG00000257526,0.28301031607478755,16.80406749918252,-0.8495522660161134,0.1376948026195444,281.5575313250436,4.90544653897361,0.0,1.4427314625418828,0.3531907693634754,-0.990023711951308,-0.3719338136719962,-0.8238511928889105,0.0979276943678522,1.1340220099614382,2.2888886626263485,-0.990023711951308,-0.3719338136719962,16.80395079504318,0.0,5.935000309647284,257,True
brain_nucleus_accumbens_basal_ganglia,excluded_at_or_below_-1,ENSG00000257526.4,ENSG00000257526,1.0509436864956514,17.070071902926497,-0.8584909506326266,0.10012420093395633,150.9112755562295,5.04787632764994,0.0,1.6480401371870586,0.25717073374937155,-0.97516972266056,-0.5011088711740741,-0.8367733637615339,0.08169539252809113,0.8324180552571755,0.8177065793397928,-0.97516972266056,-0.5011088711740741,17.069825089015616,0.0,4.3898594431155775,285,True
brain_nucleus_accumbens_basal_ganglia,raw,ENSG00000257526.4,ENSG00000257526,1.0509436864956514,17.070071902926497,-0.8584909506326266,0.10012420093395633,150.9112755562295,5.04787632764994,0.0,1.6480401371870586,0.25717073374937155,-0.97516972266056,-0.5011088711740741,-0.8367733637615339,0.08169539252809113,0.8324180552571755,0.8177065793397928,-0.97516972266056,-0.5011088711740741,17.069825089015616,0.0,4.3898594431155775,285,True
brain_putamen_basal_ganglia,excluded_at_or_below_-1,ENSG00000257526.4,ENSG00000257526,0.9017697141812231,14.837509826572148,-0.8658077641959092,0.09390429449280664,343.07607879943004,4.691263939898829,0.0,1.9689818778568302,0.14391343030369097,-0.9965488764498506,-0.5543061336949819,-0.8478533589504356,0.0777829630609723,0.8062983618586663,0.6490528388324619,-0.9965488764498506,-0.5543061336949819,14.837256592461308,0.0,2.13528049251716,254,True
brain_putamen_basal_ganglia,raw,ENSG00000257526.4,ENSG00000257526,0.9017697141812231,14.837509826572148,-0.8658077641959092,0.09390429449280664,343.07607879943004,4.691263939898829,0.0,1.9689818778568302,0.14391343030369097,-0.9965488764498506,-0.5543061336949819,-0.8478533589504356,0.0777829630609723,0.8062983618586663,0.6490528388324619,-0.9965488764498506,-0.5543061336949819,14.837256592461308,0.0,2.13528049251716,254,True
brain_spinal_cord_cervical_c-1,excluded_at_or_below_-1,ENSG00000257526.4,ENSG00000257526,0.0024105310395788155,8.63681789244423,-0.699151795213036,0.2622696174007824,108.0321693793795,2.436876891131807,0.0,1.489502092811919,0.2935126540766072,-0.9753838682133272,-0.2472265790402499,-0.6752519621038753,0.1575384723162662,0.29454686174229805,-0.5324573231321859,-0.9753838682133272,-0.2472265790402499,8.193348777064113,0.0,2.404851545331412,204,True
brain_spinal_cord_cervical_c-1,raw,ENSG00000257526.4,ENSG00000257526,0.0024105310395788155,8.63681789244423,-0.699151795213036,0.2622696174007824,108.0321693793795,2.436876891131807,0.0,1.489502092811919,0.2935126540766072,-0.9753838682133272,-0.2472265790402499,-0.6752519621038753,0.1575384723162662,0.29454686174229805,-0.5324573231321859,-0.9753838682133272,-0.2472265790402499,8.193348777064113,0.0,2.404851545331412,204,True
brain_substantia_nigra,excluded_at_or_below_-1,ENSG00000257526.4,ENSG00000257526,0.6688691380603765,9.769816395095372,-0.8230822612779282,0.12915630864254243,171.60340653438385,4.334046155455178,0.0,1.5753589222588558,0.28907240493071007,-0.9669555408161492,-0.4272655205689205,-0.7958502794573831,0.10135780150522543,0.7902626460121642,0.5833694306176884,-0.9669555408161492,-0.4272655205689205,9.768954341694874,0.0,2.823935125212039,183,True
brain_substantia_nigra,raw,ENSG00000257526.4,ENSG00000257526,0.6688691380603765,9.769816395095372,-0.8230822612779282,0.12915630864254243,171.60340653438385,4.334046155455178,0.0,1.5753589222588558,0.28907240493071007,-0.9669555408161492,-0.4272655205689205,-0.7958502794573831,0.10135780150522543,0.7902626460121642,0.5833694306176884,-0.9669555408161492,-0.4272655205689205,9.768954341694874,0.0,2.823935125212039,183,True
breast_mammary_tissue,excluded_at_or_below_-1,ENSG00000257526.4,ENSG00000257526,1.889276292694265,27.880179938166954,-0.8165226817968182,0.12692164080693244,533.8750575445597,4.370346250591912,0.0,1.8386233084129802,0.1844134533526792,-0.9815338889712556,-0.4242965486456407,-0.7914352252465026,0.10099105418037986,0.6953916300717243,0.37169434162062664,-0.9815338889712556,-0.4242965486456407,27.877980613105116,0.0,5.141074677361756,511,True
breast_mammary_tissue,raw,ENSG00000257526.4,ENSG00000257526,1.8520466872673855,29.09656670907249,-0.8153793144494635,0.1250605930714611,559.6502387184901,4.422452651364877,0.0,2.0877326021554645,0.11306896937969395,-1.0,-0.4242965486456407,-0.7926525293793051,0.1019433449085245,0.6578602240740613,0.36168560833272556,-1.0,-0.4242965486456407,29.09490467372452,0.0,3.2897308856584724,514,True
cells_cultured_fibroblasts,excluded_at_or_below_-1,ENSG00000257526.4,ENSG00000257526,3.811999681896655,47.72942011919394,-0.8529928606029632,0.10459710577621391,1375.161740151348,7.4539714554535,0.0,1.8760546540080725,0.17208504260097188,-0.9917483444338216,-0.3016872717422199,-0.8024441357877243,0.12241446021396168,1.3869250294332824,1.9629705530965778,-0.9917483444338216,-0.3016872717422199,47.72827263260299,0.0,8.213321829252285,650,True
cells_cultured_fibroblasts,raw,ENSG00000257526.4,ENSG00000257526,3.7237753859925857,47.7608096470011,-0.8518751176211695,0.10630770352596733,1368.2696815994843,7.319160208411329,0.0,1.9705083511082786,0.14349556293591684,-1.0,-0.3016872717422199,-0.8030501353711975,0.12271429074425917,1.374548898220344,1.9472154273257445,-1.0,-0.3016872717422199,47.760789762161394,0.0,6.8534614131853235,652,True
cells_ebv-transformed_lymphocytes,excluded_at_or_below_-1,ENSG00000257526.4,ENSG00000257526,0.614839626693997,17.294381137459247,-0.7566950845211995,0.129863847117044,231.80334405545977,3.5701771799551394,0.0,2.046720249866548,0.12162896742141635,-0.9446405071163662,-0.428854257778981,-0.7399209337520884,0.09354263467927497,0.48218357968017467,-0.09111388675049614,-0.9446405071163662,-0.428854257778981,17.2648071842701,0.0,2.099900670552623,327,True
cells_ebv-transformed_lymphocytes,raw,ENSG00000257526.4,ENSG00000257526,0.614839626693997,17.294381137459247,-0.7566950845211995,0.129863847117044,231.80334405545977,3.5701771799551394,0.0,2.046720249866548,0.12162896742141635,-0.9446405071163662,-0.428854257778981,-0.7399209337520884,0.09354263467927497,0.48218357968017467,-0.09111388675049614,-0.9446405071163662,-0.428854257778981,17.2648071842701,0.0,2.099900670552623,327,True
cervix_ectocervix,excluded_at_or_below_-1,ENSG00000257526.4,ENSG00000257526,0.12848196773723314,1.1576614009162243,-0.8693278324067705,0.06353319603411378,16.73670628632632,4.010209808620986,0.0,2.0066266127797876,0.13327181286374215,-0.9594750388464258,-0.6891701442839726,-0.8607191166421643,0.06002925115130659,0.8060373940782601,1.1369995582713388,-0.9594750388464258,-0.6891701442839726,1.157285456069097,0.0,0.15423353073117121,24,True
cervix_ectocervix,raw,ENSG00000257526.4,ENSG00000257526,0.12848196773723314,1.1576614009162243,-0.8693278324067705,0.06353319603411378,16.73670628632632,4.010209808620986,0.0,2.0066266127797876,0.13327181286374215,-0.9594750388464258,-0.6891701442839726,-0.8607191166421643,0.06002925115130659,0.8060373940782601,1.1369995582713388,-0.9594750388464258,-0.6891701442839726,1.157285456069097,0.0,0.15423353073117121,24,True
cervix_endocervix,excluded_at_or_below_-1,ENSG00000257526.4,ENSG00000257526,0.1919678446187709,0.753191523683283,-0.8847614933289094,0.0834056706314067,20.998302252808415,3.1156454593770153,0.0,1.4402151410709827,0.3494043124903927,-0.9697006516643468,-0.7010109581176789,-0.8625865947499655,0.07039250563917444,0.7065360413551716,0.06200251622762165,-0.9697006516643468,-0.7010109581176789,0.747313788615651,0.0,0.2611146605258422,23,True
cervix_endocervix,raw,ENSG00000257526.4,ENSG00000257526,0.1919678446187709,0.753191523683283,-0.8847614933289094,0.0834056706314067,20.998302252808415,3.1156454593770153,0.0,1.4402151410709827,0.3494043124903927,-0.9697006516643468,-0.7010109581176789,-0.8625865947499655,0.07039250563917444,0.7065360413551716,0.06200251622762165,-0.9697006516643468,-0.7010109581176789,0.747313788615651,0.0,0.2611146605258422,23,True
colon_sigmoid,excluded_at_or_below_-1,ENSG00000257526.4,ENSG00000257526,0.7331105954094846,23.158910444500783,-0.9432025863602258,0.07086897433380888,241.00907710093097,4.271740658379572,0.0,1.0004807489271446,0.6061987075716769,-0.9933386099451008,-0.729137407568281,-0.9239872462116177,0.04571745918680114,0.9390869792441666,0.9817515405401878,-0.9933386099451008,-0.729137407568281,23.156287118612852,0.0,14.037311323461783,400,True
colon_sigmoid,raw,ENSG00000257526.4,ENSG00000257526,0.6303239883973358,23.764443196334668,-0.945480498016146,0.07449449686404576,345.68816848366544,4.107086369016702,0.0,1.0350055690705138,0.5852211952114214,-1.0,-0.729137407568281,-0.9274341252616872,0.04738993925371395,0.8358080402319058,0.8047880336126583,-1.0,-0.729137407568281,23.75911448001838,0.0,13.904337373161344,419,True
colon_transverse,excluded_at_or_below_-1,ENSG00000257526.4,ENSG00000257526,1.5963056126506885,28.960419975207426,-0.9630915055139044,0.06506024485541106,829.5812218426042,5.152988565831168,0.0,0.745475475273956,0.7574004606561839,-0.9973867620758918,-0.7260306352535872,-0.9347401644752472,0.04733634212995527,1.264206615716093,1.7181750634410138,-0.9973867620758918,-0.7260306352535872,28.960247663995197,0.0,21.934504921427134,444,True
colon_transverse,raw,ENSG00000257526.4,ENSG00000257526,0.6241172645169248,35.378066529850535,-1.0022756316275103,0.10176733162046138,658.9764771543156,3.8388490116523832,0.0,-0.03162340074506975,1.0,-1.0,-0.7260306352535872,-0.9395086284488722,0.04863860123398721,1.1982600131938932,1.5725362154302678,-1.0,-0.7260306352535872,35.338061592640024,0.0,35.338061592640024,479,True
esophagus_gastroesophageal_junction,excluded_at_or_below_-1,ENSG00000257526.4,ENSG00000257526,0.8218385546418875,22.18858724238734,-0.9353122665014072,0.07270183270906488,410.72707514140325,4.323815983638212,0.0,1.1229047337597342,0.532312719636376,-0.9930385069180436,-0.7130337120659951,-0.9168965433278272,0.04948994119774865,0.9864803506773807,1.3109245128635294,-0.9930385069180436,-0.7130337120659951,22.18643217357077,0.0,11.81012004934145,388,True
esophagus_gastroesophageal_junction,raw,ENSG00000257526.4,ENSG00000257526,0.7473802129256398,22.70781892031312,-0.9361994059572035,0.07512003037853573,430.76209129499466,4.201328851532627,0.0,1.2011132706964904,0.48602720960198736,-1.0,-0.7130337120659951,-0.9199897240972629,0.05104866383070634,0.8863154729174777,1.1212901871756662,-1.0,-0.7130337120659951,22.704454470628143,0.0,11.034982651894763,403,True
esophagus_mucosa,excluded_at_or_below_-1,ENSG00000257526.4,ENSG00000257526,1.239515267884543,43.45082456806832,-0.9319359736269641,0.07545737989322751,674.805166909113,5.834945066573122,0.0,1.1219913449080394,0.5328998422078811,-0.991801420686864,-0.620604164726969,-0.9106972421062056,0.05444349635493865,1.2703797169691282,2.678317875875228,-0.991801420686864,-0.620604164726969,43.45036489800319,0.0,23.154692598020755,594,True
esophagus_mucosa,raw,ENSG00000257526.4,ENSG00000257526,1.3084704840458692,44.35412899989658,-0.9319247832702896,0.07531700449195979,603.1501716777123,5.845610084470962,0.0,1.27823584341995,0.4417870665271833,-1.0,-0.620604164726969,-0.9136061267281533,0.05584895938557357,1.1614621538222416,2.3998680996950466,-1.0,-0.620604164726969,44.353407860650925,0.0,19.594761949240684,614,True
esophagus_muscularis,excluded_at_or_below_-1,ENSG00000257526.4,ENSG00000257526,0.9668120715935187,31.29111307046985,-0.9354219600354695,0.07974453063089504,467.8145121855151,4.341225630730533,0.0,1.021381834109282,0.5935312142334644,-0.9930155350958674,-0.6906293703614591,-0.9139368217958342,0.052869112291175045,1.0488704703511398,1.4191614859833557,-0.9930155350958674,-0.6906293703614591,31.288574051048943,0.0,18.570745348152748,534,True
esophagus_muscularis,raw,ENSG00000257526.4,ENSG00000257526,0.7661672109361637,31.952800186376752,-0.9400190095180176,0.0865802516016387,578.4498703228135,4.073564161412786,0.0,0.9797376267105407,0.618724076779942,-1.0,-0.6906293703614591,-0.9180788998912219,0.05477505580902448,0.9379456284009915,1.1941242424812017,-1.0,-0.6906293703614591,31.94481464175911,0.0,19.76502594712878,561,True
fallopian_tube,excluded_at_or_below_-1,ENSG00000257526.4,ENSG00000257526,0.611857158827365,1366.3305533715911,-0.663950746732785,0.02832187835036739,18.518731318500485,-3.428904322304849,1.0,14.718990483535514,0.0,-0.9587219672939756,-0.7326200154169349,-0.8555479382100881,0.07789932035876042,0.34645092902829216,-1.32485819886842,-0.9587219672939756,-0.7326200154169349,3.8235968809058978,3.8235968809058978,0.0,28,True
fallopian_tube,raw,ENSG00000257526.4,ENSG00000257526,0.7249999952583429,0.003547277211570745,-3.3275227179767786,0.010913122754059632,27.975,336.2691575730328,,-301.61982676038286,,-1.0,-0.7326200154169349,-0.8605290437890506,0.08106238299212072,0.27846640732278083,-1.2050157951155813,-1.0,-0.7326200154169349,0.0,0.0,0.0,29,True
heart_atrial_appendage,excluded_at_or_below_-1,ENSG00000257526.4,ENSG00000257526,1.919695237429041,23.009614022163113,-0.8718291038473016,0.09671700046422167,366.88373998884043,4.025402754852833,0.0,1.7891896776383183,0.20153449951825525,-0.9941904384341024,-0.5965348410370361,-0.8555425244441442,0.07591408477395277,0.5643714117789619,0.04618211022427321,-0.9941904384341024,-0.5965348410370361,23.00253468454203,0.0,4.635804315300486,459,True
heart_atrial_appendage,raw,ENSG00000257526.4,ENSG00000257526,1.8105366577035071,23.31701005029007,-0.8711695657946268,0.09790019610439532,318.82433547387797,3.967225479677558,0.0,1.8610151414341627,0.1766711644787626,-1.0,-0.5965348410370361,-0.8561692380040395,0.07634283605647472,0.5476666549122091,0.03880617116833607,-1.0,-0.5965348410370361,23.308018673677573,0.0,4.117854800771361,461,True
heart_left_ventricle,excluded_at_or_below_-1,ENSG00000257526.4,ENSG00000257526,0.1985851752660472,31.9835408691179,-0.9733489540638534,0.11438643614897424,456.5516460083295,4.336932142100479,0.0,0.2865646938114018,0.9597690076800343,-0.99652728789075,-0.6225630298203026,-0.9207529689861066,0.056196986146242016,1.1122710864556058,1.7783247161984264,-0.99652728789075,-0.6225630298203026,31.980891772136303,0.0,30.694268760865832,433,True
heart_left_ventricle,raw,ENSG00000257526.4,ENSG00000257526,0.07301669469186343,33.94348816227307,-0.9841044681000912,0.12302439169785429,473.3785598003757,4.156060422805326,0.0,0.18272536432608313,0.9834426824468534,-1.0,-0.6225630298203026,-0.924084149493328,0.0572582307576195,1.0703269367055848,1.6305108080996762,-1.0,-0.6225630298203026,33.93741677249651,0.0,33.3755041860608,452,True
kidney_cortex,excluded_at_or_below_-1,ENSG00000257526.4,ENSG00000257526,0.29888751767613664,8.11906502308859,-0.9892146434722372,0.13279210758842716,102.22601598937663,4.637533524161767,0.0,0.044959553227811117,0.9989916950874457,-0.9934362645825148,-0.5537585942090351,-0.9002219147095851,0.08302863086468068,1.7142946492840785,3.5534497726170953,-0.9934362645825148,-0.5537585942090351,8.118876155830732,0.0,8.110689853118387,102,True
kidney_cortex,raw,ENSG00000257526.4,ENSG00000257526,0.37807872830298983,7.360552992830417,-0.9571576205470766,0.10612221998610748,70.33974493273749,5.375805125166467,0.0,0.570929199130873,0.8496181593558861,-1.0,-0.5537585942090351,-0.9021407240420931,0.08336360467740957,1.6966099666452488,3.516316932254118,-1.0,-0.5537585942090351,7.36046139295265,0.0,6.253581660690493,104,True
kidney_medulla,excluded_at_or_below_-1,ENSG00000257526.4,ENSG00000257526,0.2105263907197756,5.343104060487616,-0.9198725199424833,0.0025587514912412566,8.315790648665997,134.19846061567375,0.0,3.196644348315419,0.006041148961407323,-0.9256562422252016,-0.6770658319296539,-0.806905661286904,0.10141283172117099,0.02282621094724067,-1.6656459696847927,-0.9256562422252016,-0.6770658319296539,5.3425351299105355,0.0,0.032275050551341194,11,True
kidney_medulla,raw,ENSG00000257526.4,ENSG00000257526,0.2105263907197756,5.343104060487616,-0.9198725199424833,0.0025587514912412566,8.315790648665997,134.19846061567375,0.0,3.196644348315419,0.006041148961407323,-0.9256562422252016,-0.6770658319296539,-0.806905661286904,0.10141283172117099,0.02282621094724067,-1.6656459696847927,-0.9256562422252016,-0.6770658319296539,5.3425351299105355,0.0,0.032275050551341194,11,True
liver,excluded_at_or_below_-1,ENSG00000257526.4,ENSG00000257526,0.7819430696781954,13.885888708396001,-0.9018560699959149,0.10440550324517672,189.95763882543073,4.265456603962539,0.0,1.2352964126744557,0.4662203153944362,-0.9930528644926522,-0.5869551560491688,-0.8748875743373355,0.07583824579138068,0.9139449828844689,0.8874533109687475,-0.9930528644926522,-0.5869551560491688,13.884196740993644,0.0,6.4730945835844595,257,True
liver,raw,ENSG00000257526.4,ENSG00000257526,0.7104532830595367,13.979805134165225,-0.9024698739562611,0.10831163940070035,78.27387751256498,4.119642133213302,0.0,1.2734404885216892,0.4443798497517598,-1.0,-0.5869551560491688,-0.8772752160484552,0.07704157447007835,0.866032403730339,0.8155422961846339,-1.0,-0.5869551560491688,13.976810718572631,0.0,6.211013047128091,262,True
lung,excluded_at_or_below_-1,ENSG00000257526.4,ENSG00000257526,0.9127665815583706,40.22321984994861,-0.9097175366082517,0.10269024288911792,360.2954728636561,5.269136658919497,0.0,1.1203967458155837,0.5338474335969996,-0.9910728686607286,-0.5271098897034702,-0.885172647731063,0.06823458623785521,0.9353444260018341,1.3020790352999851,-0.9910728686607286,-0.5271098897034702,40.22317957965992,0.0,21.47304118971269,585,True
lung,raw,ENSG00000257526.4,ENSG00000257526,0.8309478650354297,40.63828699818035,-0.9119344166984444,0.1065820309197202,279.5751632055575,5.106152139472973,0.0,1.1685228852241165,0.5052439325012786,-1.0,-0.5271098897034702,-0.8887847664282646,0.07008311081942682,0.8522256351039136,1.1311418911928222,-1.0,-0.5271098897034702,40.6377485905774,0.0,20.53197590590162,604,True
minor_salivary_gland,excluded_at_or_below_-1,ENSG00000257526.4,ENSG00000257526,0.9119415933955229,8.70001407357388,-0.8750428272919795,0.09439263577945366,306.43141447971175,4.0424158664682945,0.0,1.7546365651592257,0.2142938697655254,-0.9921572254472784,-0.605229060329985,-0.8515129508334167,0.07519981487000738,0.6631659947442518,0.09612035264696672,-0.9921572254472784,-0.605229060329985,8.697515609688699,0.0,1.863824277346254,181,True
minor_salivary_gland,raw,ENSG00000257526.4,ENSG00000257526,0.9119415933955229,8.70001407357388,-0.8750428272919795,0.09439263577945366,306.43141447971175,4.0424158664682945,0.0,1.7546365651592257,0.2142938697655254,-0.9921572254472784,-0.605229060329985,-0.8515129508334167,0.07519981487000738,0.6631659947442518,0.09612035264696672,-0.9921572254472784,-0.605229060329985,8.697515609688699,0.0,1.863824277346254,181,True
muscle_skeletal,excluded_at_or_below_-1,ENSG00000257526.4,ENSG00000257526,2.871032215394832,52.66775926154225,-0.878595241426361,0.10100265326867634,1046.9443293574716,5.61660689811876,0.0,1.5747627872066245,0.2894023881780171,-0.9910642659135434,-0.477459080544683,-0.8520322187558574,0.08118195392290575,0.8708889772368938,0.6580461341835653,-0.9910642659135434,-0.477459080544683,52.667643749888,0.0,15.242141880926603,807,True
muscle_skeletal,raw,ENSG00000257526.4,ENSG00000257526,2.914494071588199,54.004229244488535,-0.8784544154036521,0.09998321978516346,1048.3115932745307,5.671882164071355,0.0,1.7192026277216237,0.22813427910538478,-1.0,-0.477459080544683,-0.8540220055452041,0.082417209016706,0.8156264774317962,0.6125690794322045,-1.0,-0.477459080544683,54.00377503431507,0.0,12.320112286422845,818,True
nerve_tibial,excluded_at_or_below_-1,ENSG00000257526.4,ENSG00000257526,2.0655122465088076,34.786130978185675,-0.7963527791229219,0.12479409233952382,997.2027821663344,3.7501937269150702,0.0,2.074960478022756,0.11538599390422068,-0.9794529956564983,-0.4654253755825259,-0.7826902791739437,0.09533349444343568,0.4582266183587639,0.020440056169673593,-0.9794529956564983,-0.4654253755825259,34.75518568787728,0.0,4.010261643921465,670,True
nerve_tibial,raw,ENSG00000257526.4,ENSG00000257526,2.0655122465088076,34.786130978185675,-0.7963527791229219,0.12479409233952382,997.2027821663344,3.7501937269150702,0.0,2.074960478022756,0.11538599390422068,-0.9794529956564983,-0.4654253755825259,-0.7826902791739437,0.09533349444343568,0.4582266183587639,0.020440056169673593,-0.9794529956564983,-0.4654253755825259,34.75518568787728,0.0,4.010261643921465,670,True
ovary,excluded_at_or_below_-1,ENSG00000257526.4,ENSG00000257526,0.9079965906561437,8.15551493217597,-0.8158216376067702,0.12162190081850367,171.4565805638458,3.3263119629146436,0.0,1.8027238935635603,0.19374092750457017,-0.9708552990137675,-0.529759903786204,-0.7984329942263286,0.0949403453321368,0.5470884007539994,0.03329136914323749,-0.9708552990137675,-0.529759903786204,8.123175355867598,0.0,1.5737915277280554,190,True
ovary,raw,ENSG00000257526.4,ENSG00000257526,0.9740787424353009,8.790782462204614,-0.8142358998094706,0.11776278784016761,133.51962600944458,3.4162728237355378,0.0,2.2308414628230593,0.08036204187473177,-1.0,-0.529759903786204,-0.8015661601191837,0.09745663080085191,0.4560023410962908,0.02900877259051393,-1.0,-0.529759903786204,8.765041488232102,0.0,0.7043766311110694,193,True
pancreas,excluded_at_or_below_-1,ENSG00000257526.4,ENSG00000257526,0.8713769545458171,23.735823496875547,-0.9426154094214155,0.052929146411651085,346.8655015918328,5.352414614022973,0.0,1.4175205614166195,0.3661647282169879,-0.9956683254257328,-0.7422929515557883,-0.9308419031950098,0.03953994438673227,0.9810271292585012,1.4292376997886045,-0.9956683254257328,-0.7422929515557883,23.735540010792057,0.0,8.691117557135117,359,True
pancreas,raw,ENSG00000257526.4,ENSG00000257526,0.989596107538441,24.42053194482716,-0.9426020715937454,0.05076591218370738,472.04864530365455,5.580119848917322,0.0,1.598965236958681,0.2785011366547144,-1.0,-0.7422929515557883,-0.9314150365939462,0.03987269891830344,0.9484713237735731,1.3763155464962047,-1.0,-0.7422929515557883,24.420229178494807,0.0,6.801061583579426,362,True
pituitary,excluded_at_or_below_-1,ENSG00000257526.4,ENSG00000257526,2.469638493797477,13.977839190304154,-0.7336399539756742,0.11245394389862196,342.549931834291,3.5378220486977385,0.0,3.0259637711202836,0.008374231386898036,-0.9742553526753016,-0.4523231481037437,-0.7284982915470973,0.10592734132439709,0.14465153780166926,-0.2512110305096882,-0.9742553526753016,-0.4523231481037437,13.951055610469217,0.0,0.11682936777355124,312,True
pituitary,raw,ENSG00000257526.4,ENSG00000257526,1.9818512673598607,15.160498321990762,-0.7338073706326226,0.11923546480259344,344.90291312872364,3.338593980855002,0.0,3.157225304387054,0.0030593331667610854,-1.0,-0.4523231481037437,-0.7293657091459884,0.10686507162446163,0.11217083942185117,-0.21774872246244792,-1.0,-0.4523231481037437,15.102891721272343,0.0,0.0462047775568899,313,True
prostate,excluded_at_or_below_-1,ENSG00000257526.4,ENSG00000257526,1.2078254005590108,14.504696756009954,-0.8570862935311725,0.09692247444842426,223.97101606612563,4.267927850568906,0.0,1.7682155703498914,0.2093599273337551,-0.9782701323772393,-0.5645858260979854,-0.8377004783955101,0.07842865864369494,0.6759263167050803,0.4216799455563929,-0.9782701323772393,-0.5645858260979854,14.50292677556382,0.0,3.0363316958588125,280,True
prostate,raw,ENSG00000257526.4,ENSG00000257526,1.1243198688182605,15.608709362176032,-0.8542316415865225,0.09464406258736448,318.2510449327483,4.328016246876443,0.0,2.1781354666903763,0.0932047423575945,-1.0,-0.5645858260979854,-0.8388515388324214,0.0793311192406942,0.6310180980012706,0.40582212409356266,-1.0,-0.5645858260979854,15.6071731699764,0.0,1.4546625542380118,282,True
skin_not_sun_exposed_suprapubic,excluded_at_or_below_-1,ENSG00000257526.4,ENSG00000257526,0.5575688339967176,42.278764290971196,-0.8014551017348813,0.130807033608966,424.04017764967034,4.57138941386585,0.0,2.0759361297367542,0.11590595011981843,-0.9934678601452008,-0.3786265384902966,-0.790308562698157,0.09525968194906517,0.5912730061416472,0.7244445554886272,-0.9934678601452008,-0.3786265384902966,42.27752773200647,0.0,4.900217020495183,648,True
skin_not_sun_exposed_suprapubic,raw,ENSG00000257526.4,ENSG00000257526,0.4847176047090394,42.382844387528436,-0.8015267970157467,0.13290231108667913,676.8012292222692,4.500081874029387,0.0,2.1119534576407557,0.10747470721120225,-1.0,-0.3786265384902966,-0.7912748826857231,0.09609646549019898,0.5555010344966008,0.7063340163793286,-1.0,-0.3786265384902966,42.380871023715535,0.0,4.554871704629553,651,True
skin_sun_exposed_lower_leg,excluded_at_or_below_-1,ENSG00000257526.4,ENSG00000257526,-0.06108228661671562,48.40336713078345,-0.7509369232359212,0.15965757843415282,515.1002271270052,4.188858320662958,0.0,2.1177175016175656,0.10606888634351201,-0.9900165482032606,-0.2780359458484884,-0.7423937757485283,0.10932558386802065,0.4047666332593592,0.3351698452573393,-0.9900165482032606,-0.2780359458484884,48.39581991476387,0.0,5.133290722040164,754,True
skin_sun_exposed_lower_leg,raw,ENSG00000257526.4,ENSG00000257526,-0.06108228661671562,48.40336713078345,-0.7509369232359212,0.15965757843415282,515.1002271270052,4.188858320662958,0.0,2.1177175016175656,0.10606888634351201,-0.9900165482032606,-0.2780359458484884,-0.7423937757485283,0.10932558386802065,0.4047666332593592,0.3351698452573393,-0.9900165482032606,-0.2780359458484884,48.39581991476387,0.0,5.133290722040164,754,True
small_intestine_terminal_ileum,excluded_at_or_below_-1,ENSG00000257526.4,ENSG00000257526,0.8251287263659562,11.307551262767397,-0.9338717296537957,0.06306658609245791,222.43909558197672,4.725714551001181,0.0,1.3041060619166152,0.42726323409984684,-0.9920280926075986,-0.7231293838662293,-0.9139138696767264,0.05109169178753065,1.0896118119542895,1.2195028308403408,-0.9920280926075986,-0.7231293838662293,11.307274989045215,0.0,4.831182880675768,203,True
small_intestine_terminal_ileum,raw,ENSG00000257526.4,ENSG00000257526,0.8646675231050921,11.595949107598507,-0.9330579198195466,0.06197561068161321,164.91789411442608,4.7903325099850615,0.0,1.5275427969724076,0.31138822570235175,-1.0,-0.7231293838662293,-0.9155773697795915,0.05196915562397406,1.02301575008303,1.1367902658062023,-1.0,-0.7231293838662293,11.595809169864554,0.0,3.610798442987184,207,True
spleen,excluded_at_or_below_-1,ENSG00000257526.4,ENSG00000257526,0.4314955350178486,18.45681300716261,-0.869831880054103,0.10342453058548903,195.04623401332285,5.250580934547319,0.0,1.672464640858639,0.2469507485103925,-0.9921428767831808,-0.4858454137205187,-0.854541280544736,0.07617515851720344,0.8926122698539103,1.782194830336775,-0.9921428767831808,-0.4858454137205187,18.456687422494774,0.0,4.557892774007431,272,True
spleen,raw,ENSG00000257526.4,ENSG00000257526,0.3642240183794881,18.480639214565954,-0.8710444831898262,0.10786148222211278,152.30984549258073,5.050493809599348,0.0,1.690785598887233,0.2394564687994752,-1.0,-0.4858454137205187,-0.8571668891991631,0.07793533763017992,0.8016574304755093,1.607245650632179,-1.0,-0.4858454137205187,18.480520780882543,0.0,4.425280247765453,277,True
stomach,excluded_at_or_below_-1,ENSG00000257526.4,ENSG00000257526,0.4649806547683781,25.619894499453014,-0.9262558431861475,0.08803690160726331,248.38798966662958,4.738907942946519,0.0,1.017179169430874,0.5961072274009055,-0.989576762203412,-0.6312517621907789,-0.9040666773893314,0.05590886166975758,1.08278362742042,2.0693412724248565,-0.989576762203412,-0.6312517621907789,25.619527960101344,0.0,15.271985779615985,396,True
stomach,raw,ENSG00000257526.4,ENSG00000257526,0.561244769156558,26.464234321626655,-0.9237510253829305,0.08389054190368862,192.7567275045465,4.930906579020322,0.0,1.285393222805733,0.4377428865021048,-1.0,-0.6312517621907789,-0.9066594698923224,0.05730375507343034,0.9870612276632378,1.8486102386375638,-1.0,-0.6312517621907789,26.464067379764746,0.0,11.584457243404412,407,True
testis,excluded_at_or_below_-1,ENSG00000257526.4,ENSG00000257526,0.9656542196571548,25.904424826616715,-0.2817142101122796,0.18527843418648537,165.83146122508106,4.205860838020172,0.0,2.6887488638637915,0.026785395189623973,-0.6339716008428806,0.2693025041999644,-0.2706883284208969,0.14786529778212287,0.34875603086845514,0.48520812020605675,-0.6339716008428806,0.2693025041999644,25.900412014415895,0.0,0.6937527713802145,414,True
testis,raw,ENSG00000257526.4,ENSG00000257526,0.9656542196571548,25.904424826616715,-0.2817142101122796,0.18527843418648537,165.83146122508106,4.205860838020172,0.0,2.6887488638637915,0.026785395189623973,-0.6339716008428806,0.2693025041999644,-0.2706883284208969,0.14786529778212287,0.34875603086845514,0.48520812020605675,-0.6339716008428806,0.2693025041999644,25.900412014415895,0.0,0.6937527713802145,414,True
thyroid,excluded_at_or_below_-1,ENSG00000257526.4,ENSG00000257526,3.009079398022771,33.745687909544436,-0.7498800682147949,0.1566061346489473,1057.0532259331846,3.7888861059747687,0.0,2.123448260086375,0.10424062542544979,-0.9850249098334388,-0.3303092031990977,-0.7208137146133506,0.12603609368626978,0.5766339217859436,0.0349124791089932,-0.9850249098334388,-0.3303092031990977,33.71989942323344,0.0,3.5149834051611184,683,True
thyroid,raw,ENSG00000257526.4,ENSG00000257526,2.8751941730091612,34.98592395179745,-0.749070727089391,0.15535912591833326,1010.6353289955867,3.811930731362287,0.0,2.284175962300047,0.0729804566374012,-1.0,-0.3303092031990977,-0.7212218816972491,0.12639538652615961,0.5647976129487354,0.03829295412043532,-1.0,-0.3303092031990977,34.961104032260444,0.0,2.5514773368220554,684,True
uterus,excluded_at_or_below_-1,ENSG00000257526.4,ENSG00000257526,0.648595654739882,8.682074127873344,-0.89885814380502,0.07385617517564452,136.23200279351724,5.046841576909469,0.0,1.7373460052192018,0.221089901304109,-0.9895896530452942,-0.6352908683204874,-0.8799108107674033,0.06361403426728539,0.948147217120787,1.2090251238360867,-0.9895896530452942,-0.6352908683204874,8.68196103832723,0.0,1.919493909089887,149,True
uterus,raw,ENSG00000257526.4,ENSG00000257526,0.6178513216709429,8.778288254092391,-0.8987414376396913,0.07770287349546919,139.8510245110036,4.794872459483187,0.0,1.8429335461410001,0.1830050277871859,-1.0,-0.6352908683204874,-0.8830503974140069,0.0656493799062234,0.8223354147526368,1.0531330245848691,-1.0,-0.6352908683204874,8.778147941630621,0.0,1.6064452079781404,153,True
vagina,excluded_at_or_below_-1,ENSG00000257526.4,ENSG00000257526,1.2547286349846352,7.844036445745038,-0.893699163058545,0.07751391164741135,111.88020044124434,4.768906603869004,0.0,1.753068009600794,0.21509709158322507,-0.9897858945279252,-0.6323124708486619,-0.8644290746760314,0.07564382001753159,0.8298501402157733,0.21392554755337434,-0.9897858945279252,-0.6323124708486619,7.843946038065539,0.0,1.6872099793236588,166,True
vagina,raw,ENSG00000257526.4,ENSG00000257526,1.315240878478091,8.060159730706399,-0.8945840910985284,0.07765201132983694,130.41798170934564,4.77654185681614,0.0,1.919855075293655,0.15834543174343998,-1.0,-0.6323124708486619,-0.8676189788013013,0.07753281453743736,0.7493191888685748,0.17867295335601607,-1.0,-0.6323124708486619,8.060034311943696,0.0,1.2762696129916646,170,True
whole_blood,excluded_at_or_below_-1,ENSG00000257526.4,ENSG00000257526,1.9286108667240411,58.52111765678789,-0.9660407758399001,0.06200682984598903,994.8319264755186,6.640625085876152,0.0,0.6241643360748371,0.8230200377235305,-0.9934075419441531,-0.6748795815716344,-0.9364816664593857,0.045603865582789234,1.610348847714358,3.6036918875809754,-0.9934075419441531,-0.6748795815716344,58.52019138552773,0.0,48.16329012170526,670,True
whole_blood,raw,ENSG00000257526.4,ENSG00000257526,-1.6763514257857384,68101554.389068,-2.792741532063191,0.49082707195906705,4720.980701239003,6.102167677232107,0.0,-5.165402507962563,1.0,-1.0,-0.6748795815716344,-0.9470021376435721,0.04788611769002188,1.4429521364643827,3.020569934716959,-1.0,-0.6748795815716344,108.92951048447858,0.0,108.9295104844782,803,True
adipose_subcutaneous,excluded_at_or_below_-1,ENSG00000257527.1,ENSG00000257527,0.19858910950844005,1.3580098134421434,-0.8934796670192999,0.040459818398403825,14.791302898479689,6.725903617508427,0.0,2.189968968309329,0.0909013729957048,-0.9561333914025196,-0.7010555196557875,-0.8685272697405019,0.06352752085949079,1.331063334867705,1.2673956166667972,-0.9561333914025196,-0.7010555196557875,1.3580072749412815,0.0,0.1234447258303181,23,True
adipose_subcutaneous,raw,ENSG00000257527.1,ENSG00000257527,0.5897435898110367,732.1705579049848,-0.9966050292137749,0.0014105718417177498,27.43589746171267,296.3125396439445,0.0,3.403735696221981,0.0030646299773217033,-1.0,-0.7010555196557875,-0.9957648840392598,0.025771048545260456,7.261903951783524,60.21300421224655,-1.0,-0.7010555196557875,728.6063403360233,0.0,2.23290883226046,714,True
adipose_visceral_omentum,excluded_at_or_below_-1,ENSG00000257527.1,ENSG00000257527,0.27499702811183885,3.6887498297627923e-06,-1.430403458246469,1.3275109507174785,9.974999999770837,0.6322836147794285,0.0,-0.5151134494912554,1.0,-0.9468705865110102,-0.836883890260963,-0.8922595402740793,0.0370848288230311,0.09045524657798305,-1.1428161482048143,-0.9468705865110102,-0.836883890260963,2.100132902027596e-07,0.0,2.100132902027596e-07,11,True
adipose_visceral_omentum,raw,ENSG00000257527.1,ENSG00000257527,0.28204933452461156,792.5093183550018,-0.9983218321281689,0.0006381937222664763,11.897435897583819,357.7404773888901,0.0,3.7187576146224752,0.0009979930329458548,-1.0,-0.836883890260963,-0.9979810135315413,0.015404008982228512,8.130250532349763,68.2567154110293,-1.0,-0.836883890260963,788.7026878879367,0.0,0.78711978757781,587,True
adrenal_gland,excluded_at_or_below_-1,ENSG00000257527.1,ENSG00000257527,,,,,,,,,,-0.926685655365811,-0.8721528078987031,,,,,,,,,,4,False
adrenal_gland,raw,ENSG00000257527.1,ENSG00000257527,0.10256410615461134,307.7379897106694,-0.9985504659057249,0.0006262096983981544,3.5897435915876423,285.45275274876417,0.0,3.2735851592367653,0.004733319439815976,-1.0,-0.8721528078987031,-0.9987443126534832,0.011005780181370646,9.122412841688869,85.79719940064524,-1.0,-0.8721528078987031,306.1874141729508,0.0,1.449282839731849,295,True
artery_aorta,excluded_at_or_below_-1,ENSG00000257527.1,ENSG00000257527,0.09989288289825408,2.1038769450485604,-0.8751215807213737,0.0470918407463482,14.72527161702633,9.433971908464006,0.0,2.0499618749895827,0.12231313665086314,-0.943383179055294,-0.560980128157857,-0.8518869072768354,0.0807791745695519,2.4116929263137608,6.0592469541833385,-0.943383179055294,-0.560980128157857,2.1038748080725473,0.0,0.25733152689608596,22,True
artery_aorta,raw,ENSG00000257527.1,ENSG00000257527,0.5641025641024877,509.3498978375754,-0.995235373702379,0.0020441376897761244,37.58974358974703,300.43458464286795,0.0,3.2963528647980396,0.004512320612788399,-1.0,-0.560980128157857,-0.9930964236442592,0.03560696919223005,6.870359667297032,60.01328788500146,-1.0,-0.560980128157857,493.29521457079494,0.0,2.2259061648976726,472,True
artery_coronary,excluded_at_or_below_-1,ENSG00000257527.1,ENSG00000257527,0.19682853254703922,0.5591829494491812,-0.8608388836174147,0.017315898058340665,10.98306466263849,11.678323855527282,0.0,6.252308123526109,3.2465575763837533e-09,-0.9373933255891364,-0.7178472798349805,-0.852460402216444,0.0630420517821234,0.7842821176248886,-0.01616970116270977,-0.9373933255891364,-0.7178472798349805,0.5591785743442876,0.0,1.8154054370889128e-09,11,True
artery_coronary,raw,ENSG00000257527.1,ENSG00000257527,0.282051282051409,305.67869767406324,-0.9970072360253114,0.0012784704119446304,9.897435906075042,308.80010395809074,0.0,3.310524328481413,0.004241579905321607,-1.0,-0.7178472798349805,-0.9939442702402274,0.031762355272211634,5.836272481408889,36.41277441359551,-1.0,-0.7178472798349805,300.53623766541585,0.0,1.2747484665025857,268,True
artery_tibial,excluded_at_or_below_-1,ENSG00000257527.1,ENSG00000257527,0.6271077359716121,4.237287598651982,-0.8697508188912794,0.007629795807702427,29.372161307634997,25.142783204512753,0.0,7.7514857026649695,8.96639186184857e-14,-0.9115707071254268,-0.7341034831622553,-0.8528017912339393,0.046516814019687755,1.1202258969219787,0.23845883437744186,-0.9115707071254268,-0.7341034831622553,4.2371371325321725,0.0,3.7991831902672857e-13,38,True
artery_tibial,raw,ENSG00000257527.1,ENSG00000257527,1.0770450030226755,639.2386195655783,-0.9967055492632518,0.0030670318363094817,281.07147846452756,121.08625642246231,0.0,1.5190768016564176,0.3166133707785088,-1.0,-0.7341034831622553,-0.9919051636279157,0.03526586954917698,4.6116621023024225,21.736865685395536,-1.0,-0.7341034831622553,636.8629903091177,0.0,201.6393380858505,691,True
bladder,excluded_at_or_below_-1,ENSG00000257527.1,ENSG00000257527,,,,,,,,,,-0.902035988577818,-0.6558566618225519,,,,,,,,,,3,False
bladder,raw,ENSG00000257527.1,ENSG00000257527,0.07692307693248308,83.99425141108046,-0.9962630712796721,0.0015805470097482986,2.769230769992217,304.58275394773125,0.0,3.3436621912001177,0.0038581236049091546,-1.0,-0.6558566618225519,-0.9924926616850774,0.04325206889050254,6.707262611127087,47.212000102361976,-1.0,-0.6558566618225519,81.31124020512006,0.0,0.31370881517981863,77,True
brain_amygdala,excluded_at_or_below_-1,ENSG00000257527.1,ENSG00000257527,,,,,,,,,,-0.951858694897205,-0.796609629641412,,,,,,,,,,5,False
brain_amygdala,raw,ENSG00000257527.1,ENSG00000257527,0.12820512820250302,183.13493062350744,-0.9976579151607452,0.0009956672794771608,6.3589743590016035,285.5624744669752,0.0,3.326621464995854,0.003958120083179885,-1.0,-0.796609629641412,-0.9974538781069225,0.01781655962417464,8.973185342221752,90.88371118530692,-1.0,-0.796609629641412,182.91180818259753,0.0,0.7239869014182858,181,True
brain_anterior_cingulate_cortex_ba24,excluded_at_or_below_-1,ENSG00000257527.1,ENSG00000257527,,,,,,,,,,-0.9470013024418802,-0.8459418091970474,,,,,,,,,,6,False
brain_anterior_cingulate_cortex_ba24,raw,ENSG00000257527.1,ENSG00000257527,0.15384542530126974,304.1040020968622,-0.9985457512302336,0.0008708746782386454,5.076923080406513,247.81357167418983,0.0,2.361554865078505,0.062159667842676826,-1.0,-0.8459418091970474,-0.9977277764724034,0.015200723784785717,7.555276913251404,61.355397873080804,-1.0,-0.8459418091970474,300.95115661370687,0.0,18.70702393197741,233,True
brain_caudate_basal_ganglia,excluded_at_or_below_-1,ENSG00000257527.1,ENSG00000257527,,,,,,,,,,-0.9464757294591284,-0.9106415153095198,,,,,,,,,,5,False
brain_caudate_basal_ganglia,raw,ENSG00000257527.1,ENSG00000257527,0.12820482412840126,365.11408519910395,-0.999103794715512,0.0004776171368416806,6.358974385302036,261.93481272817434,0.0,2.6536436200229243,0.029572611092395486,-1.0,-0.9106415153095198,-0.998773627697146,0.009567219287279521,7.8487375693275805,60.911076995949735,-1.0,-0.9106415153095198,365.1120463696589,0.0,10.797316552438591,300,True
brain_cerebellar_hemisphere,excluded_at_or_below_-1,ENSG00000257527.1,ENSG00000257527,,,,,,,,,,-0.9290817808844096,-0.7826228499080428,,,,,,,,,,12,False
brain_cerebellar_hemisphere,raw,ENSG00000257527.1,ENSG00000257527,0.3076923076923414,342.3172516494068,-0.9977694080778258,0.0009595805733903473,26.307692347124732,317.0793458089612,0.0,3.2874085156949002,0.004514527838934962,-1.0,-0.7826228499080428,-0.9955458515192966,0.022314571737340257,5.736542758219907,37.921717340727916,-1.0,-0.7826228499080428,341.2670274759445,0.0,1.5406594960507334,277,True
brain_cerebellum,excluded_at_or_below_-1,ENSG00000257527.1,ENSG00000257527,0.13912968074537554,0.3956982081370981,-0.8796605328866651,0.04322732948717698,13.617321325547394,3.7791977456189993,0.0,2.3244149670126424,0.06636874076464461,-0.9507093859858924,-0.7641442979320675,-0.8728413189368811,0.050431809161008236,0.5841226789234015,0.07301773208748763,-0.9507093859858924,-0.7641442979320675,0.39538461280319614,0.0,0.0262411788694647,12,True
brain_cerebellum,raw,ENSG00000257527.1,ENSG00000257527,0.3076923096205002,289.0619905259617,-0.9975099173695466,0.0012680478626761746,16.307692320655757,260.2652736652748,0.0,2.7771101794099398,0.02136403147362793,-1.0,-0.7641442979320675,-0.9942635181475283,0.028367911819764058,5.368167790782624,30.147407184311604,-1.0,-0.7641442979320675,286.1503105734352,0.0,6.11332424127927,266,True
brain_cortex,excluded_at_or_below_-1,ENSG00000257527.1,ENSG00000257527,0.16612865534324603,0.48996699835384583,-0.9189012102208849,0.0070603889518103,11.261601641636457,4.955518818430251,0.0,4.218589654238477,0.00013198126652549556,-0.9399623035235304,-0.8941610357189361,-0.9209447595664448,0.012450747792977914,0.3559112276611206,0.16941998838307137,-0.9399623035235304,-0.8941610357189361,0.48995349090377005,0.0,6.466468226806743e-05,12,True
brain_cortex,raw,ENSG00000257527.1,ENSG00000257527,0.5519669930681668,248.76351694340366,-0.9986813119520596,0.0011898078529822384,95.06810051282206,124.23349856144547,0.0,1.5674014230637077,0.29415674993922164,-1.0,-0.8941610357189361,-0.9964864337585085,0.016515039323642337,4.593416780868604,19.679226705115887,-1.0,-0.8941610357189361,247.58936664463624,0.0,72.8300834116965,270,True
brain_frontal_cortex_ba9,excluded_at_or_below_-1,ENSG00000257527.1,ENSG00000257527,,,,,,,,,,-0.952380649490628,-0.8219687096313067,,,,,,,,,,8,False
brain_frontal_cortex_ba9,raw,ENSG00000257527.1,ENSG00000257527,0.20512818995008833,372.6970279584377,-0.9983587745943606,0.0009776481686485283,6.35897436174581,255.15643575894876,0.0,2.3741089095222296,0.06098774850865506,-1.0,-0.8219687096313067,-0.9972845494659295,0.016779091479939567,7.0932035736249,56.292076980280655,-1.0,-0.8219687096313067,364.9102942012371,0.0,22.25505725096435,269,True
brain_hippocampus,excluded_at_or_below_-1,ENSG00000257527.1,ENSG00000257527,,,,,,,,,,-0.9310197051218184,-0.8420120541849809,,,,,,,,,,9,False
brain_hippocampus,raw,ENSG00000257527.1,ENSG00000257527,0.23076910031063788,283.5125078596638,-0.9983365200539842,0.0008237880816968948,6.9230769240422605,268.3653535109256,0.0,2.855729468124364,0.017112669479216837,-1.0,-0.8420120541849809,-0.9967320066660417,0.0177989210866487,5.78947120326056,35.253657396741986,-1.0,-0.8420120541849809,280.7871836008865,0.0,4.805018266962135,255,True
brain_hypothalamus,excluded_at_or_below_-1,ENSG00000257527.1,ENSG00000257527,,,,,,,,,,-0.9704382756798589,-0.833576336675105,,,,,,,,,,8,False
brain_hypothalamus,raw,ENSG00000257527.1,ENSG00000257527,0.20512820557452136,249.71368398035344,-0.9979686458172774,0.0008060855412520896,10.358974359532427,288.41335223253276,0.0,3.56385084234072,0.0017660667866620321,-1.0,-0.833576336675105,-0.9974910809063917,0.015398063310730448,7.209280174615748,59.21593035754715,-1.0,-0.833576336675105,246.8544628439451,0.0,0.43596146796798696,257,True
brain_nucleus_accumbens_basal_ganglia,excluded_at_or_below_-1,ENSG00000257527.1,ENSG00000257527,0.14281088132114497,1.2121965187590649,-0.9175852899744232,0.018969966249398167,13.40734797180265,8.969700148305838,0.0,2.8169202495975143,0.018920390337872777,-0.9553708716460076,-0.7972675999113622,-0.9107548303888766,0.038047228346913604,1.7774468346728165,3.1592280107337762,-0.9553708716460076,-0.7972675999113622,1.212190746667757,0.0,0.02293512209091142,16,True
brain_nucleus_accumbens_basal_ganglia,raw,ENSG00000257527.1,ENSG00000257527,0.41025635561870655,322.4280726468054,-0.9976091309968702,0.00033522812160961167,17.43589743589755,845.1728602222163,0.0,10.086264105316532,0.0,-1.0,-0.7972675999113622,-0.9949897448639369,0.022360272038875615,5.18643222565034,30.792953461659344,-1.0,-0.7972675999113622,321.0787245148701,0.0,0.0,285,True
brain_putamen_basal_ganglia,excluded_at_or_below_-1,ENSG00000257527.1,ENSG00000257527,,,,,,,,,,-0.9505518458133662,-0.8027057622722353,,,,,,,,,,8,False
brain_putamen_basal_ganglia,raw,ENSG00000257527.1,ENSG00000257527,0.2051281166874639,325.0542824159097,-0.9980946464582242,0.0010608153380968486,8.358974364226878,260.4804059946052,0.0,2.540099792230805,0.03989163182585923,-1.0,-0.8027057622722353,-0.9968001100414876,0.019777529892058783,7.159452238225958,55.55318162781032,-1.0,-0.8027057622722353,323.606224353445,0.0,12.909180358464022,254,True
brain_spinal_cord_cervical_c-1,excluded_at_or_below_-1,ENSG00000257527.1,ENSG00000257527,,,,,,,,,,,,,,,,,,,,,0,False
brain_spinal_cord_cervical_c-1,raw,ENSG00000257527.1,ENSG00000257527,0.0,204.0,-0.9875,1.0001e-06,0.0,-17675.90193946968,0.0,,,-1.0,-1.0,-1.0,0.0,,,,-1.0,1.6660456754622802e-187,0.0,,204,True
brain_substantia_nigra,excluded_at_or_below_-1,ENSG00000257527.1,ENSG00000257527,,,,,,,,,,-0.9401726700530512,-0.9081580187507512,,,,,,,,,,4,False
brain_substantia_nigra,raw,ENSG00000257527.1,ENSG00000257527,0.10256409088706349,200.6546768642479,-0.9990049072835484,0.00045141646871109533,3.5897436162093928,284.6083622720094,0.0,3.11746184059908,0.007973932099114421,-1.0,-0.9081580187507512,-0.998375278241475,0.011051933936840258,6.824918168876492,45.849724027197716,-1.0,-0.9081580187507512,195.1715248526711,0.0,1.556284486855804,183,True
breast_mammary_tissue,excluded_at_or_below_-1,ENSG00000257527.1,ENSG00000257527,0.052991471530991076,0.504551948596399,-0.9053334532195657,0.052043922254772,8.51666068204901,3.8370309702890686,0.0,1.1638640664181685,0.5076820400687749,-0.9481643612234092,-0.7641283715968272,-0.8894273242449092,0.04982908391464222,1.378697472753177,1.7734047071754198,-0.9481643612234092,-0.7641283715968272,0.5042285056674881,0.0,0.2559877564181003,11,True
breast_mammary_tissue,raw,ENSG00000257527.1,ENSG00000257527,0.2820512820512854,563.4413789978657,-0.9973878830596408,0.0009958207267939919,9.897435923081513,331.26320409624924,0.0,3.709594612931859,0.001049391564132266,-1.0,-0.7641283715968272,-0.9976336586900663,0.017462891834827056,8.653008195695215,85.70871092155673,-1.0,-0.7641283715968272,551.7317385413238,0.0,0.578982632089292,514,True
cells_cultured_fibroblasts,excluded_at_or_below_-1,ENSG00000257527.1,ENSG00000257527,0.33290608467817817,74.52464195403167,-0.9713740991357928,0.023839963826832233,11.753179881736656,9.952284000974213,0.0,-2.7943358241374114,1.0,-0.9242688621759152,-0.8036044659698846,-0.8778389107058836,0.03477103098638304,0.5025414731254509,-0.4996212273139129,-0.9242688621759152,-0.8036044659698846,1.50226427432399,0.0,1.5022642743239734,16,True
cells_cultured_fibroblasts,raw,ENSG00000257527.1,ENSG00000257527,0.4102560344582446,837.5559186828951,-0.9981038395989328,0.0010637524506673585,21.435897438745435,258.5786306642182,0.0,2.520864467989606,0.04188134788592717,-1.0,-0.8036044659698846,-0.9970021818578131,0.019637623732022373,6.870690024533015,48.40433520038579,-1.0,-0.8036044659698846,833.8252984043445,0.0,34.92172739855937,652,True
cells_ebv-transformed_lymphocytes,excluded_at_or_below_-1,ENSG00000257527.1,ENSG00000257527,,,,,,,,,,-0.9523652951892716,-0.7561530301054812,,,,,,,,,,6,False
cells_ebv-transformed_lymphocytes,raw,ENSG00000257527.1,ENSG00000257527,-0.1805804080298095,299.34584460067947,-0.997109795185272,0.0035352166632223463,681.2613043313689,96.39135520785355,0.0,1.156185670187128,0.5126043763004623,-1.0,-0.7561530301054812,-0.9979492802892049,0.017472050043777547,10.611365457250699,126.76652381613883,-1.0,-0.7561530301054812,299.3064160633466,0.0,153.42577872887847,327,True
cervix_ectocervix,excluded_at_or_below_-1,ENSG00000257527.1,ENSG00000257527,,,,,,,,,,,,,,,,,,,,,0,False
cervix_ectocervix,raw,ENSG00000257527.1,ENSG00000257527,0.0,24.0,-0.9875,1.0001e-06,0.0,-17675.90193946968,0.0,,,-1.0,-1.0,-1.0,0.0,,,,-1.0,1.9600537358379766e-188,0.0,,24,True
cervix_endocervix,excluded_at_or_below_-1,ENSG00000257527.1,ENSG00000257527,,,,,,,,,,-0.9180332501557094,-0.7909222518760837,,,,,,,,,,3,False
cervix_endocervix,raw,ENSG00000257527.1,ENSG00000257527,0.07692306534728752,23.050084265289716,-0.997896473498532,0.001335545380184711,2.7692308036108937,219.16570984626438,0.0,2.2274313934400265,0.08368652988866924,-1.0,-0.7909222518760837,-0.9817514490350396,0.05193061812616485,2.7985344157264755,6.758669289653447,-1.0,-0.7909222518760837,23.04897653773942,0.0,1.9288888639287665,23,True
colon_sigmoid,excluded_at_or_below_-1,ENSG00000257527.1,ENSG00000257527,0.2803815138984469,0.8828218060243072,-0.8989902627443546,0.004192519918505283,7.5552220838767745,19.013438775806605,0.0,12.773287761373492,0.0,-0.9368574313171794,-0.8426237966689714,-0.8866708770230883,0.026474881085570244,-0.15000339504099364,-0.5656851851813047,-0.9368574313171794,-0.8426237966689714,0.8827130688905596,0.0,0.0,14,True
colon_sigmoid,raw,ENSG00000257527.1,ENSG00000257527,0.35897411721932054,420.6218888662558,-0.998202724996698,0.0008634110523682094,10.974359020757307,254.82860088141715,0.0,2.943824587387678,0.013158298335042718,-1.0,-0.8426237966689714,-0.9962133467263086,0.02091866680600009,5.583872870234359,30.451835116206638,-1.0,-0.8426237966689714,419.6350355593685,0.0,5.52168298972643,419,True
colon_transverse,excluded_at_or_below_-1,ENSG00000257527.1,ENSG00000257527,,,,,,,,,,-0.9711041568002308,-0.8262009579934837,,,,,,,,,,10,False
colon_transverse,raw,ENSG00000257527.1,ENSG00000257527,0.25892788103056236,467.72552661189496,-0.9978425990118037,0.001790836934870172,18.735331032132926,135.54441047625576,0.0,1.7036870736674643,0.2354407029084827,-1.0,-0.8262009579934837,-0.9977727036526265,0.01606286162026724,7.562583244584466,58.824115880801735,-1.0,-0.8262009579934837,465.40267999680714,0.0,109.57473411393892,479,True
esophagus_gastroesophageal_junction,excluded_at_or_below_-1,ENSG00000257527.1,ENSG00000257527,,,,,,,,,,-0.9574677209271012,-0.6326143956374937,,,,,,,,,,8,False
esophagus_gastroesophageal_junction,raw,ENSG00000257527.1,ENSG00000257527,0.21052638111828262,371.71834290377296,-0.9954081769696221,0.0034526601459789336,538.868102867049,148.60074962838397,0.0,1.88081598854744,0.17182825726946885,-1.0,-0.6326143956374937,-0.9970751290296415,0.02509478057193541,10.890167052467053,133.77450830813285,-1.0,-0.6326143956374937,368.9502601560464,0.0,63.39608022173024,403,True
esophagus_mucosa,excluded_at_or_below_-1,ENSG00000257527.1,ENSG00000257527,0.2307770652952081,1.768381458632378,-0.8775745225782251,7.336698849552453e-05,8.923077635257087,226.98788112042521,0.0,1423.825291402693,0.0,-0.9514401511885802,-0.8657987783017802,-0.9037392863494493,0.030312255130825486,-0.1530800902915328,-1.4945782698967944,-0.9514401511885802,-0.8657987783017802,1.0724689823272477,0.0,0.0,11,True
esophagus_mucosa,raw,ENSG00000257527.1,ENSG00000257527,0.2820512820032367,805.6060043652402,-0.9986910608700261,0.0006842569922164593,11.897435902709713,274.6600626381006,0.0,2.705298580777414,0.025818686568648077,-1.0,-0.8657987783017802,-0.9982754595274331,0.013352397892200456,8.13105038011899,67.29589610882171,-1.0,-0.8657987783017802,803.4631744467936,0.0,20.744363870493114,614,True
esophagus_muscularis,excluded_at_or_below_-1,ENSG00000257527.1,ENSG00000257527,0.3264038638232906,3.9218465588069478,-0.9022683707018002,0.010237543460508968,21.393165683988798,20.064833232548875,0.0,10.314427953822147,0.0,-0.9769348901420122,-0.757018312498857,-0.880271924320202,0.04142876163169603,0.8487803014159191,2.0437742195356075,-0.9769348901420122,-0.757018312498857,3.921142291582091,0.0,0.0,26,True
esophagus_muscularis,raw,ENSG00000257527.1,ENSG00000257527,0.6666644962286038,632.5581121065084,-0.9974584580039577,0.0012067539093042568,68.66666682023569,281.7755236511455,0.0,2.978472356651709,0.011942064575420002,-1.0,-0.757018312498857,-0.9944511052269612,0.026670621584285424,5.161611097830126,28.14352374408448,-1.0,-0.757018312498857,627.5426124652334,0.0,7.494154401887458,561,True
fallopian_tube,excluded_at_or_below_-1,ENSG00000257527.1,ENSG00000257527,,,,,,,,,,,,,,,,,,,,,0,False
fallopian_tube,raw,ENSG00000257527.1,ENSG00000257527,0.0,29.0,-0.9875,1.0001e-06,0.0,-17675.90193946968,0.0,,,-1.0,-1.0,-1.0,0.0,,,,-1.0,2.368398264137555e-188,0.0,,29,True
heart_atrial_appendage,excluded_at_or_below_-1,ENSG00000257527.1,ENSG00000257527,0.05795207339373574,1.1623702466314196,-0.9367652548812221,0.023283719022684963,6.68058786129726,7.780529691200035,0.0,1.933965880195344,0.15410765723744807,-0.9686062153641396,-0.8086660257424718,-0.9265165483223987,0.03791569695126001,2.235494929990522,4.915301045274892,-0.9686062153641396,-0.8086660257424718,1.1623607558652773,0.0,0.17912869295114722,14,True
heart_atrial_appendage,raw,ENSG00000257527.1,ENSG00000257527,0.3589743589743838,499.33547540900884,-0.9978935845071039,0.0008541942846068957,16.974359009481095,313.2872518607977,0.0,3.487404928514151,0.0023390789205691444,-1.0,-0.8086660257424718,-0.9977683984306152,0.014141401394182119,8.14227652182997,82.12879235702295,-1.0,-0.8086660257424718,487.98255065031674,0.0,1.1414296978316698,461,True
heart_left_ventricle,excluded_at_or_below_-1,ENSG00000257527.1,ENSG00000257527,0.2266791508944937,7148.276661531626,-1.2078936625054548,0.08353479169146329,9.550769431646989,5.417255914255951,0.0,-4.233903948240869,1.0,-0.957805349277514,-0.8879070944390591,-0.9319804888674859,0.022823401548547183,0.7777226181793475,-0.5787757366962589,-0.957805349277514,-0.8879070944390591,0.91241375037002,0.0,0.912413750370002,16,True
heart_left_ventricle,raw,ENSG00000257527.1,ENSG00000257527,0.4102699330118922,499.39447816131286,-0.9986252290903168,7.137876265937719e-05,17.43589744302917,2193.6368996988913,0.0,27.23806904454016,0.0,-1.0,-0.8879070944390591,-0.9975922296944244,0.013253428744612137,5.897794044286206,36.09657664919078,-1.0,-0.8879070944390591,218.8290712808794,0.0,0.0,452,True
kidney_cortex,excluded_at_or_below_-1,ENSG00000257527.1,ENSG00000257527,,,,,,,,,,,,,,,,,,,,,0,False
kidney_cortex,raw,ENSG00000257527.1,ENSG00000257527,0.0,104.0,-0.9875,1.0001e-06,0.0,-17675.90193946968,0.0,,,-1.0,-1.0,-1.0,0.0,,,,-1.0,8.493566188631232e-188,0.0,,104,True
kidney_medulla,excluded_at_or_below_-1,ENSG00000257527.1,ENSG00000257527,,,,,,,,,,,,,,,,,,,,,0,False
kidney_medulla,raw,ENSG00000257527.1,ENSG00000257527,0.0,11.0,-0.9875,1.0001e-06,0.0,-17675.90193946968,0.0,,,-1.0,-1.0,-1.0,0.0,,,,-1.0,8.983579622590726e-189,0.0,,11,True
liver,excluded_at_or_below_-1,ENSG00000257527.1,ENSG00000257527,,,,,,,,,,-0.930099897367244,-0.8956096595080284,,,,,,,,,,3,False
liver,raw,ENSG00000257527.1,ENSG00000257527,0.07692307692307693,366.5466744762514,-0.998854898405652,0.0002710063056877579,4.76923076923077,538.7727666665331,0.0,5.97557389269076,1.902479814157493e-08,-1.0,-0.8956096595080284,-0.9989444317685704,0.009971275462358582,9.549312169786527,90.92921470199914,-1.0,-0.8956096595080284,339.6469633430319,0.0,6.461714916999872e-06,262,True
lung,excluded_at_or_below_-1,ENSG00000257527.1,ENSG00000257527,0.14601411175981094,1.1722925759402072,-0.9153500159141775,0.04719959295463707,12.142704265578303,5.164557047741974,0.0,0.4607663487219446,0.8992872120099125,-0.9307281629532828,-0.7429821381550519,-0.8791583213588853,0.04739065348803925,1.494587564354985,1.7708611732370327,-0.9307281629532828,-0.7429821381550519,1.1722904733682995,0.0,1.0542258314611583,20,True
lung,raw,ENSG00000257527.1,ENSG00000257527,0.5152429556809613,594.6162223517449,-0.9967882442455261,7.038059402886032e-06,27.743818604537765,50999.29069923277,,645.3637696130236,,-1.0,-0.7429821381550519,-0.9959986199125459,0.023217736505389247,6.599705165019522,48.64127347697035,-1.0,-0.7429821381550519,0.0,0.0,0.0,604,True
minor_salivary_gland,excluded_at_or_below_-1,ENSG00000257527.1,ENSG00000257527,,,,,,,,,,-0.9333073293989708,-0.8707380877768551,,,,,,,,,,4,False
minor_salivary_gland,raw,ENSG00000257527.1,ENSG00000257527,0.10256410256409713,197.38134272786624,-0.9985776127483217,0.0005842323680895039,3.589743589743638,309.4528819298227,0.0,3.443080959119448,0.0027268195766901385,-1.0,-0.8707380877768551,-0.997772329921718,0.015228855248501259,6.946838470561791,47.86614957318952,-1.0,-0.8707380877768551,192.9350687762211,0.0,0.526099122569088,181,True
muscle_skeletal,excluded_at_or_below_-1,ENSG00000257527.1,ENSG00000257527,0.056593687274962105,486569067456.2015,-2.8033293065824108,0.3580267017677475,10.730711098185843,7.7363272241400285,0.0,-7.336688858413156,1.0,-0.9459503478725918,-0.8447766568630459,-0.9141715556435734,0.027542268229659196,1.0284657931270687,0.7316731990497534,-0.9459503478725918,-0.8447766568630459,0.9480882253360333,0.0,0.9480882253360333,15,True
muscle_skeletal,raw,ENSG00000257527.1,ENSG00000257527,0.3846195055429444,890.9393037890444,-0.9981422009469246,0.00025530777410976937,15.23076923143153,849.530074829988,0.0,10.290813220180992,0.0,-1.0,-0.8447766568630459,-0.9984261287709701,0.012073401360220885,8.31163269814149,73.95353641636964,-1.0,-0.8447766568630459,865.0565056277484,0.0,0.0,818,True
nerve_tibial,excluded_at_or_below_-1,ENSG00000257527.1,ENSG00000257527,,,,,,,,,,-0.90305677279546,-0.7578902132101221,,,,,,,,,,6,False
nerve_tibial,raw,ENSG00000257527.1,ENSG00000257527,0.15789473684181646,729.412829723431,-0.9971772495274067,0.0006634515064363916,11.077562327086353,510.0643660870362,0.0,6.0169763167454775,1.3754446861607162e-08,-1.0,-0.7578902132101221,-0.9987997585410058,0.013457513744266101,12.866698497279653,186.68891029398483,-1.0,-0.7578902132101221,729.3411019636065,0.0,1.0031683430944405e-05,670,True
ovary,excluded_at_or_below_-1,ENSG00000257527.1,ENSG00000257527,,,,,,,,,,,,,,,,,,,,,0,False
ovary,raw,ENSG00000257527.1,ENSG00000257527,0.0,193.0,-0.9875,1.0001e-06,0.0,-17675.90193946968,0.0,,,-1.0,-1.0,-1.0,0.0,,,,-1.0,1.576209879236373e-187,0.0,,193,True
pancreas,excluded_at_or_below_-1,ENSG00000257527.1,ENSG00000257527,0.10235323508011271,1.487637104521397,-0.9303369049925404,0.024480179805178047,20.467843494762278,6.74168629744015,0.0,1.5556071212042992,0.2982127962027601,-0.957264621602325,-0.8136376332966153,-0.9190616363200416,0.03134437525468333,1.9463213671874353,4.212242393324571,-0.957264621602325,-0.8136376332966153,1.4876240250806367,0.0,0.4436285202177016,21,True
pancreas,raw,ENSG00000257527.1,ENSG00000257527,0.5384615371577678,403.30408510574586,-0.998043805657946,0.0009071020926803373,35.692307721471266,287.4976389571695,0.0,3.0497962594219787,0.009648985670146899,-1.0,-0.8136376332966153,-0.9953046805600024,0.020332426328112496,4.929067354012569,27.62873386896427,-1.0,-0.8136376332966153,399.40051087702125,0.0,3.853809806101725,362,True
pituitary,excluded_at_or_below_-1,ENSG00000257527.1,ENSG00000257527,0.21079716828560213,0.5698304616038187,-0.9039549295032994,0.03943605172779681,12.106743195094387,4.414454966433444,0.0,2.147935553688564,0.09952524115603348,-0.9638511855263971,-0.7808556473028285,-0.885151044380304,0.049774824503524946,0.6708878999645,-0.23966510447728195,-0.9638511855263971,-0.7808556473028285,0.569796916192572,0.0,0.05670917549402993,17,True
pituitary,raw,ENSG00000257527.1,ENSG00000257527,0.43589743592592073,313.1602343847074,-0.9975041115911432,0.001012218987416874,13.589743594426974,302.6886476865254,0.0,3.487110281326622,0.002297721438038901,-1.0,-0.7808556473028285,-0.9937621972986107,0.02840280590893086,5.031104981564617,26.569365715134786,-1.0,-0.7808556473028285,311.86900991323455,0.0,0.7165881099376052,313,True
prostate,excluded_at_or_below_-1,ENSG00000257527.1,ENSG00000257527,0.027572805513043752,0.7602094328854531,-0.9157044449446363,0.05250362274700155,6.360322061510915,4.929831826160112,0.0,0.2717111229309984,0.9637623878778335,-0.925791901799876,-0.732681146842092,-0.8791688619690653,0.055066173262593034,2.0597623865319203,3.3002009284961265,-0.925791901799876,-0.732681146842092,0.7602030128188632,0.0,0.7326550709062309,10,True
prostate,raw,ENSG00000257527.1,ENSG00000257527,0.2564102564102564,275.94835935758493,-0.9967323292629425,0.0005956923279575647,11.435897435897438,626.8752270497946,0.0,7.757669617068195,9.058472369143317e-14,-1.0,-0.732681146842092,-0.9957152078712435,0.02445962807956306,6.891449540410794,55.94328083836828,-1.0,-0.732681146842092,260.33911575155287,0.0,2.358274686642403e-11,282,True
skin_not_sun_exposed_suprapubic,excluded_at_or_below_-1,ENSG00000257527.1,ENSG00000257527,0.2611057921303511,310.90848519509746,-0.9564950535597693,0.016683855602020646,13.428900249141371,20.252803695203283,0.0,-2.858080507836806,1.0,-0.9227775134651288,-0.717567312109006,-0.8602527114493385,0.06962776260797465,0.9135722675943753,-0.6764130692766321,-0.9227775134651288,-0.717567312109006,5.234056058047936,0.0,5.234056058047964,14,True
skin_not_sun_exposed_suprapubic,raw,ENSG00000257527.1,ENSG00000257527,0.3589743589743584,701.0381412075405,-0.9968520150926912,0.0012319836108536466,16.974358980771044,320.59534821992804,0.0,3.613621894675509,0.0014828398359120437,-1.0,-0.717567312109006,-0.9969946819666523,0.022550961220771146,8.79305918387263,84.80669691908615,-1.0,-0.717567312109006,690.3694700654053,0.0,1.023707351710469,651,True
skin_sun_exposed_lower_leg,excluded_at_or_below_-1,ENSG00000257527.1,ENSG00000257527,0.4392130617480366,1.2987540184908732,-0.8823882071467891,0.005079403986315476,16.32230171370533,16.83307299227672,0.0,12.54987153986665,0.0,-0.927463342347994,-0.8219291786564706,-0.8752458271344655,0.02955987004206535,0.059846655479924744,-0.5421361714117006,-0.927463342347994,-0.8219291786564706,1.2987147044299638,0.0,0.0,22,True
skin_sun_exposed_lower_leg,raw,ENSG00000257527.1,ENSG00000257527,0.5641025641025802,798.1512129123832,-0.9979961264944176,0.0007514437627532572,29.589743679971768,331.3571525376023,0.0,3.771280339717848,0.0008244831983437242,-1.0,-0.8219291786564706,-0.9963599578208995,0.021582737266182293,6.047119415316622,36.23350741746452,-1.0,-0.8219291786564706,789.7955884318376,0.0,0.6511731927880441,754,True
small_intestine_terminal_ileum,excluded_at_or_below_-1,ENSG00000257527.1,ENSG00000257527,,,,,,,,,,-0.9408676512202552,-0.8674705350944398,,,,,,,,,,6,False
small_intestine_terminal_ileum,raw,ENSG00000257527.1,ENSG00000257527,0.1538667342860541,231.9696975314742,-0.9983901868044281,0.0001233133516942405,5.076923093441702,1501.4460679692565,0.0,18.462069376807978,0.0,-1.0,-0.8674705350944398,-0.9975494251938969,0.014923591392794056,6.513681294256752,44.14607318606139,-1.0,-0.8674705350944398,181.53772103346012,0.0,0.0,207,True
spleen,excluded_at_or_below_-1,ENSG00000257527.1,ENSG00000257527,,,,,,,,,,-0.9443239902359754,-0.8483255899237219,,,,,,,,,,8,False
spleen,raw,ENSG00000257527.1,ENSG00000257527,0.20512456008116192,300.3196320017263,-0.998375071226621,0.0008137810875371445,8.358974364908986,260.76055924059824,0.0,2.82385071906475,0.018869454633837414,-1.0,-0.8483255899237219,-0.9969911986783642,0.01798308479212881,6.096789817677053,36.956111958542685,-1.0,-0.8483255899237219,295.29998175024247,0.0,5.572149609009205,277,True
stomach,excluded_at_or_below_-1,ENSG00000257527.1,ENSG00000257527,,,,,,,,,,-0.9229457261272132,-0.8954955947004074,,,,,,,,,,4,False
stomach,raw,ENSG00000257527.1,ENSG00000257527,0.10256430530104271,417.2214945225851,-0.9987665727589431,0.0003899093464728438,5.589743589754531,374.567111794247,0.0,4.473679711149556,4.5131492906004565e-05,-1.0,-0.8954955947004074,-0.9990931514277571,0.009191755808253774,10.189332818003928,103.40105128675664,-1.0,-0.8954955947004074,416.81497916106,0.0,0.01881148227512415,407,True
testis,excluded_at_or_below_-1,ENSG00000257527.1,ENSG00000257527,0.1066253760551731,16.37669393028462,-1.1039149854194217,0.11209211692278054,11.935638079325646,3.9881109524854663,0.0,-2.199843665703173,1.0,-0.929552965461092,-0.7878129403811304,-0.8897787019855529,0.04135993469586124,1.4503828834368846,1.2610309138945617,-0.929552965461092,-0.7878129403811304,1.4509820982303643,0.0,1.4509820982303612,17,True
testis,raw,ENSG00000257527.1,ENSG00000257527,0.4358949585546855,466.7602189430719,-0.9978025364628519,0.0011267489823956886,19.58974359414596,263.56370351859755,0.0,2.758096777196784,0.022382857964614998,-1.0,-0.7878129403811304,-0.9954740046709043,0.023362505707478064,5.762004282785578,36.2513238401224,-1.0,-0.7878129403811304,464.855517542065,0.0,10.40479502321176,414,True
thyroid,excluded_at_or_below_-1,ENSG00000257527.1,ENSG00000257527,0.12271560198612463,0.7475791732495469,-0.8943193620362323,0.02043794043584363,16.807974825681967,3.441398950750747,0.0,3.311522349408299,0.0014795672343349974,-0.9421768415074384,-0.8445849310826824,-0.8970803205674059,0.02251740464312,0.18766078615211607,0.5990327385357186,-0.9421768415074384,-0.8445849310826824,0.7455717936777262,0.0,0.0011031235967699365,16,True
thyroid,raw,ENSG00000257527.1,ENSG00000257527,0.41025641025641024,848.5493061990995,-0.9980611507206447,7.838872280012327e-06,17.435897435897438,27688.69597061696,,349.7884451125503,,-1.0,-0.8445849310826824,-0.9975925221185358,0.015920760946283,6.739632244113463,45.374031795365994,-1.0,-0.8445849310826824,0.0,0.0,0.0,684,True
uterus,excluded_at_or_below_-1,ENSG00000257527.1,ENSG00000257527,,,,,,,,,,-0.8667968642467587,-0.8667968642467587,,,,,,,,,,1,False
uterus,raw,ENSG00000257527.1,ENSG00000257527,0.025651354106506423,168.620326665376,-0.9984044186470299,0.0002154440126890643,0.9743589785193851,863.8958494160357,0.0,10.473685302627098,0.0,-1.0,-0.8667968642467587,-0.9991293912695867,0.010768835262237297,12.247717295372562,148.0065789473683,-1.0,-0.8667968642467587,163.1979918051955,0.0,0.0,153,True
vagina,excluded_at_or_below_-1,ENSG00000257527.1,ENSG00000257527,,,,,,,,,,-0.9086318969352194,-0.8306637382454353,,,,,,,,,,4,False
vagina,raw,ENSG00000257527.1,ENSG00000257527,0.10256410111281564,188.14620510249935,-0.9981867366881636,0.0008553550575443548,3.5897435913587965,276.97655414263807,0.0,2.997984924663616,0.011387682359169636,-1.0,-0.8306637382454353,-0.9969270386758992,0.020448551954910955,6.827915940205043,46.603316955011124,-1.0,-0.8306637382454353,184.65432165396413,0.0,2.102784761243278,170,True
whole_blood,excluded_at_or_below_-1,ENSG00000257527.1,ENSG00000257527,,,,,,,,,,-0.9236680326340538,-0.8595393610293567,,,,,,,,,,7,False
whole_blood,raw,ENSG00000257527.1,ENSG00000257527,0.1794929045663867,882.4012029829287,-0.9984775971450237,0.0007261454155381631,9.74358974578979,270.5908949398925,0.0,2.9649746715094167,0.01264796631195317,-1.0,-0.8595393610293567,-0.9990391295877562,0.010498324470475441,11.300292010135186,130.3900470156682,-1.0,-0.8595393610293567,860.3749412948705,0.0,10.881993273145632,803,True
adipose_subcutaneous,excluded_at_or_below_-1,ENSG00000257531.2,ENSG00000257531,2.1694105044230496,40.04789290805141,-0.7710153982127704,0.2183070529341101,3095.187307586437,9.08107119229136,0.0,1.1014312439669223,0.5452181900002491,-0.9410393714495188,0.6307968472781709,-0.6449859394061088,0.23677565763503933,1.7712239471609867,3.822390166640705,-0.9410393714495188,0.6307968472781709,40.04764554176937,0.0,21.83470481605504,428,True
adipose_subcutaneous,raw,ENSG00000257531.2,ENSG00000257531,10.974359028157417,769.8601314949996,-0.9785107477715317,0.0010884372727747197,10208.97435897436,2090.9837285776007,0.0,27.92112389654166,0.0,-1.0,0.6307968472781709,-0.7871904510725695,0.2527442296407542,1.6268818156694984,3.3691402607828156,-1.0,0.6307968472781709,716.7497147392287,0.0,0.0,714,True
adipose_visceral_omentum,excluded_at_or_below_-1,ENSG00000257531.2,ENSG00000257531,1.4152011822836268,40.476906165718354,-0.7768806299552705,0.6629956343673561,738.7075533045993,5.595072829812109,0.0,0.33683766576810875,0.9448493268004431,-0.9347930611725228,1.8461382399162387,-0.4042535178262938,0.44722167053022743,1.683235318302455,3.8439280776273685,-0.9347930611725228,1.8461382399162387,40.47689934908385,0.0,38.24457110095117,489,True
adipose_visceral_omentum,raw,ENSG00000257531.2,ENSG00000257531,-0.5977484353259652,2781774728618.35,-28.84852425080695,5.649353287615031,2224.259639025701,7.683854377103616,0.0,-6.971375072949941,1.0,-1.0,1.8461382399162387,-0.5037137482403027,0.46476219085302084,1.5485859174376047,3.38644876639208,-1.0,1.8461382399162387,77.3744971053156,0.0,77.3744971053156,587,True
adrenal_gland,excluded_at_or_below_-1,ENSG00000257531.2,ENSG00000257531,0.9041192806943672,13.738344540102911,-0.9352726408009663,0.3713218227170629,88.04211794515383,5.357862195140832,0.0,-0.009037789719061851,1.0,-0.9328996409648,0.471510046835057,-0.6222629349751776,0.2950734840041401,1.5862775742681916,2.198238863121408,-0.9328996409648,0.471510046835057,13.737775442919908,0.0,13.737775442919908,164,True
adrenal_gland,raw,ENSG00000257531.2,ENSG00000257531,4.205128205128205,216.69380509957728,-0.9843762479298118,0.0037840014126060725,956.3589743589744,544.1155852824025,0.0,5.83914213118595,4.168169278773334e-08,-1.0,0.471510046835057,-0.7900038011387428,0.2891666504058173,1.877687366818473,3.642600679020693,-1.0,0.471510046835057,205.18227552364107,0.0,8.552344573864445e-06,295,True
artery_aorta,excluded_at_or_below_-1,ENSG00000257531.2,ENSG00000257531,3.6538121410895767,28.88423116952223,-0.7837344751486354,0.08627697789945445,667.4155756866503,26.440896508573093,0.0,2.0922760734630117,0.11205080176928475,-0.9113780371625756,0.8293462535384302,-0.5383830030883952,0.3041417653001905,1.3601694425983053,2.1853146208312273,-0.9113780371625756,0.8293462535384302,28.884038786971605,0.0,3.236479704415287,246,True
artery_aorta,raw,ENSG00000257531.2,ENSG00000257531,6.3076923076923075,317.85995155485637,-0.9800597563841924,0.00481529250441734,2574.3076923076924,531.4083239438827,0.0,5.856292828032695,3.903013984671926e-08,-1.0,0.8293462535384302,-0.759411480423189,0.3184441534963878,1.5725623464572656,2.6040874134649643,-1.0,0.8293462535384302,290.7488135548764,0.0,1.1347966853314517e-05,472,True
artery_coronary,excluded_at_or_below_-1,ENSG00000257531.2,ENSG00000257531,1.5790794866069229,14.042096785393888,-0.7464478912756713,0.22849263442057036,259.161184259758,10.770752821822487,0.0,1.3362824417035002,0.4094982001833876,-0.9623492965220122,0.993768545923045,-0.5045804972955356,0.39249546131213003,1.5995088147592662,2.38648854424786,-0.9623492965220122,0.993768545923045,14.04206011945865,0.0,5.750198345785242,169,True
artery_coronary,raw,ENSG00000257531.2,ENSG00000257531,4.3076923074415365,398.46703594200363,-0.9895654717800776,0.01213003119500932,1224.3076923092972,231.23253530507685,0.0,1.2165386129963496,0.4777762828264796,-1.0,0.993768545923045,-0.6875899404587519,0.3928360392112338,1.759497563015452,3.2419228703050145,-1.0,0.993768545923045,397.9213447972888,0.0,190.11738097456254,268,True
artery_tibial,excluded_at_or_below_-1,ENSG00000257531.2,ENSG00000257531,2.2700803975934,31.03586734300303,-0.7949348641167946,0.07374864341206006,638.6701285755765,21.587444609688394,0.0,2.09196467144316,0.11212365589321684,-0.9040269847764232,0.3308107778822864,-0.6788855406230128,0.1971236387788792,2.040249985167054,4.991385650988127,-0.9040269847764232,0.3308107778822864,31.035707600759512,0.0,3.479836999430054,220,True
artery_tibial,raw,ENSG00000257531.2,ENSG00000257531,5.760313002762479,451.0239757073598,-0.9833739721222177,0.012518708057938034,3356.201921097365,148.46083863596277,0.0,1.8782093171542473,0.1726523633253046,-1.0,0.3308107778822864,-0.8977638479552285,0.18639423816925885,2.4201371857371767,7.36791452364028,-1.0,0.3308107778822864,447.7166463507224,0.0,77.29933709253172,691,True
bladder,excluded_at_or_below_-1,ENSG00000257531.2,ENSG00000257531,0.4133186650108214,2.533944267820621,-0.8410786777401381,0.5430156282727461,78.93993386050205,3.697080740726499,0.0,0.24565459663827413,0.9702477168137539,-0.9354026813282388,0.5784895364353071,-0.4702914200901431,0.3709225980835694,1.0154454415792422,0.4129465857286809,-0.9354026813282388,0.5784895364353071,2.531211262157938,0.0,2.4559019478819994,55,True
bladder,raw,ENSG00000257531.2,ENSG00000257531,1.3947568889967856,20.604164853538713,-0.9802382409957058,0.020993725550858856,91.07899095081765,105.00156142130896,0.0,1.3312238236380234,0.4138907897654131,-1.0,0.5784895364353071,-0.6216367286358165,0.39468179970081513,1.108342846432009,0.6284500567548079,-1.0,0.5784895364353071,20.523445820890657,0.0,8.494465199516103,77,True
brain_amygdala,excluded_at_or_below_-1,ENSG00000257531.2,ENSG00000257531,0.5525624396048401,7.354881814110542,-0.8987569851761763,0.08922493281423219,35.94778515512168,10.353612463031656,0.0,0.5456137178176694,0.8617008318186337,-0.9331806030865536,-0.2455314745620437,-0.7973354557398712,0.14880362035024206,1.7971545947163896,2.822666234201453,-0.9331806030865536,-0.2455314745620437,7.354881570507294,0.0,6.337707567233673,70,True
brain_amygdala,raw,ENSG00000257531.2,ENSG00000257531,1.7948717948792514,132.46869467017382,-0.9922299259957377,0.003779209751516106,246.35897435905997,279.42113469539123,0.0,2.907630102579595,0.014640172197890974,-1.0,-0.2455314745620437,-0.921621446971221,0.1352162705237177,2.380199987605365,6.330544150691969,-1.0,-0.2455314745620437,132.04938118625626,0.0,1.9332256791917302,181,True
brain_anterior_cingulate_cortex_ba24,excluded_at_or_below_-1,ENSG00000257531.2,ENSG00000257531,0.9481034792087268,4.551429556441752,-0.8821634768514471,0.047149376526483155,63.04133366047126,9.381417516449126,0.0,2.0838485906060225,0.11403961557544783,-0.9516382467424912,-0.5693903578516802,-0.8306376330378314,0.08291084411393133,1.197709699726059,1.212295005908687,-0.9516382467424912,-0.5693903578516802,4.551415499921248,0.0,0.5190416739351538,77,True
brain_anterior_cingulate_cortex_ba24,raw,ENSG00000257531.2,ENSG00000257531,1.8193270745931358,149.89412981497347,-0.9946231849426476,0.004187407821042538,187.05872947014484,143.61391508519853,0.0,1.815912158894186,0.1935935927095615,-1.0,-0.5693903578516802,-0.9440304624202277,0.0928751622722165,1.6940433509267037,2.4035832312691214,-1.0,-0.5693903578516802,148.88213601450659,0.0,28.82262760132192,233,True
brain_caudate_basal_ganglia,excluded_at_or_below_-1,ENSG00000257531.2,ENSG00000257531,1.033717388489292,14.585429814152484,-0.8790347163774388,0.0739545950719596,220.8034494033055,13.618402785632139,0.0,1.2986959762803052,0.4302887900101863,-0.9469484584053596,-0.1668767436818207,-0.8104858378909121,0.12066503260098316,2.103594134759513,6.482698748765177,-0.9469484584053596,-0.1668767436818207,14.585328761420934,0.0,6.275903464652583,130,True
brain_caudate_basal_ganglia,raw,ENSG00000257531.2,ENSG00000257531,3.333333302872812,249.19434698489238,-0.9925799422980155,0.004720719155416846,1110.66666668116,247.36075659954332,0.0,2.2228702640987295,0.08536311587774871,-1.0,-0.1668767436818207,-0.9178771964193951,0.12300624416202693,2.0644121858178677,6.034125370690138,-1.0,-0.1668767436818207,246.7802257783147,0.0,21.065929009451363,300,True
brain_cerebellar_hemisphere,excluded_at_or_below_-1,ENSG00000257531.2,ENSG00000257531,0.8258004432921869,12.683186571658698,0.005646717594088437,1.069731755290107,285.4510416580114,3.6096115185966307,0.0,1.1970511971635844,0.4877170805326574,-0.8998202588116291,2.736009491957779,0.26218507279368986,0.7281019741725809,0.7349885622208168,0.23376697852505357,-0.8998202588116291,2.736009491957779,12.66438294516,0.0,6.176635876761012,267,True
brain_cerebellar_hemisphere,raw,ENSG00000257531.2,ENSG00000257531,0.8038693374545774,13.005575037214715,-0.025555153558962602,1.1117338842874713,340.16792302854003,3.512928975411133,0.0,1.2395710314296242,0.46269316226315493,-1.0,2.736009491957779,0.21661882467839416,0.7527033938447586,0.6521176460663652,0.15194867182300653,-1.0,2.736009491957779,12.978363967119613,0.0,6.005000264948758,277,True
brain_cerebellum,excluded_at_or_below_-1,ENSG00000257531.2,ENSG00000257531,0.4919203968957464,13.062181247831802,-0.2725748330921664,0.8290922030109374,178.7290451437591,3.5965419559536365,0.0,0.9288785337195353,0.6490490550066211,-0.8171361145996093,1.8359220536716705,-0.04280846584538215,0.5160653308811817,0.8471172480003012,0.6627203697395609,-0.8171361145996093,1.8359220536716705,13.041894533074784,0.0,8.464829322188207,258,True
brain_cerebellum,raw,ENSG00000257531.2,ENSG00000257531,0.7214179364953738,13.851258275705833,-0.20093287199957266,0.7288566664725757,233.7467601379269,3.952145864853799,0.0,1.5504441705030934,0.3003276133614874,-1.0,1.8359220536716705,-0.07159618115830298,0.5339578197598558,0.7296173328462526,0.5521262819504331,-1.0,1.8359220536716705,13.845609067989088,0.0,4.15821872692533,266,True
brain_cortex,excluded_at_or_below_-1,ENSG00000257531.2,ENSG00000257531,0.6879054316045321,5.209244077533378,-0.8617165389770339,0.08370281507273238,114.26751833046593,6.838047923555398,0.0,1.1920771733429005,0.49138691561431935,-0.9322718057680778,-0.4569941716965262,-0.8013939906021096,0.10636841106837687,1.420607946463732,1.627280919595246,-0.9322718057680778,-0.4569941716965262,5.209241224199632,0.0,2.559752977850418,85,True
brain_cortex,raw,ENSG00000257531.2,ENSG00000257531,,,,,,,,,,,,,,,,,,,,,270,False
brain_frontal_cortex_ba9,excluded_at_or_below_-1,ENSG00000257531.2,ENSG00000257531,0.6699412924920898,7.772854686405747,-0.8701143648567575,0.07400479565126289,81.14965552847806,10.936297468467266,0.0,1.2428198890407052,0.461950560211338,-0.9351502507843724,-0.2978256519856633,-0.8068383211599153,0.11317698626181177,1.8529125390645178,4.408389622266973,-0.9351502507843724,-0.2978256519856633,7.772829563481257,0.0,3.5906629712774167,84,True
brain_frontal_cortex_ba9,raw,ENSG00000257531.2,ENSG00000257531,2.2107850017589,173.16849654074008,-0.9912306195258469,0.007055134446372206,441.44940000285044,138.9941916438525,0.0,1.757837060998087,0.21467879396565312,-1.0,-0.2978256519856633,-0.9396818549346948,0.10958900541305466,2.2769507654316596,6.312351918755422,-1.0,-0.2978256519856633,172.0666448708164,0.0,36.9390598025831,269,True
brain_hippocampus,excluded_at_or_below_-1,ENSG00000257531.2,ENSG00000257531,1.8461478427866331,12.04114795671077,-0.8901834967408917,0.025956098009177787,162.70816766975383,27.080713388744215,0.0,3.7521836364361985,0.0008766292871822319,-0.9590500730536968,-0.3931513160445099,-0.7994129872816028,0.1053656529341145,1.0608420015649336,1.0956946571584725,-0.9590500730536968,-0.3931513160445099,12.04097143230714,0.0,0.010555468203685026,113,True
brain_hippocampus,raw,ENSG00000257531.2,ENSG00000257531,,,,,,,,,,,,,,,,,,,,,255,False
brain_hypothalamus,excluded_at_or_below_-1,ENSG00000257531.2,ENSG00000257531,0.8630915940789342,5.009668692775764,-0.8955137397302422,0.17381977175918095,123.82585719737362,3.60925150635133,0.0,0.3759683470095178,0.9316672199020998,-0.941723685670946,-0.4519037435124577,-0.7874628290192521,0.11697165456673358,0.8990583123194527,0.048963611291268805,-0.941723685670946,-0.4519037435124577,5.002210214176602,0.0,4.6603952836078015,116,True
brain_hypothalamus,raw,ENSG00000257531.2,ENSG00000257531,2.9743589826055694,199.995521262248,-0.9948962527571676,0.0028694844647434506,314.97435897466477,267.61161465619665,0.0,2.515360741074182,0.04305012266948779,-1.0,-0.4519037435124577,-0.9040688255495456,0.13181889975179514,1.323623853738976,0.944143947332929,-1.0,-0.4519037435124577,196.40234630004426,0.0,8.45514510079212,257,True
brain_nucleus_accumbens_basal_ganglia,excluded_at_or_below_-1,ENSG00000257531.2,ENSG00000257531,1.6009623979847716,8.242769646786126,-0.8968981208538456,0.0639934570483018,84.91331437309427,10.034216061177684,0.0,0.8488830793160296,0.697475081011295,-0.9353102562770732,-0.4428477626838606,-0.7951812751450881,0.12269353417010002,0.9630523714365121,-0.14016416296080436,-0.9353102562770732,-0.4428477626838606,8.242664559552928,0.0,5.749053131423108,125,True
brain_nucleus_accumbens_basal_ganglia,raw,ENSG00000257531.2,ENSG00000257531,3.2051282051282053,159.05160938666114,-0.993309013191318,0.00228719384040759,468.3589743589744,340.36020571381596,0.0,4.137158872730969,0.00019318805721145788,-1.0,-0.4428477626838606,-0.9101672259408281,0.13014846194763552,1.5002644553036526,1.4473077155686047,-1.0,-0.4428477626838606,158.06928057215626,0.0,0.030537097218547693,285,True
brain_putamen_basal_ganglia,excluded_at_or_below_-1,ENSG00000257531.2,ENSG00000257531,1.9271823846351783,10.404171320007555,-0.9033920667546742,0.02849565384629673,127.12340318633296,22.215872378551666,0.0,2.5566872490211803,0.03807119438868457,-0.9549079599547762,-0.4557540112049697,-0.8045494632998429,0.11872449402889011,1.0711965026663368,0.35353045325325594,-0.9549079599547762,-0.4557540112049697,10.403885114952558,0.0,0.39608833260890086,119,True
brain_putamen_basal_ganglia,raw,ENSG00000257531.2,ENSG00000257531,3.0512824584436626,141.41391489950934,-0.9926278519033659,0.0021620765999557814,451.8974358974425,351.1689950367774,0.0,4.822119541137638,8.947553984048355e-06,-1.0,-0.4557540112049697,-0.9084306540656744,0.12698078269569452,1.4676127970181299,1.525942981697077,-1.0,-0.4557540112049697,141.09071934149495,0.0,0.0012624168279562475,254,True
brain_spinal_cord_cervical_c-1,excluded_at_or_below_-1,ENSG00000257531.2,ENSG00000257531,0.6474968429993948,5.713155231808289,-0.8835975527081797,0.2850022876132121,106.42725253328527,4.0129133019019765,0.0,0.18093133533298267,0.9837605828952682,-0.9200601110111026,-0.0748869721672856,-0.6867801715981555,0.19042457233549256,1.0718515233959434,0.4788354088663809,-0.9200601110111026,-0.0748869721672856,5.711331826158561,0.0,5.6185831264100425,104,True
brain_spinal_cord_cervical_c-1,raw,ENSG00000257531.2,ENSG00000257531,2.6666666776733035,107.91247704680441,-0.9897609756145411,0.0041246150559742355,360.6666666668169,313.6843574441339,0.0,3.510671166854995,0.002148091768387661,-1.0,-0.0748869721672856,-0.840319303167687,0.20745291321940662,1.354188541794806,1.232735873139518,-1.0,-0.0748869721672856,105.85707767673593,0.0,0.22739071718296788,204,True
brain_substantia_nigra,excluded_at_or_below_-1,ENSG00000257531.2,ENSG00000257531,0.42555887660561903,10.497544734311177,-0.8822546217439217,0.06506474788109894,73.57079972388881,18.728505040938984,0.0,1.3629287222827482,0.3950622319548475,-0.9449598708340448,-0.0205987225925982,-0.8154639252555899,0.14309080826498988,3.1709436731105725,13.358644763221314,-0.9449598708340448,-0.0205987225925982,10.496753524567257,0.0,4.146870875695453,65,True
brain_substantia_nigra,raw,ENSG00000257531.2,ENSG00000257531,1.6666666951699134,122.2834842812152,-0.9884759896921917,0.003217041828704069,386.66666666666663,425.47944065627644,0.0,5.0659620042290285,2.6754612037264168e-06,-1.0,-0.0205987225925982,-0.9344543996809471,0.12264643552145119,3.386726239018809,17.497753968475013,-1.0,-0.0205987225925982,122.21053530243027,0.0,0.0003269695458882893,183,True
breast_mammary_tissue,excluded_at_or_below_-1,ENSG00000257531.2,ENSG00000257531,1.102335301991106,44.76646495330494,-1.266275030726242,0.6966171079937041,983.019125918176,4.378814015060027,0.0,-0.7207272039999997,1.0,-0.9112572923442276,0.8906529162062007,-0.5494631437735474,0.3312717220979691,1.4107456400760368,1.740744401015184,-0.9112572923442276,0.8906529162062007,34.5237153738973,0.0,34.5237153738973,333,True
breast_mammary_tissue,raw,ENSG00000257531.2,ENSG00000257531,8.538461464441,586.6470454621273,-0.9687205784080136,0.006910574789840235,5329.692307692355,380.5112155744821,0.0,6.401172635249907,1.2680115800318308e-09,-1.0,0.8906529162062007,-0.7081152273863645,0.3426657739424674,1.5116355245488016,2.2009426958159795,-1.0,0.8906529162062007,585.6566225562278,0.0,7.42619379323628e-07,514,True
cells_cultured_fibroblasts,excluded_at_or_below_-1,ENSG00000257531.2,ENSG00000257531,2.39982861754426,32.13261992867896,-0.7897125371645466,0.14850562836975667,978.2908372556626,11.742124839784811,0.0,1.2861208440270242,0.43733784117825936,-0.9247672341235952,0.4433202056428889,-0.6585806204151694,0.22990642689004778,1.7977585372408444,3.7646185657567903,-0.9247672341235952,0.4433202056428889,32.13248747529474,0.0,14.052752704132859,319,True
cells_cultured_fibroblasts,raw,ENSG00000257531.2,ENSG00000257531,8.17948712444805,402.55677403487823,-0.9852210059327691,0.007043262141489166,5489.743589743774,286.8361726760949,0.0,2.9674678335471527,0.012266951236797123,-1.0,0.4433202056428889,-0.8329558556939248,0.23450509023144814,1.8916126400772766,4.350982596008081,-1.0,0.4433202056428889,401.7178565937736,0.0,4.927853357786487,652,True
cells_ebv-transformed_lymphocytes,excluded_at_or_below_-1,ENSG00000257531.2,ENSG00000257531,1.293965135922225,12.78101122115844,-0.8729180166277659,0.03650097538286583,155.83237547933697,21.57120101816661,0.0,2.117160983410961,0.10635029758000704,-0.9275621262538762,-0.3161634370565461,-0.8054673615806444,0.10536410130595833,1.9979075760895693,5.052177550080376,-0.9275621262538762,-0.3161634370565461,12.778859391651784,0.0,1.359035499035235,105,True
cells_ebv-transformed_lymphocytes,raw,ENSG00000257531.2,ENSG00000257531,2.7631580540774006,202.97576347967316,-0.9914508603722495,0.00384047470049954,950.9267650829054,248.66734115676635,0.0,3.148128851522804,0.007195728066300732,-1.0,-0.3161634370565461,-0.9375353913332343,0.10870370743125966,2.1216945994559433,5.509413668898855,-1.0,-0.3161634370565461,198.7398534613703,0.0,1.4300779414444884,327,True
cervix_ectocervix,excluded_at_or_below_-1,ENSG00000257531.2,ENSG00000257531,0.3076923077076767,3.5952993524333334,-0.7242555932919696,0.001633698793945459,10.307692307692307,992.352212438456,0.0,159.08289030362621,0.0,-0.9080280679317072,0.4221091819894813,-0.4956357120954747,0.38669994600836505,1.2122216290627645,0.6497139147549795,-0.9080280679317072,0.4221091819894813,3.2270591282874634,0.0,0.0,15,True
cervix_ectocervix,raw,ENSG00000257531.2,ENSG00000257531,0.38461538461538464,15.056894105834665,-0.9821913892050299,4.315663510795941e-05,17.230769230769234,46017.97402562754,,583.5760561560911,,-1.0,0.4221091819894813,-0.6847723200596717,0.39145337521735185,1.4479133902004204,1.5232646602562943,-1.0,0.4221091819894813,0.0,0.0,0.0,24,True
cervix_endocervix,excluded_at_or_below_-1,ENSG00000257531.2,ENSG00000257531,0.2256976318480486,0.4349929540591441,-0.8142564139790662,0.2445668088499006,12.307263887683902,4.128072538958956,0.0,0.2529917548066831,0.9685023147846279,-0.8580075048925075,-0.1003688128306401,-0.5623057035439399,0.23820206153282977,0.5988479163449915,-0.8484735976969278,-0.8580075048925075,-0.1003688128306401,0.4349042884181359,0.0,0.42120581004272606,15,True
cervix_endocervix,raw,ENSG00000257531.2,ENSG00000257531,,,,,,,,,,,,,,,,,,,,,23,False
colon_sigmoid,excluded_at_or_below_-1,ENSG00000257531.2,ENSG00000257531,0.7849863951257143,20.957769055120906,-0.8840503709809544,0.3469628447373665,191.06147934465073,6.0629420953912065,0.0,0.048740221380691715,0.9988154864173605,-0.8960082861879027,0.6034305108774609,-0.6242622831264834,0.26286299434825483,2.010128509178437,4.8620977158545795,-0.8960082861879027,0.6034305108774609,20.957714578652762,0.0,20.93288988107326,210,True
colon_sigmoid,raw,ENSG00000257531.2,ENSG00000257531,5.384615384615385,292.3027997210772,-0.9826138683131787,0.00441836858693429,2337.2307692312825,507.6546755763852,0.0,5.564882771758078,2.0628202253960747e-07,-1.0,0.6034305108774609,-0.8116827671994308,0.26443793307518787,2.0360749813387162,5.37647779660087,-1.0,0.6034305108774609,267.1610557495771,0.0,5.511052292384022e-05,419,True
colon_transverse,excluded_at_or_below_-1,ENSG00000257531.2,ENSG00000257531,0.07669421228039483,84.9675657187803,-1.1329114981013104,0.5945053918218962,148.28112932049126,8.588585736167897,0.0,-0.5082182934168473,1.0,-0.919267304821308,2.4775478159138093,-0.6350266907194778,0.2831200707399719,4.735396768502327,44.34860371675013,-0.919267304821308,2.4775478159138093,74.67360530112208,0.0,74.67360530112208,325,True
colon_transverse,raw,ENSG00000257531.2,ENSG00000257531,0.7157639323830127,6748854766843.318,-12.418857376054842,2.3119069002882155,1637.9101618470759,9.112260640971641,0.0,-6.985014390504921,1.0,-1.0,2.4775478159138093,-0.7523667525758462,0.28887788496238814,3.6568120923992575,32.33234694589778,-1.0,2.4775478159138093,171.60252266679998,0.0,171.60252266679998,479,True
esophagus_gastroesophageal_junction,excluded_at_or_below_-1,ENSG00000257531.2,ENSG00000257531,0.2404335383809508,36.13556057231233,-1.4163835242406813,0.7261145041670172,113.41008944885391,4.337068603395093,0.0,-0.994274253558464,1.0,-0.9058828644837712,0.8104431038451745,-0.6070598510043693,0.2784665887158419,1.8054154824672253,4.517398748145906,-0.9058828644837712,0.8104431038451745,22.03984294014617,0.0,22.03984294014617,183,True
esophagus_gastroesophageal_junction,raw,ENSG00000257531.2,ENSG00000257531,4.6923076923202585,218.86517127712347,-0.9783379693816301,0.007565594579516521,1774.3076923077685,334.37140032889647,0.0,4.0492174365227385,0.00027640963385257576,-1.0,0.8104431038451745,-0.8215681209275424,0.27106668545006374,2.0901347881902486,5.665234314108563,-1.0,0.8104431038451745,217.89244549707982,0.0,0.06022757107909005,403,True
esophagus_mucosa,excluded_at_or_below_-1,ENSG00000257531.2,ENSG00000257531,,,,,,,,,,-0.916544245301,1.409192679244474,,,,,,,,,,341,False
esophagus_mucosa,raw,ENSG00000257531.2,ENSG00000257531,7.7295512960609765,1117797916031.431,-2.33085138443973,0.2890748530205854,6104.044621908887,18.297063834738104,0.0,-6.510798354513558,1.0,-1.0,1.409192679244474,-0.7476941518708614,0.36457703814483056,2.1826600452041998,5.7669653997062245,-1.0,1.409192679244474,697.243087746066,0.0,697.243087746066,614,True
esophagus_muscularis,excluded_at_or_below_-1,ENSG00000257531.2,ENSG00000257531,2.4233201871324934,22.481031897026362,-0.8198034397232925,0.0949324348016768,379.2350086624982,15.444408287582984,0.0,1.4736317850565603,0.33763729592345426,-0.9187244634488828,0.2169390451607868,-0.6773529248980086,0.2173423412778639,1.6786110566966725,2.9157152877354973,-0.9187244634488828,0.2169390451607868,22.480756049503952,0.0,7.590341682869349,221,True
esophagus_muscularis,raw,ENSG00000257531.2,ENSG00000257531,5.666720004239508,363.52659760224486,-0.9848013737455609,4.5317221256320726e-05,2326.666666777618,37502.687758734486,,474.30320709414264,,-1.0,0.2169390451607868,-0.8728966067780035,0.20846177907901287,2.1374322427131283,5.190133721961752,-1.0,0.2169390451607868,0.0,0.0,0.0,561,True
fallopian_tube,excluded_at_or_below_-1,ENSG00000257531.2,ENSG00000257531,0.26962449611363687,42.36085040324902,-2.020081237979719,0.5932701604595936,10.998024061142265,5.159662839869154,0.0,-2.6850640253004023,1.0,-0.8936825047776411,0.1444249457892985,-0.49972817024384697,0.3513591262089453,0.6436690682232511,-0.9941368089958686,-0.8936825047776411,0.1444249457892985,1.1518614480208822,0.0,1.1518614480208822,17,True
fallopian_tube,raw,ENSG00000257531.2,ENSG00000257531,0.4358974358974359,16.141689831099345,-0.9875526810010511,0.003217335364919172,13.589743589743591,497.5726589043477,0.0,5.47134984292827,3.4322141299031726e-07,-1.0,0.1444249457892985,-0.7067372032463931,0.36526825564532617,1.1248367197093854,0.0069176220267483934,-1.0,0.1444249457892985,14.856847691318125,0.0,5.099188257196019e-06,29,True
heart_atrial_appendage,excluded_at_or_below_-1,ENSG00000257531.2,ENSG00000257531,0.5252557816447848,72.8867226921884,-1.438084925600788,0.618830964976319,499.9337829760608,5.394385942658108,0.0,-1.1342006721595979,1.0,-0.9417818812066024,0.9223881650038444,-0.6713644690888229,0.27440124470991983,2.1787791391455853,6.70900688921142,-0.9417818812066024,0.9223881650038444,38.3095800440591,0.0,38.3095800440591,241,True
heart_atrial_appendage,raw,ENSG00000257531.2,ENSG00000257531,5.7983330849768535,437666277761.2514,-1.7596170761865704,0.1692466468579942,4383.9344886859,22.410654845231,0.0,-6.347309038592647,1.0,-1.0,0.9223881650038444,-0.8281970434932892,0.2574641073541894,2.4352884346080588,8.366013662342311,-1.0,0.9223881650038444,780.985448897279,0.0,780.985448897279,461,True
heart_left_ventricle,excluded_at_or_below_-1,ENSG00000257531.2,ENSG00000257531,0.10030184666762139,1186213769670.0972,-5.603673719051591,0.9427847912002105,54.14856054025708,8.521214744736644,0.0,-6.9835229928109825,1.0,-0.948111474569168,0.0769899923103174,-0.841535865533548,0.1381341948688022,3.940855555128118,20.83969912464345,-0.948111474569168,0.0769899923103174,30.47736564123897,0.0,30.47736564123864,115,True
heart_left_ventricle,raw,ENSG00000257531.2,ENSG00000257531,2.9487180242768214,436.09227216726083,-0.9881829504209688,0.003186797146797107,1485.8974359264198,472.69466881424677,0.0,5.244083953915123,1.131453567304574e-06,-1.0,0.0769899923103174,-0.9596827976468097,0.09796461038087247,4.999505165355043,39.06661622277761,-1.0,0.0769899923103174,411.4358050492381,0.0,0.0004655205093397896,452,True
kidney_cortex,excluded_at_or_below_-1,ENSG00000257531.2,ENSG00000257531,1.347779824191071,15.441652555965698,-0.8578203136965515,0.0727250371092578,135.3236982230561,38.042155705730345,0.0,1.3325457405100314,0.41160978423719563,-0.926345634770236,1.0984734590579197,-0.5871680014785485,0.3488104265667922,1.9167083579381219,5.142371248941339,-0.926345634770236,1.0984734590579197,15.439188709547764,0.0,6.354921133534302,90,True
kidney_cortex,raw,ENSG00000257531.2,ENSG00000257531,0.03503688111165404,1428798986.1975055,-14.578542506372084,3.1678344722413403,114.93464400427797,6.998676474457404,0.0,-6.061856810398392,1.0,-1.0,1.0984734590579197,-0.6427415397410516,0.3538051635344601,1.8462865929711865,4.90658680234821,-1.0,1.0984734590579197,14.951925309617462,0.0,14.951925309617465,104,True
kidney_medulla,excluded_at_or_below_-1,ENSG00000257531.2,ENSG00000257531,0.1284646412177956,0.9903358794040135,-0.7372959630265234,0.1064664875163339,6.631601838323395,17.980638280937846,0.0,2.095584339785349,0.11129067031974095,-0.8950582062175708,0.6163435805377948,-0.3906374646112146,0.5552889909255807,1.0815210450687962,-0.38115732376750344,-0.8950582062175708,0.6163435805377948,0.9902101011258859,0.0,0.11020114591167834,10,True
kidney_medulla,raw,ENSG00000257531.2,ENSG00000257531,0.1422157171947819,0.6735519065875943,-0.7835140873034208,0.18977450642395252,8.038649993590496,10.431842171837415,0.0,1.6132689240896816,0.27217559400629737,-1.0,0.6163435805377948,-0.4460340587374679,0.5579138698289474,1.1317760106172785,-0.14741425042689693,-1.0,0.6163435805377948,0.6735448640047428,0.0,0.18332247345038163,11,True
liver,excluded_at_or_below_-1,ENSG00000257531.2,ENSG00000257531,1.4281863347278276,7.160645374345235,-0.8757256438001297,0.03806087756873821,91.76617252790808,13.510792516961946,0.0,3.633445476755142,0.001359060092866541,-0.9735129420716896,-0.5121082712006092,-0.8143995080271862,0.09038129021547897,1.02765750586927,0.9735799634131985,-0.9735129420716896,-0.5121082712006092,7.160637569745097,0.0,0.009731736760521414,99,True
liver,raw,ENSG00000257531.2,ENSG00000257531,2.538461541911236,181.29563787161533,-0.9946786812839467,0.002224799993305094,301.6923076930626,306.7500992419387,0.0,3.3825427546738567,0.0033742390723482726,-1.0,-0.5121082712006092,-0.929868516391952,0.10581230360545862,1.449966145979136,1.4634094735515122,-1.0,-0.5121082712006092,176.07618201062473,0.0,0.5941231330501444,262,True
lung,excluded_at_or_below_-1,ENSG00000257531.2,ENSG00000257531,0.013669807521262508,97.72580715453076,-2.363037509892118,1.6883517552816552,364.0928653780054,3.651056255899292,0.0,-1.2255428956900491,1.0,-0.8999292819953629,1.9957576553414844,-0.3246038345601301,0.4914517605564932,1.2915177497269692,1.7571747355968892,-0.8999292819953629,1.9957576553414844,45.99272853473766,0.0,45.99272853473766,445,True
lung,raw,ENSG00000257531.2,ENSG00000257531,9.989886375494507,4527150584355.077,-3.9994072178159397,0.6176935799874114,6659.0476764181385,13.725969877256613,0.0,-6.867162787415571,1.0,-1.0,1.9957576553414844,-0.5023985204954601,0.5161945342227784,1.3044276548574483,1.7218604718161288,-1.0,1.9957576553414844,260.3824399115108,0.0,260.3824399115089,604,True
minor_salivary_gland,excluded_at_or_below_-1,ENSG00000257531.2,ENSG00000257531,0.5778603369251347,10.06312658703521,-0.9089772768400932,0.28812192454146357,236.29566728818554,4.827615194950932,0.0,0.02252029266424544,0.999748015761697,-0.9135654028744464,0.0745670886805081,-0.6955272640890727,0.19582338186070278,1.5026617752806373,2.216182748850983,-0.9135654028744464,0.0745670886805081,10.063023324309658,0.0,10.060487601042256,129,True
minor_salivary_gland,raw,ENSG00000257531.2,ENSG00000257531,3.307692307692308,1234.2736694352889,-0.9964437899145759,0.005492776186236764,762.3076923076924,275.75092423272537,0.0,0.9156099507670361,0.6576137224082406,-1.0,0.0745670886805081,-0.783000094295527,0.2153041628867768,1.2736274760303121,1.746469875611731,-1.0,0.0745670886805081,1234.2326639373196,0.0,811.6483364496596,181,True
muscle_skeletal,excluded_at_or_below_-1,ENSG00000257531.2,ENSG00000257531,0.9211957513037381,11.630299214361033,-0.8749101078239521,0.05309318053876107,162.75207227627624,15.234831435547704,0.0,1.8783442192716653,0.1713473942334965,-0.9454279358246842,-0.3029557174786746,-0.813771406688596,0.11562428044855508,2.514571310471905,7.742565006280449,-0.9454279358246842,-0.3029557174786746,11.629993748751131,0.0,1.9927691238003598,103,True
muscle_skeletal,raw,ENSG00000257531.2,ENSG00000257531,2.641023011663936,838.8473213557279,-0.9924640707542867,0.0029116165452039533,676.9743589746286,334.90401274787547,0.0,3.6603080037880997,0.0012776364367603381,-1.0,-0.3029557174786746,-0.9765506783483195,0.07410001275090415,4.501667979895123,27.085765513902544,-1.0,-0.3029557174786746,809.0371310380559,0.0,1.0336553173062821,818,True
nerve_tibial,excluded_at_or_below_-1,ENSG00000257531.2,ENSG00000257531,4.885706676821358,55.496546147318995,-0.7859473860951696,0.09493165810564387,2316.0190852289497,28.090306064668084,0.0,1.7414041516240135,0.2195351787697328,-0.9028423077280217,1.09966551026203,-0.5696840162149958,0.2972830453446717,1.9625656246656673,5.763895915697153,-0.9028423077280217,1.09966551026203,55.496467448726165,0.0,12.183426902444758,375,True
nerve_tibial,raw,ENSG00000257531.2,ENSG00000257531,9.615384530986528,811.8307008814666,-0.9723360004681191,0.0013870083875793637,9633.23076923077,2112.6423343740967,0.0,28.206609042753186,0.0,-1.0,1.09966551026203,-0.7591515016128708,0.3083956240149072,1.8602496931334036,5.0634998836439635,-1.0,1.09966551026203,753.6368249395922,0.0,0.0,670,True
ovary,excluded_at_or_below_-1,ENSG00000257531.2,ENSG00000257531,0.7605933448673056,8.976440538302295,-0.7432663065092813,0.15315625849999093,82.55439255344454,11.709582325802145,0.0,1.483733242685092,0.33263815336860264,-0.9039513954575068,0.5248560374796305,-0.5942955902876221,0.27684317231546285,1.8839520828384075,3.8933179703688863,-0.9039513954575068,0.5248560374796305,8.976151848091442,0.0,2.9858105751053072,94,True
ovary,raw,ENSG00000257531.2,ENSG00000257531,2.410256410144379,234.73657154140145,-0.9898976610317121,0.009506577977044165,429.4358974611515,225.33715383835798,0.0,1.5028399088654427,0.32329421815865983,-1.0,0.5248560374796305,-0.8024030336115879,0.2801055354656549,1.955780879344855,4.64002583971651,-1.0,0.5248560374796305,234.7198078171069,0.0,75.88355675458247,193,True
pancreas,excluded_at_or_below_-1,ENSG00000257531.2,ENSG00000257531,0.5878825200872627,9.966344373253053,-0.8728906478914815,0.12264609426977227,278.83558786984634,6.027006598741287,0.0,0.9355583442835105,0.6455719182583863,-0.9540259020997114,-0.3502052210643047,-0.8168221577385482,0.10363323489091854,1.5544258980412582,3.09509551113658,-0.9540259020997114,-0.3502052210643047,9.966184237902203,0.0,6.433888676179019,142,True
pancreas,raw,ENSG00000257531.2,ENSG00000257531,3.6410256410256348,241.12753611765467,-0.9929679484893862,0.00331198315488923,918.9743590415193,274.4590548930111,0.0,3.0026791057000293,0.011298554359850273,-1.0,-0.3502052210643047,-0.9281457082841821,0.11052611008437124,1.7732276774020779,3.4579993403361478,-1.0,-0.3502052210643047,235.18338636486632,0.0,2.657232275377111,362,True
pituitary,excluded_at_or_below_-1,ENSG00000257531.2,ENSG00000257531,0.8309390088533899,16.517217437010668,-0.8825366900984751,0.44273202249705684,452.4021422883862,4.817908657599887,0.0,0.06893077631348785,0.9976337693372858,-0.9041160772727522,0.6257520867436623,-0.5783418766463043,0.277563293003455,1.3748628525994118,1.9420588431040917,-0.9041160772727522,0.6257520867436623,16.516956083731216,0.0,16.477873155791187,212,True
pituitary,raw,ENSG00000257531.2,ENSG00000257531,5.435897476282681,213.36301453081413,-0.9834309261575899,0.004187429227440226,1805.5897435925795,543.4667232755842,0.0,5.595845964475391,1.593547722627551e-07,-1.0,0.6257520867436623,-0.7144040825847172,0.301803017873795,1.2852076956549043,1.681168487638459,-1.0,0.6257520867436623,212.38099920623046,0.0,3.384392576144535e-05,313,True
prostate,excluded_at_or_below_-1,ENSG00000257531.2,ENSG00000257531,0.8952342614708502,13.822426252158841,-0.7288772523262074,0.6790235462466887,211.40953716135016,3.7292939874588438,0.0,0.308588790900575,0.9534588497698359,-0.8770437391315475,1.0617139962200977,-0.35821143779668585,0.4125622819519016,1.2220467437488631,1.359463634373732,-0.8770437391315475,1.0617139962200977,13.809210537256464,0.0,13.166513995082044,249,True
prostate,raw,ENSG00000257531.2,ENSG00000257531,0.5004129619534939,15.17996046785843,-0.8647148363572853,0.8535255807992254,801.3929056405439,3.1919157940485436,0.0,0.2241551015169812,0.9750385969023428,-1.0,1.0617139962200977,-0.4333143546502652,0.4392380247580005,1.0454105617159415,1.0697199996338727,-1.0,1.0617139962200977,15.086847357657993,0.0,14.710258479290667,282,True
skin_not_sun_exposed_suprapubic,excluded_at_or_below_-1,ENSG00000257531.2,ENSG00000257531,0.7114594526857783,89.08501970984881,-1.572868387296289,0.9361385461427049,2284.2734133134168,4.456808105280526,0.0,-1.0023820863059285,1.0,-0.9093416513630604,1.3773153551883102,-0.5127657657635927,0.37667638854873503,1.893276022928129,4.845261722828702,-0.9093416513630604,1.3773153551883102,53.89975432751483,0.0,53.89975432751481,437,True
skin_not_sun_exposed_suprapubic,raw,ENSG00000257531.2,ENSG00000257531,11.205128279815305,3385.202644711876,-1.0023570489097562,0.019116528635511377,10676.358978303502,176.04477528565943,0.0,-0.1743711213950096,1.0,-1.0,1.3773153551883102,-0.6729318581239477,0.38423687927353695,1.8482688876807032,4.718819714965514,-1.0,1.3773153551883102,3334.1278338579427,0.0,3334.1278338579427,651,True
skin_sun_exposed_lower_leg,excluded_at_or_below_-1,ENSG00000257531.2,ENSG00000257531,5.740939016049957,60.8520200879415,-0.8284486974765295,0.06592812569372045,2895.5854081804455,28.928047166377326,0.0,1.8304886133533598,0.18727439307983942,-0.913782827054228,0.5201255068738397,-0.6605938560064163,0.2318869773340173,1.759956469739663,3.6255175123369288,-0.913782827054228,0.5201255068738397,60.84204805871679,0.0,11.39415762393061,422,True
skin_sun_exposed_lower_leg,raw,ENSG00000257531.2,ENSG00000257531,10.820512740544858,561.5087015691068,-0.9871364701598234,0.008212372161758649,10269.743589747039,259.55841844286545,0.0,2.2151673111795676,0.08603244928185692,-1.0,0.5201255068738397,-0.8100405931494798,0.2418471318400929,1.7389148299780668,3.7006923365148623,-1.0,0.5201255068738397,561.2547484269411,0.0,48.28612067824218,754,True
small_intestine_terminal_ileum,excluded_at_or_below_-1,ENSG00000257531.2,ENSG00000257531,0.991817935683907,12.39886288041194,-0.8293318652520033,0.19198345880345016,303.4215550959083,7.760988259740213,0.0,0.6099574240346354,0.8302637614303656,-0.9121352968585504,0.2242440652019939,-0.6790021915072342,0.21420576169144528,1.75896894250258,3.642458287572871,-0.9121352968585504,0.2242440652019939,12.398711791901055,0.0,10.294201089234798,148,True
small_intestine_terminal_ileum,raw,ENSG00000257531.2,ENSG00000257531,3.794871784824538,16051.17833479323,-1.0134135101001873,0.012057183719918162,1052.3589780963077,145.16757554873064,0.0,-1.573300062714972,1.0,-1.0,0.2242440652019939,-0.7704943204979259,0.23203973458170515,1.4739200412341096,2.8582235969118823,-1.0,0.2242440652019939,4655.94882749147,0.0,4655.948827491601,207,True
spleen,excluded_at_or_below_-1,ENSG00000257531.2,ENSG00000257531,1.3880451012958934,26.8302739756936,-0.8095226495225643,0.07095688920611054,174.57477785716992,34.87498652629745,0.0,1.6571702006222273,0.25333269965461425,-0.8926696687916367,0.9402983257893922,-0.6313960483712399,0.3203624790146367,2.6732772238516325,8.039345687222559,-0.8926696687916367,0.9402983257893922,26.82880100245935,0.0,6.796612586449448,126,True
spleen,raw,ENSG00000257531.2,ENSG00000257531,3.2307692390476466,156.97027833101987,-0.9779270149158042,0.00887297915545993,1478.9230769230871,305.73500117418274,0.0,3.518087253582723,0.0020624274072345633,-1.0,0.9402983257893922,-0.8323317765154377,0.28336291432732696,3.02906088965835,12.029829541265299,-1.0,0.9402983257893922,156.25029121487532,0.0,0.32225488298994076,277,True
stomach,excluded_at_or_below_-1,ENSG00000257531.2,ENSG00000257531,3.071599575464661,30.68462426028896,-0.8404464605019544,0.07848241129585128,661.4827113710103,25.103119547282773,0.0,1.4811247334989683,0.333961927774422,-0.9226421370303748,0.552662335465743,-0.6588877009523469,0.2533818890146918,1.827766596428439,3.844685163715315,-0.9226421370303748,0.552662335465743,30.680422077368988,0.0,10.246092901891085,231,True
stomach,raw,ENSG00000257531.2,ENSG00000257531,5.9230769490904285,354.7386783755797,-0.9876021100287933,0.008176357265155722,3004.7692307695606,266.4099424498377,0.0,2.1443857666065678,0.1008156971518924,-1.0,0.552662335465743,-0.806395722162143,0.254949664899046,1.9081982691914505,4.464059259722602,-1.0,0.552662335465743,353.0633324566621,0.0,35.59432600038881,407,True
testis,excluded_at_or_below_-1,ENSG00000257531.2,ENSG00000257531,0.7797217624871248,19.866186932548143,-0.8035878833345088,0.2902704732279428,145.16694007364435,4.822776520304187,0.0,0.4881150741140214,0.8876931230234465,-0.9037745859107568,0.1862977040107398,-0.6649296904731796,0.1872901829764029,1.3282061083510863,2.173074387774819,-0.9037745859107568,0.1862977040107398,19.866007946146706,0.0,17.634918635723572,289,True
testis,raw,ENSG00000257531.2,ENSG00000257531,7.410256384824883,1133.2521394009184,-0.993131542160419,0.005288487895005902,2737.4358974358975,315.395415269806,0.0,1.8367190059177467,0.19089369244319893,-1.0,0.1862977040107398,-0.7660982621902149,0.21950331011186217,0.9797960409143652,1.042896364294184,-1.0,0.1862977040107398,1098.9572056240377,0.0,209.78399881863237,414,True
thyroid,excluded_at_or_below_-1,ENSG00000257531.2,ENSG00000257531,3.274132611769535,30.124480526917846,-0.7397076912048278,0.32133494524852124,1965.5220942093101,7.338454039348727,0.0,0.8195463127068338,0.7147480065535542,-0.9259234626618418,0.9277220306442144,-0.49777719669763254,0.35071140621974217,1.3200865622365094,1.437462159519824,-0.9259234626618418,0.9277220306442144,30.12439489691605,0.0,21.53135120120281,425,True
thyroid,raw,ENSG00000257531.2,ENSG00000257531,10.897435946356657,524.9326962015286,-0.9783686840205236,0.002847665391986194,7047.589743591592,946.6067703664276,0.0,10.742589531847196,0.0,-1.0,0.9277220306442144,-0.6879463575972132,0.36849175760659314,1.4325602304788903,1.8565671721180417,-1.0,0.9277220306442144,475.41997385233634,0.0,0.0,684,True
uterus,excluded_at_or_below_-1,ENSG00000257531.2,ENSG00000257531,1.1907775591379535,8.214415494398844,-0.7688867277035208,0.16273682789775717,151.02463871448373,13.257253555267436,0.0,1.18465075152275,0.49574510324130017,-0.90520723162091,0.7566561235474796,-0.5046328117161617,0.35346222153418405,1.2758958008552088,1.194571038644865,-0.90520723162091,0.7566561235474796,8.214371855968448,0.0,4.072234623799508,98,True
uterus,raw,ENSG00000257531.2,ENSG00000257531,2.5128205128199492,85.24706450125403,-0.9846497268122597,0.009488581405558616,423.7435897437978,259.53071850927336,0.0,2.287861968019503,0.07339396887291308,-1.0,0.7566561235474796,-0.6827059839750578,0.3695969090815301,1.3999101268473508,1.656392420131123,-1.0,0.7566561235474796,84.80131111112603,0.0,6.223904788072191,153,True
vagina,excluded_at_or_below_-1,ENSG00000257531.2,ENSG00000257531,-0.047471118897538384,36.69030817802076,-2.534270180053933,1.5360225121129334,97.50399392629855,3.4498612546652856,0.0,-1.5201009265137282,1.0,-0.8832400203015667,1.2127342977846545,-0.4237214989800934,0.4130024570571975,1.551329394416918,3.094443318634224,-0.8832400203015667,1.2127342977846545,11.459938168769822,0.0,11.459938168769822,120,True
vagina,raw,ENSG00000257531.2,ENSG00000257531,3.0769230867616644,180.02598987320638,-0.9803365078649635,0.006895417406165574,544.7692307692308,449.7871983530661,0.0,4.03287801491472,0.0003029005448623958,-1.0,1.2127342977846545,-0.5932151757506542,0.43527193399491976,1.4745666451671249,2.7492023891131234,-1.0,1.2127342977846545,174.71476470147957,0.0,0.0529211974235837,170,True
whole_blood,excluded_at_or_below_-1,ENSG00000257531.2,ENSG00000257531,1.9011326458775444,19.409418982537332,-0.7911915367944851,0.08111000680961875,243.91773549920072,22.104701949659493,0.0,1.9370983003351805,0.1531834078474295,-0.9022907798730468,0.4765890681750433,-0.6247974619823519,0.24313338979220817,1.5123189333031573,2.4929229328475984,-0.9022907798730468,0.4765890681750433,19.408340214265536,0.0,2.9730356946835044,155,True
whole_blood,raw,ENSG00000257531.2,ENSG00000257531,3.9743604834258215,695.0902762519526,-0.9835228002867893,0.007168523710931501,1276.9743589753534,288.0523368865754,0.0,3.2506385197301455,0.005135728686245658,-1.0,0.4765890681750433,-0.9275760978919857,0.18250147960518429,3.2146830457123268,11.974037280128284,-1.0,0.4765890681750433,686.9420098197762,0.0,3.5279477856186836,803,True
adipose_subcutaneous,excluded_at_or_below_-1,ENSG00000257534.1,ENSG00000257534,0.8979513422090677,37.732269245669166,-0.7031583480826447,0.40741633496844054,494.84054681278786,4.270721815392695,0.0,0.8635537708197227,0.6887274098986425,-0.9519368365063966,0.5271804607018968,-0.5841283273514289,0.24592103251609201,0.9362647035330797,1.0414999993305214,-0.9519368365063966,0.5271804607018968,37.72804941619388,0.0,25.984341754943202,630,True
adipose_subcutaneous,raw,ENSG00000257534.1,ENSG00000257534,-1.6504230192431886,45.6232836614942,-0.9508093438675832,0.6826238108789757,2954.8084752222576,3.061998707574962,0.0,0.10190985420640222,0.9947737363209477,-1.0,0.5271804607018968,-0.6330544064865549,0.2670779005647594,0.7557674596549429,0.6074192710730051,-1.0,0.5271804607018968,45.20322840262996,0.0,44.96698441185339,714,True
adipose_visceral_omentum,excluded_at_or_below_-1,ENSG00000257534.1,ENSG00000257534,1.212646067882398,27.303219817767744,-0.8603568443243236,0.29079029347492374,698.4747919382735,4.598537581321183,0.0,0.4512510347335922,0.9032024658289451,-0.9531429866102552,0.0851934801853437,-0.7166484460784399,0.18354060057496543,1.3054740526468223,1.952072409170242,-0.9531429866102552,0.0851934801853437,27.302303914290192,0.0,24.659508218198162,414,True
adipose_visceral_omentum,raw,ENSG00000257534.1,ENSG00000257534,10.615384615379233,988.2437131046978,-0.9954794967608599,0.006730173067857329,5213.230769236165,227.0821812571888,0.0,0.9498948875587574,0.6483137999567372,-1.0,0.0851934801853437,-0.8001575071149475,0.20114449239064597,1.191107782511893,1.4963439663523284,-1.0,0.0851934801853437,970.8380159203449,0.0,629.4076832437809,587,True
adrenal_gland,excluded_at_or_below_-1,ENSG00000257534.1,ENSG00000257534,0.7568172691809532,9.155629426969456,-0.9323172104286849,0.1798407523497464,158.37785065074402,4.169214636111304,0.0,0.2188569521222142,0.9763317522752419,-0.9601485083131324,-0.402132295777144,-0.8168925462929986,0.11652005971007875,1.1845883914967317,1.05542390551072,-0.9601485083131324,-0.402132295777144,9.154086894927572,0.0,8.937425698604464,153,True
adrenal_gland,raw,ENSG00000257534.1,ENSG00000257534,3.923076925474286,150.7516595822505,-0.9934615399537683,0.003154670078473944,636.7692307836264,265.08820768571564,0.0,2.931139752936875,0.013903772286612874,-1.0,-0.402132295777144,-0.9050324053655212,0.1241703003542616,1.4463942801210898,1.7371306671752897,-1.0,-0.402132295777144,147.73775951011854,0.0,2.054112166363042,295,True
artery_aorta,excluded_at_or_below_-1,ENSG00000257534.1,ENSG00000257534,1.1522940090392964,18.799395152933936,-0.8547238974678955,0.41146316791766285,298.7165955901985,3.5899328782093494,0.0,0.31445135447907485,0.951686778964312,-0.946213014750046,0.1897613160674134,-0.6386565225908344,0.23285649458119295,1.0350488499732327,0.7152574389185276,-0.946213014750046,0.1897613160674134,18.76947432974838,0.0,17.862660567731574,347,True
artery_aorta,raw,ENSG00000257534.1,ENSG00000257534,8.897435913309328,466.4496940188605,-0.990362758003365,0.004438998136216785,2547.5897435897436,375.97390663837405,0.0,3.0703140477388544,0.009013534692160518,-1.0,0.1897613160674134,-0.7343512994470753,0.2555526297651585,1.0012106693750684,0.581418110323559,-1.0,0.1897613160674134,464.40823311954006,0.0,4.1859597205479435,472,True
artery_coronary,excluded_at_or_below_-1,ENSG00000257534.1,ENSG00000257534,-1.0425592852347978,23.54924687257074,-1.6071084289418003,0.9690836076303788,224.92121642537518,2.5107916269454016,0.0,-0.9811063795600389,1.0,-0.9348096085445522,0.1134004620671833,-0.6472870076935403,0.22152930947200675,0.8601115590878426,0.1826388931524905,-0.9348096085445522,0.1134004620671833,13.546090490417814,0.0,13.546090490417805,201,True
artery_coronary,raw,ENSG00000257534.1,ENSG00000257534,5.153846143891093,299.52450765841024,-0.9949574086059009,0.00706599149844183,941.0769230827777,221.8308262916097,0.0,1.0092428133565683,0.6043628449135598,-1.0,0.1134004620671833,-0.7354652557701551,0.2453039950896448,0.8539919676728245,0.09549090153601902,-1.0,0.1134004620671833,297.8205844040811,0.0,179.99169566426988,268,True
artery_tibial,excluded_at_or_below_-1,ENSG00000257534.1,ENSG00000257534,1.3403816244398115,26.424726154803086,-0.7313971246982697,0.47548475805946494,674.8851260332003,2.99468681174835,0.0,0.6479803614247696,0.8084746365455973,-0.9492601077560276,0.2754719734587574,-0.5637001448220975,0.26043353089981,0.7215202592286502,-0.1017143681409749,-0.9492601077560276,0.2754719734587574,26.126364333648304,0.0,21.12250290890417,592,True
artery_tibial,raw,ENSG00000257534.1,ENSG00000257534,,,,,,,,,,,,,,,,,,,,,691,False
bladder,excluded_at_or_below_-1,ENSG00000257534.1,ENSG00000257534,0.6202690277721402,2.649940325318174,-0.8690621507730504,0.2054628375128412,39.423696922287235,5.176893386346346,0.0,0.4834390476895123,0.8897135626100793,-0.9392981894772162,-0.1169415142863462,-0.6863237170984178,0.2040915082015187,0.9500876093850535,0.12667017263943103,-0.9392981894772162,-0.1169415142863462,2.649933299374802,0.0,2.357681596465837,57,True
bladder,raw,ENSG00000257534.1,ENSG00000257534,1.4615384586425282,49.963634076688116,-0.9939653515001027,0.0050251164954165616,91.69230769234335,246.81995059089118,0.0,1.6983251553458238,0.23659568100281891,-1.0,-0.1169415142863462,-0.7677980762936341,0.22329211380158695,0.950361312673698,0.2074376734143546,-1.0,-0.1169415142863462,49.92609628644671,0.0,11.812298750704182,77,True
brain_amygdala,excluded_at_or_below_-1,ENSG00000257534.1,ENSG00000257534,0.08274807303322997,7.703944460275721,-0.9695629382075373,0.270743317363806,74.4173662474843,3.070012139580025,0.0,-0.04710095710278105,1.0,-0.9605457220555308,-0.3818261966490016,-0.8084137072931712,0.11835041042035035,1.1048432704452422,1.246653381490895,-0.9605457220555308,-0.3818261966490016,7.626203623896949,0.0,7.626203623896949,126,True
brain_amygdala,raw,ENSG00000257534.1,ENSG00000257534,3.2307692375918164,106.17831664076884,-0.9951485538312245,0.003393027579387995,378.923076923222,255.63269833196694,0.0,2.0220822874193147,0.1305320952110899,-1.0,-0.3818261966490016,-0.8666305365687269,0.13241767492973563,1.027400698322314,0.8314824583260196,-1.0,-0.3818261966490016,105.30360634029579,0.0,13.745500368882697,181,True
brain_anterior_cingulate_cortex_ba24,excluded_at_or_below_-1,ENSG00000257534.1,ENSG00000257534,0.8092422958301333,6.63897364252387,-0.9025918364800896,0.12715526423892007,168.7874832356514,4.688465057935405,0.0,0.8011203411245121,0.7254986613388309,-0.9746224486684818,-0.4810409270712308,-0.834331549215143,0.1074058167869029,1.1622769771834613,0.940242321097422,-0.9746224486684818,-0.4810409270712308,6.638813767971979,0.0,4.816450501541471,128,True
brain_anterior_cingulate_cortex_ba24,raw,ENSG00000257534.1,ENSG00000257534,3.282051277991675,111.95000280467261,-0.9939096781768638,0.0012812466646306474,425.89743589743586,566.0939173956998,0.0,6.7223712336291355,1.5389733280789827e-10,-1.0,-0.4810409270712308,-0.9089890055774176,0.11462507288018561,1.389414036324615,1.5301030647872933,-1.0,-0.4810409270712308,111.90499858644347,0.0,1.7221880810325274e-08,233,True
brain_caudate_basal_ganglia,excluded_at_or_below_-1,ENSG00000257534.1,ENSG00000257534,1.7343635705334568,12.373866922654157,-0.9041608217340246,0.070272776662287,241.8071257014594,8.313719538545305,0.0,1.422578855559067,0.3635512814835506,-0.9748492728003852,-0.4910491306081577,-0.8450131736424678,0.1053019864504694,1.2616049962146785,1.038226910166208,-0.9748492728003852,-0.4910491306081577,12.373490946359258,0.0,4.498398489974019,187,True
brain_caudate_basal_ganglia,raw,ENSG00000257534.1,ENSG00000257534,4.794871812608112,146.73350603045373,-0.995069195917415,0.0025930274539456757,990.3589743591111,274.8879542265957,0.0,2.689215648829978,0.027003667483342337,-1.0,-0.4910491306081577,-0.9033915449038049,0.11205612292416875,1.3566306449712904,1.4664560215756053,-1.0,-0.4910491306081577,146.12468204791588,0.0,3.945902325131043,300,True
brain_cerebellar_hemisphere,excluded_at_or_below_-1,ENSG00000257534.1,ENSG00000257534,1.0918405068303392,9.98008717579482,-0.8576396311978156,0.15534869327756287,163.38167883065728,6.398331287217296,0.0,0.7889776042173345,0.7325391515798846,-0.9443073333762294,-0.1547950035743635,-0.7504568301551461,0.16319206502065048,1.4232825668465332,1.8009323119447131,-0.9443073333762294,-0.1547950035743635,9.980043847594102,0.0,7.31077285284663,153,True
brain_cerebellar_hemisphere,raw,ENSG00000257534.1,ENSG00000257534,3.9230769226423994,139.38456671129572,-0.990649670769025,0.0031458329582728034,774.7692307697982,375.7596230311449,0.0,4.20345345302716,0.00014976223870140213,-1.0,-0.1547950035743635,-0.8621656859701711,0.17355058837244014,1.5153599149324448,2.2292020645449773,-1.0,-0.1547950035743635,135.52930782049202,0.0,0.02029717254884833,277,True
brain_cerebellum,excluded_at_or_below_-1,ENSG00000257534.1,ENSG00000257534,0.429853631941551,14.1450333123117,-0.8415536668403331,0.20678387218549904,158.47765596917765,7.395149828076944,0.0,0.8101882583622766,0.7202185719836319,-0.9600179990464603,0.2397524085134035,-0.7550477007096454,0.1599797782133071,2.03742864373113,8.403168921820317,-0.9600179990464603,0.2397524085134035,14.145005501016229,0.0,10.187495662642526,154,True
brain_cerebellum,raw,ENSG00000257534.1,ENSG00000257534,3.9487179169152866,347.1455041164662,-0.9940224189467946,0.008811401687196872,1273.8974363317184,198.0185622957122,0.0,0.9593906277035205,0.6315837321964847,-1.0,0.2397524085134035,-0.8581855109371631,0.1716341209729844,1.7447624603203744,5.611509844991932,-1.0,0.2397524085134035,346.90590549133464,0.0,219.10012651121812,266,True
brain_cortex,excluded_at_or_below_-1,ENSG00000257534.1,ENSG00000257534,1.1728777447785033,11.333283477142944,-0.882439815679139,0.09123050301474034,132.40552118165812,7.1964561080033755,0.0,1.32831704974824,0.4138706847283249,-0.9681291598035432,-0.4181985383186251,-0.8274410148241441,0.11085002613112807,1.5050290098798549,2.280928062236492,-0.9681291598035432,-0.4181985383186251,11.333154474954046,0.0,4.6904604026811105,168,True
brain_cortex,raw,ENSG00000257534.1,ENSG00000257534,4.307692316698815,158.89241309582383,-0.9938590674243221,0.0016225147548468554,872.3076923076923,501.7562553142944,0.0,5.352549249983647,6.236799348967108e-07,-1.0,-0.4181985383186251,-0.8926299647794674,0.12105288385035874,1.3918535317207665,2.044040214989451,-1.0,-0.4181985383186251,153.08052869290574,0.0,9.547325416914276e-05,270,True
brain_frontal_cortex_ba9,excluded_at_or_below_-1,ENSG00000257534.1,ENSG00000257534,1.06361098558086,13.008008820892758,-0.8770977854211055,0.09509057754265174,221.89408794448917,10.249913480403297,0.0,1.3376897715766105,0.4087290612742904,-0.967042965085957,-0.1879018828035167,-0.7952718995417889,0.1597502741541509,1.8555801617253387,3.2404119694067877,-0.967042965085957,-0.1879018828035167,13.007954471369322,0.0,5.316729020181491,145,True
brain_frontal_cortex_ba9,raw,ENSG00000257534.1,ENSG00000257534,3.7179487178689143,211.94206104903628,-0.9934546096568307,0.004790889731620972,975.8974359020895,237.78956631029283,0.0,1.932121236946957,0.15502436052022572,-1.0,-0.1879018828035167,-0.8896447042139755,0.1554532677226638,2.071081760630682,4.806832954769238,-1.0,-0.1879018828035167,211.43967072890538,0.0,32.778299743355646,269,True
brain_hippocampus,excluded_at_or_below_-1,ENSG00000257534.1,ENSG00000257534,0.2593100678034699,15.286017051337058,-0.9062341366169235,0.27044410122644774,284.2784174305527,5.305913067521637,0.0,0.295497138923664,0.9572867413858097,-0.9627428989972648,0.1084307831025968,-0.7677618922346678,0.16528975210579153,1.8294910040401318,5.058110337760926,-0.9627428989972648,0.1084307831025968,15.285898169379013,0.0,14.63298764772015,179,True
brain_hippocampus,raw,ENSG00000257534.1,ENSG00000257534,4.313494265264975,512034378211.4193,-1.6258941286045459,0.13430051872535856,1377.45696927591,18.262817113264383,0.0,-6.590800792753054,1.0,-1.0,0.1084307831025968,-0.8369779557255118,0.17456853160371733,1.6360570649475075,4.10011201845795,-1.0,0.1084307831025968,189.11022758639854,0.0,189.1102275863925,255,True
brain_hypothalamus,excluded_at_or_below_-1,ENSG00000257534.1,ENSG00000257534,0.972907099630001,17.4505665553901,-0.8825383600279549,0.10570958613876255,392.5160517792807,12.69608443318318,0.0,1.385579207599973,0.38292587412468015,-0.9861075864127508,0.0664681172982115,-0.8043115499215776,0.16264898955191912,2.493656738225051,8.48517005979673,-0.9861075864127508,0.0664681172982115,17.450548728084605,0.0,6.682266625657123,153,True
brain_hypothalamus,raw,ENSG00000257534.1,ENSG00000257534,3.71382967878194,199203298727.85126,-1.4223458528044475,0.09417928736814306,1481.8230363394946,22.35630537465625,0.0,-6.342023280695567,1.0,-1.0,0.0664681172982115,-0.8835006503424178,0.15801579088893886,2.47243581539314,8.983482830803428,-1.0,0.0664681172982115,367.58776093043235,0.0,367.5877609304154,257,True
brain_nucleus_accumbens_basal_ganglia,excluded_at_or_below_-1,ENSG00000257534.1,ENSG00000257534,0.5161943525686946,16.427212441159767,-0.9235770612366491,0.132368719875287,146.22377849620844,7.150967311854338,0.0,0.4726734164659721,0.8943048884887538,-0.9678187349989128,-0.2542549629873464,-0.8494908781125177,0.10469849377514152,2.2055097197214906,7.5179043273386466,-0.9678187349989128,-0.2542549629873464,16.427186881183392,0.0,14.690913531960632,168,True
brain_nucleus_accumbens_basal_ganglia,raw,ENSG00000257534.1,ENSG00000257534,4.3076923076923075,470.81367209766677,-0.9901813565717248,0.00041550148844678706,1510.3076949758918,2504.821560581815,0.0,33.41903479643852,0.0,-1.0,-0.2542549629873464,-0.9112788334136946,0.10930248938021399,1.941358210245939,6.0509130969408425,-1.0,-0.2542549629873464,419.44789666715286,0.0,0.0,285,True
brain_putamen_basal_ganglia,excluded_at_or_below_-1,ENSG00000257534.1,ENSG00000257534,0.8662713969329037,13.552149617192262,-0.9012408430962451,0.1560510520291206,134.86537698408054,6.009182730315822,0.0,0.624117917554326,0.8230373593954488,-0.9701089831112129,-0.2381590343435055,-0.8119982696754259,0.1338269996844272,1.6649260368549463,3.2920844423466447,-0.9701089831112129,-0.2381590343435055,13.552042286692673,0.0,11.153837098054996,185,True
brain_putamen_basal_ganglia,raw,ENSG00000257534.1,ENSG00000257534,4.743589720700387,27600.849538857172,-1.0096175338942037,0.007773570714163322,1287.4358987948622,140.34825345896684,0.0,-1.7496781556234258,1.0,-1.0,-0.2381590343435055,-0.8630696058659597,0.14158414775479308,1.513500012947924,2.885701594049313,-1.0,-0.2381590343435055,5972.464931326853,0.0,5972.464931327224,254,True
brain_spinal_cord_cervical_c-1,excluded_at_or_below_-1,ENSG00000257534.1,ENSG00000257534,0.2872826355600557,9.834635669178361,-0.8108334740676886,0.4758577802527693,245.707429677704,3.6492429924429555,0.0,0.4390301845935235,0.9080087439408147,-0.9585593442354658,0.4170720673506396,-0.6046769574005627,0.26461797165916523,1.1521948158281723,1.5681345325685712,-0.9585593442354658,0.4170720673506396,9.821992758569724,0.0,8.91845530770467,173,True
brain_spinal_cord_cervical_c-1,raw,ENSG00000257534.1,ENSG00000257534,-1.0122731384405201,2183704574764.6758,-25.906731078052324,4.935231817944275,551.4255833603459,7.5432078562370695,0.0,-7.1371392842966905,1.0,-1.0,0.4170720673506396,-0.6647505570112615,0.2820787204863434,1.034409888026513,1.194719065392822,-1.0,0.4170720673506396,18.003567711728635,0.0,18.003567711728632,204,True
brain_substantia_nigra,excluded_at_or_below_-1,ENSG00000257534.1,ENSG00000257534,0.23749619827669874,9.173112815995745,-0.9770372478894631,0.39271847318174674,84.76381083263428,3.5664120871250202,0.0,-0.035573878935095817,1.0,-0.9671585988704988,0.0133336174856506,-0.7304326305162434,0.1894102536526759,1.2295921157673941,1.617847562718806,-0.9671585988704988,0.0133336174856506,9.151441093362681,0.0,9.15144109336268,136,True
brain_substantia_nigra,raw,ENSG00000257534.1,ENSG00000257534,3.3975576510587584,118511858014.38481,-1.4259613440036316,0.09410835222016331,493.65676518527096,21.62900961257392,0.0,-6.401135452114944,1.0,-1.0,0.0133336174856506,-0.7996657800557875,0.2013888684601404,1.2121796092180814,1.4530455790948782,-1.0,0.0133336174856506,150.05641478952282,0.0,150.0564147895212,183,True
breast_mammary_tissue,excluded_at_or_below_-1,ENSG00000257534.1,ENSG00000257534,2.660140231358949,24.77093714071177,-0.7841132425979989,0.3742665377403491,496.7853472246893,5.255732686344711,0.0,0.679513505509116,0.7938499387624266,-0.9639440502080948,0.6067975279833946,-0.564619239658232,0.31053906931037023,1.110685591680421,0.7387237592175211,-0.9639440502080948,0.6067975279833946,24.770695936944307,0.0,19.664215452645927,421,True
breast_mammary_tissue,raw,ENSG00000257534.1,ENSG00000257534,1.957342212197392,3820081242552.2124,-16.797308521680097,3.1635682032732277,3275.038970849303,7.780177709128398,0.0,-7.061889146956557,1.0,-1.0,0.6067975279833946,-0.6433943577745441,0.3272592924160511,1.0863266709845212,0.7449436205272,-1.0,0.6067975279833946,56.33409582351612,0.0,56.33409582351673,514,True
cells_cultured_fibroblasts,excluded_at_or_below_-1,ENSG00000257534.1,ENSG00000257534,3.4156904171001425,29.329776252991234,-0.7255144493475106,0.28335396987522976,754.9783706224321,5.333435563700178,0.0,1.197782402311366,0.4880483748624696,-0.965503944408,0.3431007727496764,-0.5927083524442647,0.26104993534444293,1.133880635242815,1.0787879797077071,-0.965503944408,0.3431007727496764,29.329718885202105,0.0,14.314321637095974,535,True
cells_cultured_fibroblasts,raw,ENSG00000257534.1,ENSG00000257534,-1.5876679377369207,4079811061227.1284,-23.057690277491353,4.413380246158107,7496.376360803655,7.4984964421133276,0.0,-7.068116274868539,1.0,-1.0,0.3431007727496764,-0.6657959640455239,0.28348392310365167,0.9839814295330471,0.7837008105858043,-1.0,0.3431007727496764,55.337184805433395,0.0,55.337184805433004,652,True
cells_ebv-transformed_lymphocytes,excluded_at_or_below_-1,ENSG00000257534.1,ENSG00000257534,0.16441280229353641,14.820862776964894,-0.79569225816251,0.4797575336461803,372.6681351764982,3.213633610349894,0.0,0.49954400271428273,0.8820261036370681,-0.9651574684153292,0.2945001823319828,-0.6163198642615236,0.2451660241997237,0.8873860078323896,0.6230514348067109,-0.9651574684153292,0.2945001823319828,14.736032832993502,0.0,12.997565622753164,283,True
cells_ebv-transformed_lymphocytes,raw,ENSG00000257534.1,ENSG00000257534,-3.9340441940815887,3068373612290.3203,-32.966502584901704,6.343680953046686,1016.0660689999595,7.414963261820388,0.0,-7.126376914572092,1.0,-1.0,0.2945001823319828,-0.6679465491926948,0.2630385260243325,0.7991803908429175,0.37199615853640555,-1.0,0.2945001823319828,25.24598039757231,0.0,25.24598039757231,327,True
cervix_ectocervix,excluded_at_or_below_-1,ENSG00000257534.1,ENSG00000257534,0.3953898770135347,2.697158841498536,-0.883495509723354,0.024890478653865837,12.761489152106249,49.22156116663208,0.0,2.8889803969877534,0.015406900656951859,-0.9343422183222988,-0.0171848971506886,-0.6104817171778594,0.27142445098554874,0.7525424050185878,-0.2839473986289871,-0.9343422183222988,-0.0171848971506886,2.69671629624011,0.0,0.041548040076154535,21,True
cervix_ectocervix,raw,ENSG00000257534.1,ENSG00000257534,0.35779255664097764,4305619993760.1533,-10.081575074954861,1.6962434555668793,24.478431554302453,8.391010759542496,0.0,-7.571605712941975,1.0,-1.0,-0.0171848971506886,-0.6591715025306271,0.2852688621260189,0.7510605349138917,-0.2628099779602149,-1.0,-0.0171848971506886,1.5294222995056959,0.0,1.529422299505712,24,True
cervix_endocervix,excluded_at_or_below_-1,ENSG00000257534.1,ENSG00000257534,0.24004994980546088,2.255900347802627,-0.8731138848166003,0.09294728317731325,15.525056643593476,14.202993106386959,0.0,-0.267035942213959,1.0,-0.8555633068842036,0.0603587231037743,-0.6061105160592812,0.24754256006043598,1.166575457658486,1.1345285955343414,-0.8555633068842036,0.0603587231037743,2.1768852340178504,0.0,2.1768852340178504,16,True
cervix_endocervix,raw,ENSG00000257534.1,ENSG00000257534,0.410256410293428,11.868937519113269,-0.9912020394441032,0.005809731047975308,19.43589743590286,255.9725191707227,0.0,2.1416129312403998,0.10094601669848596,-1.0,0.0603587231037743,-0.725989924215152,0.27590080538263245,1.0425674463291752,0.8018200347220796,-1.0,0.0603587231037743,11.8679455492674,0.0,1.1980218295930691,23,True
colon_sigmoid,excluded_at_or_below_-1,ENSG00000257534.1,ENSG00000257534,1.8048008000119589,14.999208815346526,-0.8210737832602429,0.1691220442925385,253.63771439670649,5.638274266472888,0.0,1.1447909681931803,0.5193004170798169,-0.9579762950022336,-0.1468075369177811,-0.7341195165199638,0.16190603515034144,1.1569568044382095,1.0985475401419933,-0.9579762950022336,-0.1468075369177811,14.999198373883306,0.0,7.789089971420512,266,True
colon_sigmoid,raw,ENSG00000257534.1,ENSG00000257534,6.8205128495969385,192.5886905474503,-0.991768423156253,0.004634103156896308,1611.7435897539117,257.86114476432124,0.0,2.5120734731205285,0.042824366037716784,-1.0,-0.1468075369177811,-0.8312071393658957,0.1817843496626087,1.1282715969671606,0.9277974257872588,-1.0,-0.1468075369177811,191.70318204491062,0.0,8.209567238486308,419,True
colon_transverse,excluded_at_or_below_-1,ENSG00000257534.1,ENSG00000257534,1.8398079435042274,23.37665232050857,-0.8195784233411919,0.18734976871196324,619.8377266054893,6.298846688718927,0.0,1.282868343576467,0.4391713817318303,-0.9895280645068754,0.0148694292896247,-0.7396479687698442,0.16919410195804782,1.1754763662655066,1.4568365282874831,-0.9895280645068754,0.0148694292896247,23.376417430880025,0.0,10.266253543059623,352,True
colon_transverse,raw,ENSG00000257534.1,ENSG00000257534,8.999985606116315,2254.9992479867815,-1.007267320508823,0.011633409991375746,3548.0000003390846,124.25588501020201,0.0,-0.8834506162259134,1.0,-1.0,0.0148694292896247,-0.8086765866534137,0.18508171259781567,1.090942004694771,1.099769806645675,-1.0,0.0148694292896247,1526.392554392693,0.0,1526.392554392688,479,True
esophagus_gastroesophageal_junction,excluded_at_or_below_-1,ENSG00000257534.1,ENSG00000257534,2.6096056229207196,16.245629624644724,-0.7893717977651172,0.20275527469611931,446.78578650668703,5.788971401282761,0.0,1.301575904710446,0.4286777323835176,-0.975978253196489,0.0405908881431444,-0.6706654602924059,0.21297752439082346,1.009589363356094,0.3964746748790784,-0.975978253196489,0.0405908881431444,16.2456265023037,0.0,6.964138330157127,312,True
esophagus_gastroesophageal_junction,raw,ENSG00000257534.1,ENSG00000257534,7.974358990754058,14752.378991358772,-1.006281364100078,0.008484792952502814,1952.974359072294,174.48875246363207,0.0,-1.0469542804711056,1.0,-1.0,0.0405908881431444,-0.7450313240973465,0.23259326852138004,0.9492014413685937,0.3480367069309809,-1.0,0.0405908881431444,8527.939086489636,0.0,8527.93908648962,403,True
esophagus_mucosa,excluded_at_or_below_-1,ENSG00000257534.1,ENSG00000257534,0.482136844821025,28.17947896464276,-0.8364583193563728,0.38867630918010454,528.052152407409,3.946772565294228,0.0,0.44846365184107817,0.9042916833519791,-0.9597121203640004,0.2482554994516752,-0.6744930982093641,0.20613244532897426,1.0440917893659958,1.1437416174394883,-0.9597121203640004,0.2482554994516752,28.167788748218747,0.0,25.471897103429665,452,True
esophagus_mucosa,raw,ENSG00000257534.1,ENSG00000257534,11.513183990550658,28587297340.74044,-1.3018556465241526,0.07271077835269069,5220.445440679206,30.14942564899106,0.0,-5.871046340924764,1.0,-1.0,0.2482554994516752,-0.7603760266948413,0.2277599746146225,0.9831192623747513,0.7578091192509477,-1.0,0.2482554994516752,936.0189654832252,0.0,936.0189654831886,614,True
esophagus_muscularis,excluded_at_or_below_-1,ENSG00000257534.1,ENSG00000257534,1.0325049915631626,22.730291047912395,-0.8100003704666424,0.2554108432659546,640.5453152414234,4.330134745879146,0.0,0.7758198650923052,0.7400940480841544,-0.9501155632761344,-0.0279661739876035,-0.7153015529054039,0.1680310641458464,1.1368684558387454,1.3775890389137313,-0.9501155632761344,-0.0279661739876035,22.728362994712356,0.0,16.82112617508276,390,True
esophagus_muscularis,raw,ENSG00000257534.1,ENSG00000257534,9.999999999577241,371.3530752535482,-0.9935067081820704,0.006188114219660768,4004.000000492164,220.66181553992618,0.0,1.4839579599527424,0.33251660459733573,-1.0,-0.0279661739876035,-0.8020812934636498,0.19188239962565684,0.982569774124234,0.7769439127112561,-1.0,-0.0279661739876035,371.3530262501578,0.0,123.48104739564776,561,True
fallopian_tube,excluded_at_or_below_-1,ENSG00000257534.1,ENSG00000257534,0.2223961329927248,1.0857891180863835,-0.5397178115356464,0.36462624615296035,19.53350959336241,3.5916213500918284,0.0,1.287607746369695,0.43560795138308034,-0.8717013192375711,0.3863088122574825,-0.4179155316576988,0.29979900878231164,0.7457526358718947,0.15434695440463875,-0.8717013192375711,0.3863088122574825,1.084072589734971,0.0,0.47223063996500136,29,True
fallopian_tube,raw,ENSG00000257534.1,ENSG00000257534,0.2223961329927248,1.0857891180863835,-0.5397178115356464,0.36462624615296035,19.53350959336241,3.5916213500918284,0.0,1.287607746369695,0.43560795138308034,-0.8717013192375711,0.3863088122574825,-0.4179155316576988,0.29979900878231164,0.7457526358718947,0.15434695440463875,-0.8717013192375711,0.3863088122574825,1.084072589734971,0.0,0.47223063996500136,29,True
heart_atrial_appendage,excluded_at_or_below_-1,ENSG00000257534.1,ENSG00000257534,1.6875352913800505,14.587228003139195,-0.8964331267970966,0.08434322951311883,282.98837447213964,6.33317222843749,0.0,1.1754305138124694,0.5011678029391599,-0.966535414203285,-0.5187248279791474,-0.850609492437975,0.08549083293199422,1.1496385497233244,1.1683879187248003,-0.966535414203285,-0.5187248279791474,14.587167432343925,0.0,7.310618653173471,239,True
heart_atrial_appendage,raw,ENSG00000257534.1,ENSG00000257534,6.128205108976373,233.97962873751186,-0.9946017724970284,0.0021764839579016693,1500.3589743599598,309.2104706375516,0.0,3.507605245497984,0.002153064945455285,-1.0,-0.5187248279791474,-0.9225502574678439,0.09677476480934037,1.2771190298778603,1.229364673814361,-1.0,-0.5187248279791474,231.4698602452763,0.0,0.49836964202353773,461,True
heart_left_ventricle,excluded_at_or_below_-1,ENSG00000257534.1,ENSG00000257534,0.5550333585491034,23.467329531768165,-0.9329154644253355,0.06402820365618454,120.1171441154618,13.403169472807527,0.0,0.9405521682680863,0.642558732250537,-0.975498754093468,-0.3260899555515404,-0.8983540640965614,0.07481389500305993,3.6198871746469092,21.34616487711571,-0.975498754093468,-0.3260899555515404,23.4668100579198,0.0,15.078803720781098,158,True
heart_left_ventricle,raw,ENSG00000257534.1,ENSG00000257534,4.051282051325618,356.0624900693887,-0.9930162874555596,0.0031776706578794324,2341.8974359020567,296.8137246519492,0.0,3.1080820070427775,0.008029012350394184,-1.0,-0.3260899555515404,-0.9644688985116299,0.06559561211024131,3.4918710796459904,21.997093864047166,-1.0,-0.3260899555515404,354.14736848294973,0.0,2.843453595409203,452,True
kidney_cortex,excluded_at_or_below_-1,ENSG00000257534.1,ENSG00000257534,0.7645339553897504,3.6785615127187636,-0.8983153094339352,0.10023696264879263,48.528504090473504,7.907385704966416,0.0,0.9323099697259885,0.6475251920201938,-0.9643957955068488,-0.3378537591796111,-0.7841623487499109,0.15698059373407752,1.2333877323684495,0.890711293986354,-0.9643957955068488,-0.3378537591796111,3.6785491518352376,0.0,2.381953245897834,65,True
kidney_cortex,raw,ENSG00000257534.1,ENSG00000257534,1.6666666655213487,57.36943048719399,-0.9936032703238109,0.002868372618317424,132.6666666669295,323.30871040166534,0.0,3.153823811150399,0.0069671774579784206,-1.0,-0.3378537591796111,-0.8651014679686942,0.1622857705389633,1.4258870915788102,1.5888054862331753,-1.0,-0.3378537591796111,56.983079204395345,0.0,0.3970112249190647,104,True
kidney_medulla,excluded_at_or_below_-1,ENSG00000257534.1,ENSG00000257534,0.10636824865926905,1053246161542.4169,-5.865938776154158,0.937446312100457,12.265450890300661,8.111816288174596,0.0,-7.465240666991252,1.0,-0.9174200245237464,-0.4888214396287728,-0.7840730332255954,0.12882719108793864,1.1396650462395281,0.4869470771198592,-0.9174200245237464,-0.4888214396287728,0.8281733736151943,0.0,0.8281733736151942,11,True
kidney_medulla,raw,ENSG00000257534.1,ENSG00000257534,0.10636824865926905,1053246161542.4169,-5.865938776154158,0.937446312100457,12.265450890300661,8.111816288174596,0.0,-7.465240666991252,1.0,-0.9174200245237464,-0.4888214396287728,-0.7840730332255954,0.12882719108793864,1.1396650462395281,0.4869470771198592,-0.9174200245237464,-0.4888214396287728,0.8281733736151943,0.0,0.8281733736151942,11,True
liver,excluded_at_or_below_-1,ENSG00000257534.1,ENSG00000257534,0.7439308346117585,3.5034335938505055,-0.9046667657814736,0.06381279205571425,42.44708074177285,5.285142068807376,0.0,1.3305416783020663,0.412648844304074,-0.9647040767633288,-0.6661881648155912,-0.8646326978256258,0.07735145989051553,1.0367391363529328,0.18470235329462303,-0.9647040767633288,-0.6661881648155912,3.5033832873740645,0.0,1.4456670646891152,78,True
liver,raw,ENSG00000257534.1,ENSG00000257534,2.1957687545622124,173.13524489840847,-0.9958466840057331,0.0037123828865448434,214.63909996903556,125.58175248578266,0.0,1.5821848089004653,0.28735582765580375,-1.0,-0.6661881648155912,-0.9596998108030489,0.07490710605396672,2.0374001668472994,3.6533572150902405,-1.0,-0.6661881648155912,172.3371409850781,0.0,49.522081783602246,262,True
lung,excluded_at_or_below_-1,ENSG00000257534.1,ENSG00000257534,1.3336861721104436,26.239353403437786,-0.8135378797152876,0.266288806324431,468.7384702654257,4.845251026410927,0.0,0.7361541584281708,0.7626439846195817,-0.9521517477577208,0.0987968245284851,-0.7024167554820029,0.18597599916132512,1.2852886260535308,1.9200027623033256,-0.9521517477577208,0.0987968245284851,26.239143918019366,0.0,20.011125270644953,416,True
lung,raw,ENSG00000257534.1,ENSG00000257534,10.666666666548018,403.6742212267115,-0.9923580482099238,0.006718054338550004,4972.666666744521,229.69835340885442,0.0,1.6087026570344387,0.27474581544354104,-1.0,0.0987968245284851,-0.7950420037756841,0.20692867080378208,1.147761137075428,1.3555755680012025,-1.0,0.0987968245284851,402.8462463370583,0.0,110.68032044824469,604,True
minor_salivary_gland,excluded_at_or_below_-1,ENSG00000257534.1,ENSG00000257534,0.1852574385897417,8.190559860844141,-0.8094519646090096,0.3071610458708902,84.63719045471952,4.147723158553672,0.0,0.7058899895669606,0.779430386076487,-0.96276820568744,0.0914154978882484,-0.7042528605395766,0.18406494356977665,1.1192183462319607,1.8671033173481622,-0.96276820568744,0.0914154978882484,8.18905102113174,0.0,6.382795199000762,136,True
minor_salivary_gland,raw,ENSG00000257534.1,ENSG00000257534,3.4383688957563034,82492774502.69928,-1.3744748463435226,0.08388136023636647,512.995892857501,24.714453841981904,0.0,-6.313529072183431,1.0,-1.0,0.0914154978882484,-0.7777811548805657,0.2045484649980945,0.981578555545763,1.1065043532777183,-1.0,0.0914154978882484,182.29967009723967,0.0,182.29967009723381,181,True
muscle_skeletal,excluded_at_or_below_-1,ENSG00000257534.1,ENSG00000257534,2.062254869211273,40.69130647135853,-0.892920173569669,0.1365993216273237,343.8356955587565,7.587716986052948,0.0,0.7585931472852893,0.7499769999108996,-0.9661929182719782,-0.1600202632790954,-0.816160830108877,0.12872798787824502,1.8855021327418193,4.840192329627376,-0.9661929182719782,-0.1600202632790954,40.69053164110212,0.0,30.5169628449733,462,True
muscle_skeletal,raw,ENSG00000257534.1,ENSG00000257534,11.846153851029715,899.5771951210056,-0.9934162578623209,0.0039950178473971915,9343.076923157372,295.01743506224534,0.0,2.3306072157698874,0.06691049186372817,-1.0,-0.1600202632790954,-0.8961690751959672,0.1329202121079185,1.837760996285893,4.603743781643889,-1.0,-0.1600202632790954,889.3219938418765,0.0,59.50497203319172,818,True
nerve_tibial,excluded_at_or_below_-1,ENSG00000257534.1,ENSG00000257534,0.8333241299934617,34.4508054970157,-0.5568444686608681,0.5223806443578357,542.3759739861841,4.120002205194156,0.0,1.0188237777601095,0.5950326296506393,-0.9331764708942074,0.9649973973537328,-0.42758056654897203,0.3231495008271034,0.8034829616766891,0.6209263445220183,-0.9331764708942074,0.9649973973537328,34.44363121627167,0.0,20.49508445733498,602,True
nerve_tibial,raw,ENSG00000257534.1,ENSG00000257534,-1.055602150999772,37.27624840396848,-0.721253976178067,0.7593347625523921,2507.691270630151,3.1405378492129703,0.0,0.5191470571181078,0.8730120960845056,-1.0,0.9649973973537328,-0.4856768672574346,0.35176167226536587,0.6215947153794293,0.2765340369374476,-1.0,0.9649973973537328,37.00727171071611,0.0,32.3077958465411,670,True
ovary,excluded_at_or_below_-1,ENSG00000257534.1,ENSG00000257534,0.04667316550504545,10.605273983506729,-0.9199037280155654,0.5464820442210335,101.79633586770876,3.6318746035058953,0.0,0.050150581300727554,0.99874200516581,-0.9392829737796252,0.4835294665776732,-0.6160159118733665,0.25852591675949266,1.4399531151804967,3.063705367522508,-0.9392829737796252,0.4835294665776732,10.59077327100182,0.0,10.57745013293682,152,True
ovary,raw,ENSG00000257534.1,ENSG00000257534,0.6071384488158801,4752004203700.849,-15.503409857033816,2.8413804709715325,848.065944147094,7.957028860889093,0.0,-7.218645700573745,1.0,-1.0,0.4835294665776732,-0.6975876611645165,0.27813708464281606,1.2529748859289884,2.2817649577745547,-1.0,0.4835294665776732,22.9076316108168,0.0,22.9076316108168,193,True
pancreas,excluded_at_or_below_-1,ENSG00000257534.1,ENSG00000257534,1.0738171072312552,21.945709064373016,-0.8999552496404076,0.11325755162232219,223.4397864388417,10.44781172582766,0.0,0.9749670659037751,0.6217125160746819,-0.9780356653107032,-0.0632403380024332,-0.8277033866815889,0.1315097901403049,2.0060994966135253,5.941074984244937,-0.9780356653107032,-0.0632403380024332,21.94564533619909,0.0,13.643882378850945,204,True
pancreas,raw,ENSG00000257534.1,ENSG00000257534,4.912048575858502,124669109101.45102,-1.3618275149658539,0.08247620584472024,2187.85962862743,22.266780810007685,0.0,-6.20423034332904,1.0,-1.0,-0.0632403380024332,-0.9029046709476356,0.13056517334266002,2.0665066041409155,6.155648589914492,-1.0,-0.0632403380024332,546.039796625622,0.0,546.0397966255969,362,True
pituitary,excluded_at_or_below_-1,ENSG00000257534.1,ENSG00000257534,0.9825565945694883,10.818716007025216,-0.8684861341778557,0.10818650792348528,171.65240315085344,7.321633852273718,0.0,1.055840618014272,0.5727099737137761,-0.9492573220846248,-0.3083854394548491,-0.7999324004188287,0.12371024272042253,1.4330124843922474,1.8059308540217431,-0.9492573220846248,-0.3083854394548491,10.818457866403723,0.0,6.19583872029167,150,True
pituitary,raw,ENSG00000257534.1,ENSG00000257534,3.846153847223673,228.96021440488653,-0.9927932380574339,0.0023852167748882984,869.076923076923,405.79070261780157,0.0,4.272945162583301,0.00010996579459776897,-1.0,-0.3083854394548491,-0.9041209586671702,0.13164446354285,1.6064257642429864,2.5080516214424557,-1.0,-0.3083854394548491,225.84733671254986,0.0,0.024835481839385665,313,True
prostate,excluded_at_or_below_-1,ENSG00000257534.1,ENSG00000257534,0.280487108183798,12.893750829637483,-0.8896020038753913,0.28946215694907357,102.7486126883048,4.805641386259574,0.0,0.30456040783426985,0.9546832262468292,-0.9519396273564334,0.0940198183168694,-0.7421533669221535,0.17130054534945935,1.5903356414862588,3.7557638662621304,-0.9519396273564334,0.0940198183168694,12.89358385519226,0.0,12.309288232758979,168,True
prostate,raw,ENSG00000257534.1,ENSG00000257534,4.307692289079192,195.2844180786002,-0.9903570810186956,0.005309475993646065,1070.3076923076928,288.8308600697419,0.0,2.568454367351059,0.03728288077423102,-1.0,0.0940198183168694,-0.846389239868517,0.1830518410954304,1.534707311706709,3.118030446903175,-1.0,0.0940198183168694,193.48483740527183,0.0,7.213672124602221,282,True
skin_not_sun_exposed_suprapubic,excluded_at_or_below_-1,ENSG00000257534.1,ENSG00000257534,1.2380376509102955,32.182412579301655,-0.6472001473005236,0.6411441682011331,466.5585959383409,3.624286498729148,0.0,0.643305214283768,0.8128228509923029,-0.938847319612541,0.995896916944194,-0.41157630584327026,0.36612241512916444,0.8608504408999662,0.36796845719516336,-0.938847319612541,0.995896916944194,32.137125854489895,0.0,26.121790259744923,609,True
skin_not_sun_exposed_suprapubic,raw,ENSG00000257534.1,ENSG00000257534,0.7110784894332685,33.887812090186806,-0.6987821464384004,0.7140394750336047,742.3713864604813,3.3564504472145704,0.0,0.5965865874791851,0.8363952589984092,-1.0,0.995896916944194,-0.4495391248211239,0.382509358374548,0.7696148144467595,0.252805989062999,-1.0,0.995896916944194,33.76643463727468,0.0,28.24208584389621,651,True
skin_sun_exposed_lower_leg,excluded_at_or_below_-1,ENSG00000257534.1,ENSG00000257534,0.12313802472959667,51.80911202494585,-0.39506071162381745,0.6252241133340324,555.4967872046932,5.110541966315469,0.0,1.2098608971051594,0.4810049994873401,-0.9299404686675624,1.8643109664304132,-0.29471871161575336,0.38208349035523564,0.7749968614709465,1.3516828883474847,-0.9299404686675624,1.8643109664304132,51.80867108139539,0.0,24.92022980694636,734,True
skin_sun_exposed_lower_leg,raw,ENSG00000257534.1,ENSG00000257534,0.19924011678436077,53.21656073094822,-0.39113359517427937,0.6162305040985495,607.9702825234165,5.176115539538257,0.0,1.3973133781124487,0.3767255571833708,-1.0,1.8643109664304132,-0.3134264380980941,0.39366430315812106,0.6796896277181723,1.1487792311734255,-1.0,1.8643109664304132,53.2161321083896,0.0,20.047877019676942,754,True
small_intestine_terminal_ileum,excluded_at_or_below_-1,ENSG00000257534.1,ENSG00000257534,0.4980536514209132,9.900172084602662,-0.835821484248048,0.44136680302125525,180.0250139661552,3.6369994128897387,0.0,0.37928420965019094,0.9305083394069569,-0.9541936053362096,0.2992622443817812,-0.6212532480327277,0.24841724614614644,1.0097365272590022,0.7111481022956996,-0.9541936053362096,0.2992622443817812,9.886848259397285,0.0,9.19979475582033,180,True
small_intestine_terminal_ileum,raw,ENSG00000257534.1,ENSG00000257534,-1.7422201156170987,259.6413517064845,-4.377443792734692,2.0579754907207843,449.53849782070415,3.213770588981024,0.0,-2.3209347435742944,1.0,-1.0,0.2992622443817812,-0.6706549982893286,0.2645221684503117,0.9089629642734781,0.5291279786846541,-1.0,0.2992622443817812,16.08082756039297,0.0,16.08082756039297,207,True
spleen,excluded_at_or_below_-1,ENSG00000257534.1,ENSG00000257534,1.081280589637678,10.460690823494668,-0.8404200991774939,0.25950725086870374,150.47764868251568,4.456338701474003,0.0,0.5317418262526291,0.8681581736561389,-0.93799437167363,-0.0226849026497756,-0.6911462951450495,0.19674728708273742,1.1714713280636297,0.940507176171856,-0.93799437167363,-0.0226849026497756,10.460173570531564,0.0,9.081085183118898,191,True
spleen,raw,ENSG00000257534.1,ENSG00000257534,4.897435897660669,147.8458746389077,-0.9917078029358216,0.0050642503748501416,821.5897435899865,270.60378662166556,0.0,2.3156314719882998,0.06853770804244354,-1.0,-0.0226849026497756,-0.7870358930422545,0.21712409495653326,1.1149751162727959,0.8667447126684111,-1.0,-0.0226849026497756,147.74192317937627,0.0,10.125892796497213,277,True
stomach,excluded_at_or_below_-1,ENSG00000257534.1,ENSG00000257534,0.4364103589223648,17.973209197664882,-0.8587373558164307,0.3253513068148565,354.11946336665414,4.029157476907829,0.0,0.40956644926460894,0.9195264727511775,-0.9529614412311954,0.0682030196351344,-0.7145654495463286,0.1722229182460985,1.0026136894360647,0.951955174506455,-0.9529614412311954,0.0682030196351344,17.967809785211983,0.0,16.521876754860067,285,True
stomach,raw,ENSG00000257534.1,ENSG00000257534,7.307692311118865,473.43146039666055,-0.985382208595063,0.001062617910638815,2376.3076923076924,1402.1921745920474,0.0,19.454479968604403,0.0,-1.0,0.0682030196351344,-0.8001256833432523,0.19465692120951913,0.9423659527170403,0.5441161225881102,-1.0,0.0682030196351344,424.4131349050208,0.0,0.0,407,True
testis,excluded_at_or_below_-1,ENSG00000257534.1,ENSG00000257534,0.7722178393225371,22.83407541535887,-0.7936586413439902,0.24374409121137722,448.10181814819896,5.323317956775226,0.0,0.897005949255256,0.6687784554744021,-0.9482603972100112,0.1238317095660173,-0.7113854880860914,0.16505863085171388,1.1789890886204228,2.0111389777541273,-0.9482603972100112,0.1238317095660173,22.83388234842688,0.0,15.27080856946514,331,True
testis,raw,ENSG00000257534.1,ENSG00000257534,-3.0819054395724934,3104799846781.9893,-19.466659115391465,3.6938842327150416,4039.815248539276,7.500272361767277,0.0,-7.0700103542530295,1.0,-1.0,0.1238317095660173,-0.7692478177693145,0.1874920860011896,0.8650700175432916,1.0219521300896677,-1.0,0.1238317095660173,41.552225202789344,0.0,41.552225202789344,414,True
thyroid,excluded_at_or_below_-1,ENSG00000257534.1,ENSG00000257534,1.3593755254570745,31.59115468829143,-0.8651659200308368,0.37863677572425214,750.5054007214571,4.429435236587326,0.0,0.31042139885072,0.9529605394050005,-0.9482770997733206,0.3207561506403773,-0.6598224866015703,0.22776690229906665,1.2700205651069825,1.682878289385016,-0.9482770997733206,0.3207561506403773,31.589368135936375,0.0,30.103421298285063,470,True
thyroid,raw,ENSG00000257534.1,ENSG00000257534,12.051282079220785,468.7876299633552,-0.991260729336251,0.008467203860638192,6645.897436136259,219.13634019738012,0.0,1.4596548401743314,0.3446569151485385,-1.0,0.3207561506403773,-0.7662522934250556,0.24604345871714556,1.2426701922995615,1.4987450827321016,-1.0,0.3207561506403773,468.74529067936186,0.0,161.55630587595385,684,True
uterus,excluded_at_or_below_-1,ENSG00000257534.1,ENSG00000257534,0.8881277863606518,5.8607142039849585,-0.7749898937420752,0.30105819038402876,78.97299542754965,4.450271113141734,0.0,0.753904572654765,0.7526156683875321,-0.9354813162573752,0.1723851022893281,-0.6098359413796504,0.240409606715992,0.9414108750811598,0.24600279806333214,-0.9354813162573752,0.1723851022893281,5.860409600951488,0.0,4.410636088844815,123,True
uterus,raw,ENSG00000257534.1,ENSG00000257534,0.5447795162089611,5747630845910.9,-17.862234583826904,3.2549847614258063,582.9454203423359,7.835613872789476,0.0,-7.326240393801061,1.0,-1.0,0.1723851022893281,-0.6863386979718759,0.265599966772181,0.8232833078711199,0.11482266694677357,-1.0,0.1723851022893281,12.449112866487114,0.0,12.449112866487114,153,True
vagina,excluded_at_or_below_-1,ENSG00000257534.1,ENSG00000257534,1.2352640959155223,5.1179159255771465,-0.772588616997322,0.2524906601647126,85.59532030266897,4.6177374721504805,0.0,0.9682066718028317,0.625799816367259,-0.945450162271403,0.051852340034747,-0.6179452775292849,0.2358777284119384,0.8259297333715181,-0.11627698144360421,-0.945450162271403,0.051852340034747,5.117789160492755,0.0,3.2027115168427147,126,True
vagina,raw,ENSG00000257534.1,ENSG00000257534,3.2307692255474647,86.38524161825983,-0.989469135983685,0.0030203964870017057,272.9230769230769,487.5687548019601,0.0,4.93077341980469,5.255369340745629e-06,-1.0,0.051852340034747,-0.7168300292275878,0.26328591032513005,0.824459483914913,-0.0967601974945973,-1.0,0.051852340034747,86.384983646203,0.0,0.0004539849945550678,170,True
whole_blood,excluded_at_or_below_-1,ENSG00000257534.1,ENSG00000257534,1.989937011923394,34.02290991886336,-0.8286968658123783,0.18974581448094577,605.6975888573495,8.871436839518381,0.0,0.9546195653414907,0.6340393909705473,-0.9567786999599855,0.3615887130545232,-0.7142190053106495,0.20226414881822186,1.8018515320870307,4.379506274968681,-0.9567786999599855,0.3615887130545232,34.022737706903584,0.0,21.571755894835825,368,True
whole_blood,raw,ENSG00000257534.1,ENSG00000257534,9.44764596175065,390.83223801834777,-0.982999414279971,0.015010506649502438,7472.312647229712,126.6802520316871,0.0,1.6017086867849635,0.2787407100167444,-1.0,0.3615887130545232,-0.8690318729194508,0.1975394974021049,2.0759804190931836,5.529113817353453,-1.0,0.3615887130545232,388.7810511066014,0.0,108.36910622651025,803,True
adipose_subcutaneous,excluded_at_or_below_-1,ENSG00000257543.1,ENSG00000257543,0.11850275937231196,35.636073226251185,-0.39145045653285543,0.5533552477617514,921.0945713840409,3.4723351998829948,0.0,1.2900163260684943,0.43378403682483346,-0.8962096546630828,0.9672091942902328,-0.3076330887351063,0.33256424427914993,0.5228479788901658,-0.14471727043069427,-0.8962096546630828,0.9672091942902328,35.55015321070237,0.0,15.421088969479788,681,True
adipose_subcutaneous,raw,ENSG00000257543.1,ENSG00000257543,0.1268894828863835,37.23038557958839,-0.39532429009862186,0.5653049970628786,1650.3103394643604,3.408626038725531,0.0,1.5127065817976333,0.3164474671346386,-1.0,0.9672091942902328,-0.3396332400960888,0.3558673405202091,0.33654028581340284,-0.18665565515839777,-1.0,0.9672091942902328,37.11870148039223,0.0,11.746119066796883,714,True
adipose_visceral_omentum,excluded_at_or_below_-1,ENSG00000257543.1,ENSG00000257543,0.33404573166631957,31.30748968737111,-0.7931403645574857,0.5789721083911586,859.5718107748535,3.7868589916591726,0.0,0.3116551256587159,0.9525639903793539,-0.9207304471265956,0.7571811660194574,-0.5307475199761206,0.2850402853813499,1.0152584304699186,1.0998772781194255,-0.9207304471265956,0.7571811660194574,31.28325839555268,0.0,29.799305449336085,490,True
adipose_visceral_omentum,raw,ENSG00000257543.1,ENSG00000257543,12.564102634467842,803.3567213439684,-0.9945340742642798,0.010992373146832699,6977.589743591137,225.36529802381267,0.0,0.7032136012055838,0.7819823666228962,-1.0,0.7571811660194574,-0.6082900933361143,0.31340883275135134,0.8392311508474477,0.6328778193111684,-1.0,0.7571811660194574,802.2876861098822,0.0,627.374823496613,587,True
adrenal_gland,excluded_at_or_below_-1,ENSG00000257543.1,ENSG00000257543,0.7381947830790054,16.288323424810866,-0.37378786153779797,0.49926411039896984,195.51003995112404,4.2884775813927325,0.0,1.4839305437996604,0.33246234137010056,-0.8976643696945915,1.1401864076999848,-0.28696461202238027,0.37204909180441903,0.8619704207242093,1.0543340213716466,-0.8976643696945915,1.1401864076999848,16.28667014008943,0.0,5.4147044878966355,293,True
adrenal_gland,raw,ENSG00000257543.1,ENSG00000257543,0.8002253016281139,17.370149777908093,-0.36250172016348736,0.4699110816993071,228.17999095713174,4.522391603868174,0.0,1.918572999117344,0.15871538491821227,-1.0,1.1401864076999848,-0.2917987502459573,0.3753852393354629,0.8254746121725901,1.0158653107139903,-1.0,1.1401864076999848,17.369339833551546,0.0,2.756781457457371,295,True
artery_aorta,excluded_at_or_below_-1,ENSG00000257543.1,ENSG00000257543,1.317339676613445,20.53637504042821,-0.45487187273147894,0.655096625960366,529.3130944538611,3.3752045376330644,0.0,0.8850891329276461,0.6748236571062645,-0.864865752073247,1.1086013984619232,-0.2559030482345801,0.4109810144786336,0.7773657010390267,0.29668644989344006,-0.864865752073247,1.1086013984619232,20.46728338796637,0.0,13.81180702689776,445,True
artery_aorta,raw,ENSG00000257543.1,ENSG00000257543,1.686861834171858,21.5645288095712,-0.42843401955408233,0.6164514038043373,1151.7494262504688,3.52614386242191,0.0,1.3112410099957417,0.422147736031005,-1.0,1.1086013984619232,-0.2984679162381105,0.43491026467796945,0.6257969884536226,0.157643306868684,-1.0,1.1086013984619232,21.521401237362646,0.0,9.085210808567512,472,True
artery_coronary,excluded_at_or_below_-1,ENSG00000257543.1,ENSG00000257543,0.7148805797426195,14.22247560239536,-0.27681340850550196,0.5413191522756196,189.8293952683777,4.175775573828787,0.0,1.5997219376254017,0.2780430552108777,-0.8891396838234854,1.3215500592618197,-0.18520951532997662,0.40655432363871,0.7636926628734783,0.7552477402694016,-0.8891396838234854,1.3215500592618197,14.220144948414536,0.0,3.9538125469987064,262,True
artery_coronary,raw,ENSG00000257543.1,ENSG00000257543,0.6492832844585419,14.821592079149763,-0.2741275261799083,0.552024088331277,273.14962709633807,4.087917411952161,0.0,1.8595904032608872,0.1772623021049108,-1.0,1.3215500592618197,-0.20345109334497713,0.4197104313645767,0.6444735601521616,0.6527510408701875,-1.0,1.3215500592618197,14.818047200071168,0.0,2.6266811593838435,268,True
artery_tibial,excluded_at_or_below_-1,ENSG00000257543.1,ENSG00000257543,-0.42353954880964473,39.98498107458134,-0.6426978472610788,0.7957785747793921,358.0325562013827,3.6757053410382863,0.0,0.4063108668847099,0.9206813571880788,-0.8713291453687917,1.4256231160113453,-0.3428693568064462,0.3703326655119386,0.8631210600181558,0.8833212247418873,-0.8713291453687917,1.4256231160113453,39.938283558869436,0.0,36.770433110742246,629,True
artery_tibial,raw,ENSG00000257543.1,ENSG00000257543,-0.4556108141685754,40.87042953989497,-0.6096843263169596,0.7810414780962746,2387.552533175661,3.6852836491544,0.0,0.7067354741194762,0.7787596473783074,-1.0,1.4256231160113453,-0.4018304275416131,0.40017849329157923,0.6699207143126823,0.510292104899706,-1.0,1.4256231160113453,40.82431708128852,0.0,31.79233077468446,691,True
bladder,excluded_at_or_below_-1,ENSG00000257543.1,ENSG00000257543,0.42763493941606073,2.936658832891983,-0.151306277665489,0.49761152432410005,70.67286459121377,2.857252791973203,0.0,1.9110582124952484,0.14664496420038303,-0.8237397880584325,0.8540594994857693,-0.08915485102786612,0.3777606195504913,0.3856609548877729,-0.2909913210009112,-0.8237397880584325,0.8540594994857693,2.887103496348635,0.0,0.42337918886484627,77,True
bladder,raw,ENSG00000257543.1,ENSG00000257543,0.42763493941606073,2.936658832891983,-0.151306277665489,0.49761152432410005,70.67286459121377,2.857252791973203,0.0,1.9110582124952484,0.14664496420038303,-0.8237397880584325,0.8540594994857693,-0.08915485102786612,0.3777606195504913,0.3856609548877729,-0.2909913210009112,-0.8237397880584325,0.8540594994857693,2.887103496348635,0.0,0.42337918886484627,77,True
brain_amygdala,excluded_at_or_below_-1,ENSG00000257543.1,ENSG00000257543,0.43330928980800837,9.575572537833718,-0.2521661178793639,0.41914713618313265,220.87164912207027,3.7249694490594627,0.0,2.1101777895262543,0.10704764733599567,-0.8775843721301615,0.851846966483232,-0.2203237236694343,0.31663996613537704,0.45311135372609046,0.31764349720312435,-0.8775843721301615,0.851846966483232,9.566213055969918,0.0,1.0240406015564651,179,True
brain_amygdala,raw,ENSG00000257543.1,ENSG00000257543,0.5136401545154479,10.34125547231271,-0.2537472485300725,0.4072280333947988,196.79679101229954,3.839486000800998,0.0,2.5915719831199855,0.0341929909831905,-1.0,0.851846966483232,-0.22893893114270022,0.3253100280026058,0.3394776336867528,0.34507375350893144,-1.0,0.851846966483232,10.334659545013453,0.0,0.35337292063698866,181,True
brain_anterior_cingulate_cortex_ba24,excluded_at_or_below_-1,ENSG00000257543.1,ENSG00000257543,1.1435807558589683,10.193438868883502,-0.31646212694646975,0.35898074490816173,242.79460554069365,3.34225345100069,0.0,2.21993998493666,0.08164207710961564,-0.879966629128393,0.5319278655089779,-0.28563280058205937,0.28639316888001454,0.25077811089428087,-0.2656348298232034,-0.879966629128393,0.5319278655089779,10.15518578999932,0.0,0.8290904613295975,227,True
brain_anterior_cingulate_cortex_ba24,raw,ENSG00000257543.1,ENSG00000257543,1.3557650090217221,10.969712829540933,-0.31515464300287993,0.3533230955217326,201.43508980848216,3.3905385387205946,0.0,2.741166949653872,0.020228762538710084,-1.0,0.5319278655089779,-0.3040285224554827,0.30456180955444645,0.05047781976686658,-0.14114883878297757,-1.0,0.5319278655089779,10.93469702480878,0.0,0.22119538954759643,233,True
brain_caudate_basal_ganglia,excluded_at_or_below_-1,ENSG00000257543.1,ENSG00000257543,0.7189375550705981,22.408983852926102,-0.22023893374050468,0.39164966506205506,301.3851114886033,6.011584873228104,0.0,2.1830550430902633,0.09228738659038802,-0.8248101238255627,1.444598163523,-0.1914767650519662,0.3381713808606564,1.016985139152026,3.0086000949904044,-0.8248101238255627,1.444598163523,22.408602655845478,0.0,2.0680313762504072,299,True
brain_caudate_basal_ganglia,raw,ENSG00000257543.1,ENSG00000257543,0.7147760050220628,24.386975330391543,-0.2184966324810405,0.3845050103282202,466.13435027810334,6.116880542111393,0.0,2.874377788841111,0.01606685142343065,-1.0,1.444598163523,-0.194171842501793,0.3408173133026648,0.9691908088757536,2.941240778536268,-1.0,1.444598163523,24.386310644541318,0.0,0.39181122989147077,300,True
brain_cerebellar_hemisphere,excluded_at_or_below_-1,ENSG00000257543.1,ENSG00000257543,1.3418946137288803,16.244998026309478,0.5510308450525698,0.45291919195341973,256.0156860601644,3.574676368052199,0.0008994673269345169,3.782869761292379,0.0,-0.660479467912143,1.6958646772188994,0.5140588280582699,0.4127632441794951,-0.1093053463592376,0.3493918878760178,-0.660479467912143,1.6958646772188994,16.232311383032055,0.014600433729664575,0.0,275,True
brain_cerebellar_hemisphere,raw,ENSG00000257543.1,ENSG00000257543,1.1719499464079188,18.940871106685954,0.5456928109254024,0.4620758808354293,193.95249018233156,3.520176490128373,0.0020241788274824447,4.730694301812802,0.0,-1.0,1.6958646772188994,0.5031269953647084,0.4308484350856106,-0.3341767513033222,0.8721580182467803,-1.0,1.6958646772188994,18.940260254149713,0.03833847379345712,0.0,277,True
brain_cerebellum,excluded_at_or_below_-1,ENSG00000257543.1,ENSG00000257543,0.6957814189686061,13.960774571936868,0.3578165693432942,0.5337157296572463,335.1698270090294,3.245266784351187,0.0,2.6281870470834776,0.026601453094312964,-0.6340454837656427,1.582560820017842,0.36145312735088514,0.41065667540562373,0.07966815866274163,0.026620298067484782,-0.6340454837656427,1.582560820017842,13.888668429715988,0.0,0.36945876177555514,265,True
brain_cerebellum,raw,ENSG00000257543.1,ENSG00000257543,0.5171917082296927,16.620822762442824,0.3599628775541865,0.5380699005930926,142.11459783413432,3.2133642667164994,0.004050865579332175,3.574401659786434,0.0,-1.0,1.582560820017842,0.35633488251122014,0.41829508994498826,-0.018479338072998952,0.2241496931007938,-1.0,1.582560820017842,16.59268024345291,0.0672147172670684,0.0,266,True
brain_cortex,excluded_at_or_below_-1,ENSG00000257543.1,ENSG00000257543,0.8936269543342431,15.39934636228309,-0.3690844467956747,0.38089076678863326,262.7353296967799,4.544727937966429,0.0,2.01427380105986,0.1314846054854346,-0.9115897041491172,0.8549491469940844,-0.32070065517671015,0.31232058612404706,0.6699876455630522,0.7604659529934543,-0.9115897041491172,0.8549491469940844,15.39884035718808,0.0,2.024710449298064,266,True
brain_cortex,raw,ENSG00000257543.1,ENSG00000257543,0.940180792302127,16.25082894655602,-0.3683276243327591,0.37751342270410104,234.27194393797663,4.582551232628265,0.0,2.3663255050542618,0.06079951321201778,-1.0,0.8549491469940844,-0.3307643491740923,0.3207081193543299,0.5623412971802767,0.6969601662627394,-1.0,0.8549491469940844,16.250380950417963,0.0,0.9880152512952589,270,True
brain_frontal_cortex_ba9,excluded_at_or_below_-1,ENSG00000257543.1,ENSG00000257543,0.2696581839293111,17.48934863990592,-0.29221245067414686,0.46504040416628817,304.3784340184519,4.712236581423079,0.0,1.8721530641768884,0.17333234758138405,-0.9078385773003372,1.2573274934025815,-0.24299735551600207,0.3467339705252285,0.9918595263058,2.223978803312626,-0.9078385773003372,1.2573274934025815,17.488980239080355,0.0,3.0314060016442332,269,True
brain_frontal_cortex_ba9,raw,ENSG00000257543.1,ENSG00000257543,0.2696581839293111,17.48934863990592,-0.29221245067414686,0.46504040416628817,304.3784340184519,4.712236581423079,0.0,1.8721530641768884,0.17333234758138405,-0.9078385773003372,1.2573274934025815,-0.24299735551600207,0.3467339705252285,0.9918595263058,2.223978803312626,-0.9078385773003372,1.2573274934025815,17.488980239080355,0.0,3.0314060016442332,269,True
brain_hippocampus,excluded_at_or_below_-1,ENSG00000257543.1,ENSG00000257543,0.355316029691845,14.764737671479937,-0.20123880724881987,0.6104516820696521,241.27806574030615,4.188289767311402,0.0,1.6670854726635589,0.24906416461959288,-0.9208437933823564,1.606655418542688,-0.12835854888132817,0.4298661984178588,0.691249049060205,0.8292555156236521,-0.9208437933823564,1.606655418542688,14.762298063304215,0.0,3.6767594350022983,255,True
brain_hippocampus,raw,ENSG00000257543.1,ENSG00000257543,0.355316029691845,14.764737671479937,-0.20123880724881987,0.6104516820696521,241.27806574030615,4.188289767311402,0.0,1.6670854726635589,0.24906416461959288,-0.9208437933823564,1.606655418542688,-0.12835854888132817,0.4298661984178588,0.691249049060205,0.8292555156236521,-0.9208437933823564,1.606655418542688,14.762298063304215,0.0,3.6767594350022983,255,True
brain_hypothalamus,excluded_at_or_below_-1,ENSG00000257543.1,ENSG00000257543,0.27008727474683725,14.862046369063536,0.04907423595170196,0.5659686068858698,215.92121662204244,3.8027519170490085,0.0,2.1558526013331374,0.09724254719122939,-0.8136984922212287,1.5709364653120783,0.05803847138644909,0.4062965227445092,0.3237975101734623,0.40280364933456037,-0.8136984922212287,1.5709364653120783,14.851226298408886,0.0,1.444171074170653,257,True
brain_hypothalamus,raw,ENSG00000257543.1,ENSG00000257543,0.27008727474683725,14.862046369063536,0.04907423595170196,0.5659686068858698,215.92121662204244,3.8027519170490085,0.0,2.1558526013331374,0.09724254719122939,-0.8136984922212287,1.5709364653120783,0.05803847138644909,0.4062965227445092,0.3237975101734623,0.40280364933456037,-0.8136984922212287,1.5709364653120783,14.851226298408886,0.0,1.444171074170653,257,True
brain_nucleus_accumbens_basal_ganglia,excluded_at_or_below_-1,ENSG00000257543.1,ENSG00000257543,0.5100880952847191,19.329092205635497,-0.1274641107970067,0.436329130723963,228.70599535613061,4.8299544924480164,0.0,2.4736185125401184,0.0469079686062999,-0.8906528144240692,1.3627279657022284,-0.08958737151899075,0.33883773435095393,0.4727806180252647,0.779031330737054,-0.8906528144240692,1.3627279657022284,19.32890286741235,0.0,0.9066795688987986,284,True
brain_nucleus_accumbens_basal_ganglia,raw,ENSG00000257543.1,ENSG00000257543,0.49858551858405,20.37798917797966,-0.1251802294418969,0.43440988917281,169.23424637161054,4.843858304298015,0.0,2.847959991222099,0.017320056512166927,-1.0,1.3627279657022284,-0.09278180179436273,0.34251276729940305,0.41789851974960324,0.7981192526733905,-1.0,1.3627279657022284,20.377747564682174,0.0,0.35294373941096724,285,True
brain_putamen_basal_ganglia,excluded_at_or_below_-1,ENSG00000257543.1,ENSG00000257543,0.470200019461958,15.345642750141252,-0.29680769819192043,0.49521739474857274,236.87580022404666,4.556718037314217,0.0,1.7524559159909936,0.21531444418663845,-0.9104679516493326,1.2988254473819252,-0.22269644103499803,0.36332410843437246,0.7068892318005698,0.7995046308506231,-0.9104679516493326,1.2988254473819252,15.34504419366685,0.0,3.3040096615787813,253,True
brain_putamen_basal_ganglia,raw,ENSG00000257543.1,ENSG00000257543,0.4275479553616482,16.16944319753425,-0.2878556950089239,0.4840648173006888,158.52270669214067,4.635548609468383,0.0,2.0805563604089445,0.1148059887449079,-1.0,1.2988254473819252,-0.22575669126714368,0.3658707348421745,0.6766550776803277,0.7832629908155115,-1.0,1.2988254473819252,16.1688993428304,0.0,1.8562864759705355,254,True
brain_spinal_cord_cervical_c-1,excluded_at_or_below_-1,ENSG00000257543.1,ENSG00000257543,-0.42559684472962234,11.094008200539648,0.18709283315526828,0.693020150195136,151.83180941202647,2.7191789829124993,0.0,2.259919321727074,0.05434888701250122,-0.9203563311308558,1.5195972563085278,0.17635560904924147,0.44606211965881964,0.03255216500743287,-0.1289994166051729,-0.9203563311308558,1.5195972563085278,10.81888607718208,0.0,0.5879944170098914,203,True
brain_spinal_cord_cervical_c-1,raw,ENSG00000257543.1,ENSG00000257543,-0.30134001527644744,11.37065264658133,0.18272757174004306,0.6819598801671888,194.7464087079058,2.7723320594441563,0.0,2.4526800200288994,0.02858072823939319,-1.0,1.5195972563085278,0.1705891599852746,0.4525203360552056,-0.017401334765596573,-0.07863763261329293,-1.0,1.5195972563085278,11.126953531453946,0.0,0.3180164350148416,204,True
brain_substantia_nigra,excluded_at_or_below_-1,ENSG00000257543.1,ENSG00000257543,0.21147308922299712,10.627063404710555,-0.1024882099203219,0.6429012534547385,162.61334675809212,4.108738831385855,0.0,1.754480283672497,0.21440503648213674,-0.9000746590574134,1.7653437887939178,-0.033105788015714496,0.45308984718117634,0.6930885998525245,0.9151899394396286,-0.9000746590574134,1.7653437887939178,10.624739662003744,0.0,2.2779976948451184,183,True
brain_substantia_nigra,raw,ENSG00000257543.1,ENSG00000257543,0.21147308922299712,10.627063404710555,-0.1024882099203219,0.6429012534547385,162.61334675809212,4.108738831385855,0.0,1.754480283672497,0.21440503648213674,-0.9000746590574134,1.7653437887939178,-0.033105788015714496,0.45308984718117634,0.6930885998525245,0.9151899394396286,-0.9000746590574134,1.7653437887939178,10.624739662003744,0.0,2.2779976948451184,183,True
breast_mammary_tissue,excluded_at_or_below_-1,ENSG00000257543.1,ENSG00000257543,1.4390841280450755,25.86990909526607,-0.3110200710023301,0.5590894172219162,470.91253805833105,4.05937625187435,0.0,1.501486426071288,0.3237514500710996,-0.9046115859289476,1.2937971668811286,-0.20996956855551413,0.40773124127466104,0.6973080222788721,0.46683703393638654,-0.9046115859289476,1.2937971668811286,25.86299959706048,0.0,8.373183622736596,493,True
breast_mammary_tissue,raw,ENSG00000257543.1,ENSG00000257543,1.39396157544747,26.683531646847904,-0.31971923176798805,0.5847793488755871,836.7195032716129,3.902081662884514,0.0,1.645171448863835,0.2580224749145209,-1.0,1.2937971668811286,-0.24224707645499707,0.42888865334867277,0.5448848354955537,0.3179089690646517,-1.0,1.2937971668811286,26.67021002142412,0.0,6.881513596217909,514,True
cells_cultured_fibroblasts,excluded_at_or_below_-1,ENSG00000257543.1,ENSG00000257543,-0.9534961938789526,31.134515543403342,-0.36477854740559834,0.5153905183994791,663.1806849715502,2.925417918322943,0.0,1.4241774989174685,0.3537597829340876,-0.883800284284051,0.7013494389004895,-0.3280019741829831,0.30024184623581607,0.3170441912836484,-0.23385746501475202,-0.883800284284051,0.7013494389004895,30.703101179012453,0.0,10.861522408490774,623,True
cells_cultured_fibroblasts,raw,ENSG00000257543.1,ENSG00000257543,-0.5251901461526614,32.74653194364434,-0.36778562352714705,0.5153196872388736,1197.4051293743732,2.93407246557009,0.0,1.7350125905838134,0.2113343953013838,-1.0,0.7013494389004895,-0.357891456926378,0.32457858279312696,0.12137596475645562,-0.25164821593133446,-1.0,0.7013494389004895,32.303984686185515,0.0,6.826943069480178,652,True
cells_ebv-transformed_lymphocytes,excluded_at_or_below_-1,ENSG00000257543.1,ENSG00000257543,0.6231683939359843,18.585923076377096,-0.009532554283329447,0.49911622885118484,179.62569190699952,3.956683498140631,0.0,2.1844196690400395,0.09164922645059316,-0.7804764459612556,1.3868936990725027,0.014513798833509759,0.37186575112852654,0.2995532632944943,0.1710092984578364,-0.7804764459612556,1.3868936990725027,18.5785112113326,0.0,1.7027061811223054,324,True
cells_ebv-transformed_lymphocytes,raw,ENSG00000257543.1,ENSG00000257543,0.5924776370094648,20.573129475304643,-0.006489784532413051,0.4975163593516927,238.9229988808419,3.960757838533248,0.0,2.8240993379621964,0.01815610976819161,-1.0,1.3868936990725027,0.0052063327891656375,0.3826175720199746,0.17376252990633043,0.27283220533203023,-1.0,1.3868936990725027,20.56492167455629,0.0,0.37337897529750685,327,True
cervix_ectocervix,excluded_at_or_below_-1,ENSG00000257543.1,ENSG00000257543,0.29024772686102984,4574744631361.856,-9.752915294839763,1.7192135760581877,22.871345853795965,8.755663861750378,0.0,-7.490708518952232,1.0,-0.6467038125601773,0.8910613852198874,-0.20734117000340693,0.45252681073847406,1.1093816145578734,0.12379786846353236,-0.6467038125601773,0.8910613852198874,2.992713401068539,0.0,2.992713401068507,24,True
cervix_ectocervix,raw,ENSG00000257543.1,ENSG00000257543,0.29024772686102984,4574744631361.856,-9.752915294839763,1.7192135760581877,22.871345853795965,8.755663861750378,0.0,-7.490708518952232,1.0,-0.6467038125601773,0.8910613852198874,-0.20734117000340693,0.45252681073847406,1.1093816145578734,0.12379786846353236,-0.6467038125601773,0.8910613852198874,2.992713401068539,0.0,2.992713401068507,24,True
cervix_endocervix,excluded_at_or_below_-1,ENSG00000257543.1,ENSG00000257543,0.4176647314325419,0.8648254423132736,0.5471607302011046,0.18240392487419294,24.916604298614796,6.0554976756147365,1.0899831748358576e-08,7.722696523394225,0.0,-0.4489053477649641,1.3281930809623406,0.2982568203281589,0.463974039214387,0.03417541575878356,-0.5198433354760463,-0.4489053477649641,1.3281930809623406,0.8648100135997485,9.426283642532951e-09,0.0,23,True
cervix_endocervix,raw,ENSG00000257543.1,ENSG00000257543,0.4176647314325419,0.8648254423132736,0.5471607302011046,0.18240392487419294,24.916604298614796,6.0554976756147365,1.0899831748358576e-08,7.722696523394225,0.0,-0.4489053477649641,1.3281930809623406,0.2982568203281589,0.463974039214387,0.03417541575878356,-0.5198433354760463,-0.4489053477649641,1.3281930809623406,0.8648100135997485,9.426283642532951e-09,0.0,23,True
colon_sigmoid,excluded_at_or_below_-1,ENSG00000257543.1,ENSG00000257543,0.465176370110017,19.100320829390895,-0.4336899496019678,0.6863025810693543,256.6416952566389,3.161046531812955,0.0,0.9324890743460665,0.6450167476955025,-0.886216834911135,1.1003318214968625,-0.2654490264460737,0.3963957462090097,0.6485628346221615,0.02070286998484594,-0.886216834911135,1.1003318214968625,18.9710318372951,0.0,12.236633256119918,404,True
colon_sigmoid,raw,ENSG00000257543.1,ENSG00000257543,0.7659446167174058,19.976239408543037,-0.398071028363683,0.6325229343131852,476.77112567286,3.350173594056679,0.0,1.3458106719840797,0.40211442995396823,-1.0,1.1003318214968625,-0.2917456006783145,0.4125047721517805,0.5436986762373349,-0.04084943914943073,-1.0,1.1003318214968625,19.90317033461474,0.0,8.003351993380338,419,True
colon_transverse,excluded_at_or_below_-1,ENSG00000257543.1,ENSG00000257543,0.233690559056907,31.364536277542378,-0.37164354452493675,0.45245725245737956,300.6750113967296,4.88952557063829,0.0,1.716152378126148,0.2293279197980207,-0.9207017705697976,1.192689710629815,-0.3350966087181397,0.30706727535926986,0.5851103559072648,0.9888424260475275,-0.9207017705697976,1.192689710629815,31.364058974505106,0.0,7.192654401045698,465,True
colon_transverse,raw,ENSG00000257543.1,ENSG00000257543,0.21412433459194494,32.279183315131036,-0.37392009349619637,0.46369762467922243,310.78946561905184,4.777943025855094,0.0,1.909457042225458,0.16152904388559533,-1.0,1.192689710629815,-0.3545301107597807,0.3226432289949079,0.41410796462845184,0.7839434421854312,-1.0,1.192689710629815,32.27882492544257,0.0,5.213967727957263,479,True
esophagus_gastroesophageal_junction,excluded_at_or_below_-1,ENSG00000257543.1,ENSG00000257543,-0.13983269618707833,18.911742480139434,-0.31927719602406585,0.6609016183766366,270.80601247664913,3.0462409189558497,0.0,1.215977159273079,0.472351114969385,-0.8875373894308294,1.10431652904581,-0.22014946129348026,0.38340918656965084,0.5341366474107812,-0.024912036290331674,-0.8875373894308294,1.10431652904581,18.729054775489846,0.0,8.846689905525313,389,True
esophagus_gastroesophageal_junction,raw,ENSG00000257543.1,ENSG00000257543,0.012439060251923482,19.90244978437719,-0.30949361137649384,0.641923859567139,404.01812907225246,3.114745534702642,0.0,1.521245059118253,0.3089955523142841,-1.0,1.10431652904581,-0.2472410432832849,0.4028985872209126,0.3936779269237176,-0.07645561467663908,-1.0,1.10431652904581,19.74665538755585,0.0,6.101628687837654,403,True
esophagus_mucosa,excluded_at_or_below_-1,ENSG00000257543.1,ENSG00000257543,1.9064405764889072,33.22464771780721,-0.601166680535765,0.47937553374543534,760.999444262746,4.708107343524901,0.0,0.9433425090027217,0.640852377850276,-0.920931198985939,0.9947390092285284,-0.4305081258350286,0.34844608044526193,1.1110905981015038,1.2577295739346752,-0.920931198985939,0.9947390092285284,33.22413676004007,0.0,21.29176704469444,564,True
esophagus_mucosa,raw,ENSG00000257543.1,ENSG00000257543,1.318946607916443,34.3026316576455,-0.6590136230005924,0.5763169682109098,1958.641908483955,4.058113035555691,0.0,0.8367401717045241,0.704566084292019,-1.0,0.9947390092285284,-0.4768836856204497,0.36852508879011914,0.9411046828141169,0.9694974687024689,-1.0,0.9947390092285284,34.29334805234335,0.0,24.161929954502888,614,True
esophagus_muscularis,excluded_at_or_below_-1,ENSG00000257543.1,ENSG00000257543,0.7323633554969864,28.07363862858331,-0.3325212148332017,0.5995659489465679,552.9771440611986,3.5632275566064533,0.0,1.3041252142184174,0.42625577770490697,-0.8854144216385044,1.178134578697995,-0.23274521060777617,0.37973614744373363,0.5311390753432896,-0.08846528170989432,-0.8854144216385044,1.178134578697995,28.024293097265293,0.0,11.945516848805074,552,True
esophagus_muscularis,raw,ENSG00000257543.1,ENSG00000257543,0.9523930340088618,29.834751343865285,-0.31879900511705966,0.5629246475231774,700.5319961225582,3.7606876613372133,0.0,1.7113546011961307,0.23057203242534183,-1.0,1.178134578697995,-0.2450541109723573,0.3888331218093122,0.4582655654013953,-0.09802429212600705,-1.0,1.178134578697995,29.809280823428846,0.0,6.873186464595756,561,True
fallopian_tube,excluded_at_or_below_-1,ENSG00000257543.1,ENSG00000257543,0.11877727336730888,0.912665855880025,0.01821575448266792,1.1959913358524512,23.259458691335254,2.1027894578931794,0.0,1.050727831264789,0.5235703686453776,-0.870378030760776,1.7965313071506848,0.26209402464315196,0.6825667878708745,0.38242938912166746,-0.7176641601281921,-0.870378030760776,1.7965313071506848,0.8126298535008154,0.0,0.4254689119696612,29,True
fallopian_tube,raw,ENSG00000257543.1,ENSG00000257543,0.11877727336730888,0.912665855880025,0.01821575448266792,1.1959913358524512,23.259458691335254,2.1027894578931794,0.0,1.050727831264789,0.5235703686453776,-0.870378030760776,1.7965313071506848,0.26209402464315196,0.6825667878708745,0.38242938912166746,-0.7176641601281921,-0.870378030760776,1.7965313071506848,0.8126298535008154,0.0,0.4254689119696612,29,True
heart_atrial_appendage,excluded_at_or_below_-1,ENSG00000257543.1,ENSG00000257543,0.6371237772588787,26.97589307251694,-0.69297339253602,0.40807910846070317,434.6710103897981,4.8614792223258885,0.0,0.889402309355251,0.6733326551251904,-0.9496153249295586,0.7098331987951985,-0.5684765350807243,0.2646153396989503,1.246467121176203,2.585508488131019,-0.9496153249295586,0.7098331987951985,26.975531404635564,0.0,18.16350618409622,408,True
heart_atrial_appendage,raw,ENSG00000257543.1,ENSG00000257543,-0.42153674466087976,30.682784387684357,-0.8912678267828228,0.6298752316449068,1363.841774650704,3.5948369952391017,0.0,0.24412852943663774,0.9705944739325784,-1.0,0.7098331987951985,-0.6180876926527884,0.2845029174687992,1.0137844128042488,1.832595453966583,-1.0,0.7098331987951985,30.634835232710547,0.0,29.734001786703914,461,True
heart_left_ventricle,excluded_at_or_below_-1,ENSG00000257543.1,ENSG00000257543,0.6301357699789709,22.160797713059896,-0.7398987564462002,0.3903970372836024,782.3752950101116,3.6436549552254496,0.0,0.7611167697415852,0.7482012364162095,-0.9500068616431084,0.2659409110908435,-0.616107344965921,0.23155602443304657,0.9522046268888946,0.9502434201680554,-0.9500068616431084,0.2659409110908435,22.131630423950345,0.0,16.558913247106247,417,True
heart_left_ventricle,raw,ENSG00000257543.1,ENSG00000257543,0.0262443900902742,23.433959436375506,-0.7916660952539699,0.4673826074283102,1090.2499337088611,3.200123727888312,0.0,0.6303799690260663,0.81872456717693,-1.0,0.2659409110908435,-0.6458335461300643,0.24496632905971463,0.8089795239808882,0.6818732259433364,-1.0,0.2659409110908435,23.293887053205303,0.0,19.0712775955038,452,True
kidney_cortex,excluded_at_or_below_-1,ENSG00000257543.1,ENSG00000257543,0.6565705890182162,5.051114647880005,-0.3951854019248099,0.4845055586719454,79.23497501300653,4.665416180628788,0.0,1.4548302286853219,0.34704771463975476,-0.8936061153701089,1.2031729600467922,-0.20891612089518302,0.45787534189264145,1.0936144223178759,0.9960600589400803,-0.8936061153701089,1.2031729600467922,5.0509803394169355,0.0,1.7529311834849803,103,True
kidney_cortex,raw,ENSG00000257543.1,ENSG00000257543,0.6769514969130993,5.317707140150579,-0.39302043108397827,0.4644297120239034,75.99745174176066,4.8604951049971925,0.0,1.848285577388366,0.18120736451774228,-1.0,1.2031729600467922,-0.21652269665580623,0.46220323770230726,1.0535105019047564,0.9629254645288152,-1.0,1.2031729600467922,5.3176674922695994,0.0,0.9636005116558457,104,True
kidney_medulla,excluded_at_or_below_-1,ENSG00000257543.1,ENSG00000257543,0.23076923065366015,3.5163068846385253,-0.6428804646203589,0.01541582705551455,8.923076929998642,200.11186926738566,0.0,1.3461618536857676,0.4041070369977303,-0.657554484780601,1.5384661512367337,0.42702491899708517,0.744474388147152,-0.024734908205609012,-1.181699214111297,-0.657554484780601,1.5384661512367337,3.516305565633953,0.0,1.4209638233069648,11,True
kidney_medulla,raw,ENSG00000257543.1,ENSG00000257543,0.23076923065366015,3.5163068846385253,-0.6428804646203589,0.01541582705551455,8.923076929998642,200.11186926738566,0.0,1.3461618536857676,0.4041070369977303,-0.657554484780601,1.5384661512367337,0.42702491899708517,0.744474388147152,-0.024734908205609012,-1.181699214111297,-0.657554484780601,1.5384661512367337,3.516305565633953,0.0,1.4209638233069648,11,True
liver,excluded_at_or_below_-1,ENSG00000257543.1,ENSG00000257543,-5.121743941023404,72110.22640520045,-14.629350965676583,4.7848863859045165,226.95859929402872,4.393531882025498,0.0,-4.050687094615602,1.0,-0.9241525089020808,0.2358373253087988,-0.6076424359065251,0.2397799457725773,0.8163713325704063,0.3992277344776882,-0.9241525089020808,0.2358373253087988,15.087122716606228,0.0,15.087122716606174,216,True
liver,raw,ENSG00000257543.1,ENSG00000257543,-0.3641124903793965,2417788283496.485,-22.347861233088846,4.232952923033483,1336.8477923163382,7.545128275828698,0.0,-7.13223969943364,1.0,-1.0,0.2358373253087988,-0.6765296418160665,0.2640637240037281,0.7260147816815692,0.10893601579749213,-1.0,0.2358373253087988,20.695863992015372,0.0,20.69586399201515,262,True
lung,excluded_at_or_below_-1,ENSG00000257543.1,ENSG00000257543,2.0785442842008997,29.393923073479638,-0.3057148196181828,0.5752294800848982,576.0179229369039,4.149500447143892,0.0,1.4385655151387668,0.3552034120061759,-0.890849424007605,1.3820889522656867,-0.1759760885625103,0.43466352861070956,0.8081296255480354,0.5471037651393438,-0.890849424007605,1.3820889522656867,29.388507815586852,0.0,10.438898249866618,571,True
lung,raw,ENSG00000257543.1,ENSG00000257543,2.177445371258425,30.34659907131357,-0.32546973962896425,0.6075951799468874,1183.342024897088,3.974443412860138,0.0,1.570008903841471,0.2913118474519039,-1.0,1.3820889522656867,-0.2209972625317771,0.46230139476567156,0.6180471504097164,0.3571868085378731,-1.0,1.3820889522656867,30.335136528841566,0.0,8.836984664922573,604,True
minor_salivary_gland,excluded_at_or_below_-1,ENSG00000257543.1,ENSG00000257543,0.5370805521093316,8.242631832580914,-0.15447454506393596,0.5154530626860787,165.17346291374585,3.1385919390120547,0.0,1.9319506595289646,0.1485264703770884,-0.8586326092402973,0.9894805622332165,-0.1164558400342525,0.3704328473124031,0.25920905712371384,-0.2968041579259766,-0.8586326092402973,0.9894805622332165,8.18277526260872,0.0,1.215358727644226,180,True
minor_salivary_gland,raw,ENSG00000257543.1,ENSG00000257543,0.41053775036699197,9.179470674702118,-0.14966981135248514,0.5080194641268677,228.87395639871886,3.17114209526618,0.0,2.3671307306057776,0.054515287956877836,-1.0,0.9894805622332165,-0.12133729948157707,0.37519480710018543,0.2144643379278414,-0.2638282909904581,-1.0,0.9894805622332165,9.119331800037253,0.0,0.49714299905334397,181,True
muscle_skeletal,excluded_at_or_below_-1,ENSG00000257543.1,ENSG00000257543,2.4800645471650444,48.98502699779254,-0.3849370697482379,0.4995396432114938,733.3337379812506,5.044710172175251,0.0,1.4478062127003857,0.35061507710835094,-0.8963425732551629,1.39699515503196,-0.2639937854820535,0.38615545990493433,0.9243592540359752,1.018746211399356,-0.8963425732551629,1.39699515503196,48.98436069202086,0.0,17.174655401136167,800,True
muscle_skeletal,raw,ENSG00000257543.1,ENSG00000257543,2.6742596078061607,51.43899179521389,-0.37786092617363876,0.483960649159693,977.9089196179681,5.186424858424978,0.0,1.8179939162722205,0.19156235495975898,-1.0,1.39699515503196,-0.280189521253842,0.39686631294079605,0.8147039275749491,0.9066928436818733,-1.0,1.39699515503196,51.43814011078197,0.0,9.853611254371433,818,True
nerve_tibial,excluded_at_or_below_-1,ENSG00000257543.1,ENSG00000257543,-0.9265309797667346,37.011672477440705,0.2401431347608554,0.6962759964666988,440.3187683499221,3.032101486281632,0.0,2.1772107255712836,0.084235153427938,-0.8317880132627394,1.7329724640216182,0.26160580612826456,0.4490874217197017,0.19041527714402304,-0.3054242795895825,-0.8317880132627394,1.7329724640216182,36.63828109932726,0.0,3.086231229737753,664,True
nerve_tibial,raw,ENSG00000257543.1,ENSG00000257543,-0.49371510474903474,39.11900848773514,0.24135880618316233,0.6838535916174568,375.53716895952334,3.0846664996622604,0.0,2.5671378800881457,0.02872471163734078,-1.0,1.7329724640216182,0.25030784368532494,0.4626205502752037,0.0639283470195229,-0.12919829569328778,-1.0,1.7329724640216182,38.783109877908466,0.0,1.1140336476422235,670,True
ovary,excluded_at_or_below_-1,ENSG00000257543.1,ENSG00000257543,-0.643294779785654,9.529363475540118,0.3275273670619312,0.9970002933892669,225.69745756746175,2.5547161126682267,0.0,1.5785310409503346,0.2593488366958552,-0.7853143937755686,2.128565613069468,0.3615887596760331,0.572224293901598,0.20508184090200623,-0.40377211285648773,-0.7853143937755686,2.128565613069468,9.164734434830494,0.0,2.376863214299735,191,True
ovary,raw,ENSG00000257543.1,ENSG00000257543,-0.7993067328522435,10.351754233447231,0.3389875155065711,0.9922097621552931,199.47214633375495,2.550716303175399,0.0,1.9084818316686483,0.12813785641107045,-1.0,2.128565613069468,0.3474790315964888,0.5857827148335312,0.13047990767972747,-0.34592234511163333,-1.0,2.128565613069468,9.951568112413101,0.0,1.2751726058533774,193,True
pancreas,excluded_at_or_below_-1,ENSG00000257543.1,ENSG00000257543,0.6072054518938415,23.040196073917492,-0.6778614593252749,0.4122742872380401,338.1828552555934,4.843207231750824,0.0,0.8886922936931129,0.6737540556478794,-0.9369347645914622,0.7340397291102376,-0.5496800725319647,0.2766257174094202,1.304292277376437,2.592069341481192,-0.9369347645914622,0.7340397291102376,23.0399927394359,0.0,15.523288550292628,352,True
pancreas,raw,ENSG00000257543.1,ENSG00000257543,0.8090140646010447,23.802424346276638,-0.6524528320169537,0.37389892585687495,461.3131775217228,5.244188866234017,0.0,1.3145422052218692,0.4214678054070284,-1.0,0.7340397291102376,-0.5621198495338442,0.2826027085117656,1.2094304716056081,2.3718534473821276,-1.0,0.7340397291102376,23.80239457964172,0.0,10.031943006913746,362,True
pituitary,excluded_at_or_below_-1,ENSG00000257543.1,ENSG00000257543,0.18370977186829024,20.66316746179296,0.9186349835169203,0.5920505533680083,187.66022298325805,2.6087098251337806,0.03309992818083868,4.138939765589179,0.0,-0.8141030157297957,2.010752989340111,0.8800593777673653,0.4277433130075585,-0.3760018007233975,0.29851651154033076,-0.8141030157297957,2.010752989340111,20.65899752764733,0.6838113344532504,0.0,313,True
pituitary,raw,ENSG00000257543.1,ENSG00000257543,0.18370977186829024,20.66316746179296,0.9186349835169203,0.5920505533680083,187.66022298325805,2.6087098251337806,0.03309992818083868,4.138939765589179,0.0,-0.8141030157297957,2.010752989340111,0.8800593777673653,0.4277433130075585,-0.3760018007233975,0.29851651154033076,-0.8141030157297957,2.010752989340111,20.65899752764733,0.6838113344532504,0.0,313,True
prostate,excluded_at_or_below_-1,ENSG00000257543.1,ENSG00000257543,-1.307648167956207,13.572417652730653,0.3370972342399243,0.9299363319185435,272.466857286075,2.033659290388313,0.0,1.858369457920705,0.058846614928459155,-0.8849001521720098,1.6743589542465735,0.33307134883053413,0.5336904849585902,-0.03525214998438962,-0.5838750826562142,-0.8849001521720098,1.6743589542465735,11.856145500556973,0.0,0.6976940288070597,279,True
prostate,raw,ENSG00000257543.1,ENSG00000257543,-0.20220790482947928,13.197685644626638,0.3342202898596409,0.8515020733313272,210.08071389068803,2.225763546554642,0.0,2.2159340396328866,0.002023713781376066,-1.0,1.6743589542465735,0.31888973873659227,0.5482291801576621,-0.1081799063569671,-0.49408517820291875,-1.0,1.6743589542465735,12.08915158409523,0.0,0.02446498266587782,282,True
skin_not_sun_exposed_suprapubic,excluded_at_or_below_-1,ENSG00000257543.1,ENSG00000257543,1.3549895040293412,30.335359061000883,-0.5559517176826028,0.4932454347298199,1040.7158288002092,3.7083862264536003,0.0,1.0335407324199661,0.5857707788555506,-0.916427151829918,0.7374488160697534,-0.4268495523652153,0.31018752682815803,0.7153198921310744,0.10892811323564011,-0.916427151829918,0.7374488160697534,30.30386024961731,0.0,17.75111582074809,599,True
skin_not_sun_exposed_suprapubic,raw,ENSG00000257543.1,ENSG00000257543,0.3278050641763296,31.900530075476606,-0.5974052966093362,0.5883876519006155,2450.8376820171097,3.2083759471198676,0.0,0.9676526824373601,0.6239562855854807,-1.0,0.7374488160697534,-0.47263115494126573,0.3357081065820603,0.5326482934766201,-0.05613433050857086,-1.0,0.7374488160697534,31.714908433929406,0.0,19.788716464118224,651,True
skin_sun_exposed_lower_leg,excluded_at_or_below_-1,ENSG00000257543.1,ENSG00000257543,0.4082929380936369,30.214849378045997,-0.4586618101915887,0.6898883497968378,601.6133602347046,2.6252832236679393,0.0,0.8740670803088412,0.6720468000103454,-0.8850533479973348,0.8220162706255874,-0.29533613818256477,0.36939672305812266,0.5302143847653294,-0.31456936010570535,-0.8850533479973348,0.8220162706255874,29.251794050273016,0.0,19.658574586047646,713,True
skin_sun_exposed_lower_leg,raw,ENSG00000257543.1,ENSG00000257543,0.854584626154262,31.692514976379726,-0.4399046435627412,0.662922847460102,1518.9006132920463,2.6920563657217995,0.0,1.1948516367033744,0.4757724384952278,-1.0,0.8220162706255874,-0.3336534038782078,0.3931801920698037,0.39557581418328647,-0.36213435317129594,-1.0,0.8220162706255874,30.846728894898696,0.0,14.676023425927157,754,True
small_intestine_terminal_ileum,excluded_at_or_below_-1,ENSG00000257543.1,ENSG00000257543,-0.38375405001992063,9.80481118718593,-0.14233400894612552,0.6726406042304832,187.271857706887,2.652867134545405,0.0,1.52796560473618,0.2901588065621252,-0.8690783529110542,1.1194458238886609,-0.09964591927153653,0.3949285826227504,0.2545673025670411,-0.36307770039248943,-0.8690783529110542,1.1194458238886609,9.514259275639201,0.0,2.760646116742101,204,True
small_intestine_terminal_ileum,raw,ENSG00000257543.1,ENSG00000257543,-0.4104531012432812,10.5842920371161,-0.1349268034103553,0.6530428807226768,156.22268730872088,2.716438436374551,0.0,1.8733811870189494,0.15175400549868662,-1.0,1.1194458238886609,-0.11269452913716645,0.4066097705550573,0.1678932880364812,-0.3204290121294502,-1.0,1.1194458238886609,10.319779917754548,0.0,1.5660679383841596,207,True
spleen,excluded_at_or_below_-1,ENSG00000257543.1,ENSG00000257543,0.739623514473805,16.319666246886573,0.3508000947359984,0.5470473738393651,339.26765914999874,3.6475234805431827,0.0,2.954942154595334,0.01142755844001029,-0.7922333116231413,1.7617384382350365,0.3442585359323367,0.4411482433079605,0.13028794548894423,0.3360589137751657,-0.7922333116231413,1.7617384382350365,16.29858806828207,0.0,0.18625306763994776,277,True
spleen,raw,ENSG00000257543.1,ENSG00000257543,0.739623514473805,16.319666246886573,0.3508000947359984,0.5470473738393651,339.26765914999874,3.6475234805431827,0.0,2.954942154595334,0.01142755844001029,-0.7922333116231413,1.7617384382350365,0.3442585359323367,0.4411482433079605,0.13028794548894423,0.3360589137751657,-0.7922333116231413,1.7617384382350365,16.29858806828207,0.0,0.18625306763994776,277,True
stomach,excluded_at_or_below_-1,ENSG00000257543.1,ENSG00000257543,0.8378796049157285,17.229862644964506,-0.42314351753988716,0.4649463033781573,432.5262025556834,3.112321710071373,0.0,1.4066757864000397,0.3668234387204127,-0.8856116513066005,0.6000841706411348,-0.35869551704224645,0.30767029289613923,0.48920943132165784,0.008596775474620344,-0.8856116513066005,0.6000841706411348,17.093967983872876,0.0,6.270468117220888,385,True
stomach,raw,ENSG00000257543.1,ENSG00000257543,1.1938191979746207,18.02986361178244,-0.42683241809979655,0.4699848747544324,726.4166954485136,3.0900555427068945,0.0,1.7246967112705263,0.2193937560412027,-1.0,0.6000841706411348,-0.3933606242291521,0.3325847409814355,0.29152405686794475,-0.10908950397746064,-1.0,0.6000841706411348,17.877499106480986,0.0,3.9222116775941087,407,True
testis,excluded_at_or_below_-1,ENSG00000257543.1,ENSG00000257543,0.3896259299427821,20.881200535882215,1.2964323452878403,0.5310017045217852,276.1543590565583,2.686539981041098,0.0,2.518775767671068,0.015241955811379023,0.3506952504623735,2.305160692373509,1.3045178334185803,0.37260363326819457,0.02810437322033247,-0.2656608791084123,0.3506952504623735,2.305160692373509,20.315599747077474,0.0,0.30964947362661766,414,True
testis,raw,ENSG00000257543.1,ENSG00000257543,0.3896259299427821,20.881200535882215,1.2964323452878403,0.5310017045217852,276.1543590565583,2.686539981041098,0.0,2.518775767671068,0.015241955811379023,0.3506952504623735,2.305160692373509,1.3045178334185803,0.37260363326819457,0.02810437322033247,-0.2656608791084123,0.3506952504623735,2.305160692373509,20.315599747077474,0.0,0.30964947362661766,414,True
thyroid,excluded_at_or_below_-1,ENSG00000257543.1,ENSG00000257543,-0.39300126152657183,40.564974920638576,0.6163331599843356,0.7945339362442989,418.0146479010398,3.2197900351336193,0.0,2.5588785289438705,0.0324311309199627,-0.8212968303271431,2.4252766735807465,0.6328482947238846,0.5398471017778197,0.09404857441677121,-0.18205368363474017,-0.8212968303271431,2.4252766735807465,40.33736392423014,0.0,1.3081863303928878,684,True
thyroid,raw,ENSG00000257543.1,ENSG00000257543,-0.39300126152657183,40.564974920638576,0.6163331599843356,0.7945339362442989,418.0146479010398,3.2197900351336193,0.0,2.5588785289438705,0.0324311309199627,-0.8212968303271431,2.4252766735807465,0.6328482947238846,0.5398471017778197,0.09404857441677121,-0.18205368363474017,-0.8212968303271431,2.4252766735807465,40.33736392423014,0.0,1.3081863303928878,684,True
uterus,excluded_at_or_below_-1,ENSG00000257543.1,ENSG00000257543,1.00288543639,8.349415295583707,0.12040680905183283,0.5595708222688578,85.26673453485495,5.531856619600193,0.0,1.970235858169465,0.1435734725734556,-0.6591688707128762,2.309231495550253,0.2867927026332066,0.5762599269692846,0.882945224377284,0.6948370308972862,-0.6591688707128762,2.309231495550253,8.349349545188801,0.0,1.1987451079323583,149,True
uterus,raw,ENSG00000257543.1,ENSG00000257543,1.158508782342934,9.475134569958216,0.13190109656167756,0.5260235660219074,112.75491686660277,5.853749487506089,0.0,3.0431143876847453,0.009752079010041884,-1.0,2.309231495550253,0.2531510633486783,0.6047909441013916,0.6569185195150078,0.6355533355044227,-1.0,2.309231495550253,9.475120175713155,0.0,0.09240212058319663,153,True
vagina,excluded_at_or_below_-1,ENSG00000257543.1,ENSG00000257543,0.3069305226057511,7.140032640236701,-0.35318001533682347,0.6813297296863078,183.49291653394712,3.114199631124032,0.0,1.115542319901535,0.5330946320011098,-0.8906180427283569,1.147156885196427,-0.21082093820269596,0.4326125850838605,0.7047638170669662,0.3574921124666983,-0.8906180427283569,1.147156885196427,7.084088462003007,0.0,3.776489531714801,159,True
vagina,raw,ENSG00000257543.1,ENSG00000257543,0.27294609243716805,7.455758777121524,-0.38114071534912697,0.7321784746910495,212.97300738666877,2.9519294389879214,0.0,1.1953358693357878,0.48285180890400387,-1.0,1.147156885196427,-0.26188546573075683,0.461396301172413,0.5507140861011722,0.1557863954494234,-1.0,1.147156885196427,7.360172101749113,0.0,3.553872413174343,170,True
whole_blood,excluded_at_or_below_-1,ENSG00000257543.1,ENSG00000257543,3.6489636419037423,41.32627607334469,-0.8051095807190357,0.09272984979093638,1053.76217059172,18.30571534187536,0.0,1.6797601922245848,0.24396493912414696,-0.9152512979632144,0.3951944462903687,-0.6750988876774489,0.2010204776269645,1.6025137516263475,3.1227527024964434,-0.9152512979632144,0.3951944462903687,41.323532283050376,0.0,10.081493037829107,344,True
whole_blood,raw,ENSG00000257543.1,ENSG00000257543,8.82051278770599,497.70630445176283,-0.9849132518038654,0.0074279173280484435,6337.743589851093,262.7610052699889,0.0,2.8723911385652436,0.0165242980457888,-1.0,0.3951944462903687,-0.8608144674483715,0.20775804489815794,1.8290839750683425,3.8222812499946395,-1.0,0.3951944462903687,486.685487858214,0.0,8.042136055929252,803,True
adipose_subcutaneous,excluded_at_or_below_-1,ENSG00000257545.6,ENSG00000257545,2.398322035563526,40.754507148251754,-0.9683218205850757,0.032222619146051,1019.0632112990907,4.858092191688399,0.0,1.2006484339048826,0.4863718967054014,-0.9956783940499064,-0.8576310036998949,-0.9587532570919951,0.0242457976054381,0.985443552454635,0.9774006672084421,-0.9956783940499064,-0.8576310036998949,40.75401710564635,0.0,19.82160859803759,693,True
adipose_subcutaneous,raw,ENSG00000257545.6,ENSG00000257545,2.581109627303799,42.01249633111064,-0.9680541265292169,0.03159979271830397,872.2315317534211,4.941863995657211,0.0,1.4297020213701361,0.3598660669789198,-1.0,-0.8576310036998949,-0.9599663965892892,0.02488330667589603,0.896996532793918,0.8628859622296323,-1.0,-0.8576310036998949,42.01189102937444,0.0,15.118653991087943,714,True
adipose_visceral_omentum,excluded_at_or_below_-1,ENSG00000257545.6,ENSG00000257545,1.7406916769171323,46.79052265693831,-0.9708414996683714,0.03834606636369279,802.6990216089114,6.789124100154747,0.0,0.9349330065144148,0.6459524349761381,-0.9961919870822026,-0.786756004929495,-0.9560335420745463,0.029514627992601124,1.409571662384826,3.118967103891258,-0.9961919870822026,-0.786756004929495,46.789565542793945,0.0,30.223833793843358,571,True
adipose_visceral_omentum,raw,ENSG00000257545.6,ENSG00000257545,1.8034846877224264,47.65027570259921,-0.9695325254202491,0.037002300988967556,606.262653423587,6.985647574686157,0.0,1.1644550368580597,0.507650705850642,-1.0,-0.786756004929495,-0.9572319463791583,0.029977816560477714,1.3423621754071033,2.9239875857700985,-1.0,-0.786756004929495,47.64950798308584,0.0,24.189306361049326,587,True
adrenal_gland,excluded_at_or_below_-1,ENSG00000257545.6,ENSG00000257545,0.9437852693894263,32.87483326735255,-0.960971669544055,0.03204174445375178,122.51288483349185,10.602155832804394,0.0,1.5720990523161478,0.29062476520201436,-0.9965906152468328,-0.7207593162672801,-0.9492741998301372,0.03522919050088696,2.3858475620617163,9.376781559238884,-0.9965906152468328,-0.7207593162672801,32.873998106012124,0.0,9.553997980811237,293,True
adrenal_gland,raw,ENSG00000257545.6,ENSG00000257545,1.01126457867101,34.68875009472914,-0.9603888935735126,0.02977686923389545,189.8221263736355,11.380894193753775,0.0,1.881277829744969,0.17040063905538658,-1.0,-0.7207593162672801,-0.9496181035601023,0.03535588338880087,2.353314602934014,9.23712395301776,-1.0,-0.7207593162672801,34.68874239118923,0.0,5.910983871486323,295,True
artery_aorta,excluded_at_or_below_-1,ENSG00000257545.6,ENSG00000257545,0.5196421103112728,28.63118134535377,-0.9916221923454867,0.049078290892922774,287.3527689260334,3.6016372506387033,0.0,0.09322148693709288,0.9956579238237118,-0.9948573128216984,-0.8666324415888751,-0.9642522604432868,0.023465070197351112,1.099844800024355,1.1460420148477724,-0.9948573128216984,-0.8666324415888751,28.587517738341198,0.0,28.463388558630328,438,True
artery_aorta,raw,ENSG00000257545.6,ENSG00000257545,0.8837668304228998,27.587652372602914,-0.984520103431872,0.04280906277570177,984.4060573526189,3.894463447806385,0.0,0.5113842315465288,0.8773739851974017,-1.0,-0.8666324415888751,-0.9668273094791517,0.02442264167388058,0.9961985821969912,0.9631485272494782,-1.0,-0.8666324415888751,27.57344735795805,0.0,24.192225394082424,472,True
artery_coronary,excluded_at_or_below_-1,ENSG00000257545.6,ENSG00000257545,1.067356292489683,22.81451274564113,-0.9701532973498004,0.03186975983796341,159.7861659738466,8.15444781946618,0.0,1.0544017004852348,0.5735781429541439,-0.9939145805543094,-0.7863901794360504,-0.9543008532199443,0.033505168820656586,1.956698525949786,4.983302904942773,-0.9939145805543094,-0.7863901794360504,22.814047846749812,0.0,13.085639197205742,255,True
artery_coronary,raw,ENSG00000257545.6,ENSG00000257545,1.1774756536339264,23.549402287801485,-0.9699947025483322,0.030853037070535286,196.27973756600636,8.415897796538331,0.0,1.3753556417209916,0.38836916146792433,-1.0,-0.7863901794360504,-0.9565176028771859,0.03412753562247006,1.8396472109719697,4.664806905520599,-1.0,-0.7863901794360504,23.549340447354414,0.0,9.145837602661707,268,True
artery_tibial,excluded_at_or_below_-1,ENSG00000257545.6,ENSG00000257545,0.8766592136776571,50.076963587907755,-0.970894482041151,0.03924471255755477,464.99547007204285,5.856043809109158,0.0,0.931789336417241,0.6478394339563144,-0.996751824697749,-0.8083880812205466,-0.9596053672572005,0.02470063921466033,1.0940539959262672,2.0977660900880446,-0.996751824697749,-0.8083880812205466,50.07679640722231,0.0,32.4417234388005,645,True
artery_tibial,raw,ENSG00000257545.6,ENSG00000257545,0.3653231666712239,51.68092759417152,-0.9759386403585485,0.04587109193143989,402.5864976128511,5.165612221970049,0.0,0.7418158081986919,0.7594631064095586,-1.0,-0.8083880812205466,-0.9622944455584579,0.025903415618548777,0.9451132851566574,1.6561680965928973,-1.0,-0.8083880812205466,51.68072464359476,0.0,39.2496036793215,691,True
bladder,excluded_at_or_below_-1,ENSG00000257545.6,ENSG00000257545,0.6179345414260741,3.0754053730381052,-0.9670622055081777,0.02725284627798014,99.1431922579019,4.1255503512414915,0.0,1.423034253102532,0.3631786841736621,-0.9944850324276328,-0.887560076179291,-0.9570394555716828,0.024566372810260556,0.7596371421655408,0.18331632173247048,-0.9944850324276328,-0.887560076179291,3.0747672809563626,0.0,1.1166899352379605,76,True
bladder,raw,ENSG00000257545.6,ENSG00000257545,0.7634619937557136,3.301740277524986,-0.9662831812927408,0.022721701249681116,96.46349584239448,4.8997776046864425,0.0,2.0985568717725327,0.11058068948742308,-1.0,-0.887560076179291,-0.9575973847201025,0.024890454711480013,0.720277752388865,0.16072970133915065,-1.0,-0.887560076179291,3.3016874012367166,0.0,0.36510286930069424,77,True
brain_amygdala,excluded_at_or_below_-1,ENSG00000257545.6,ENSG00000257545,0.7143754685155529,19.598677511575655,-0.8078034688428265,0.12625725184476125,119.00902061321156,10.634125830351884,0.0,1.8534545740531168,0.1794883449329609,-0.9732749981544032,0.141583200069211,-0.7590434536267191,0.1470286256998948,2.146803849024227,8.013999344089031,-0.9732749981544032,0.141583200069211,19.598639781380214,0.0,3.5177274172972206,181,True
brain_amygdala,raw,ENSG00000257545.6,ENSG00000257545,0.7143754685155529,19.598677511575655,-0.8078034688428265,0.12625725184476125,119.00902061321156,10.634125830351884,0.0,1.8534545740531168,0.1794883449329609,-0.9732749981544032,0.141583200069211,-0.7590434536267191,0.1470286256998948,2.146803849024227,8.013999344089031,-0.9732749981544032,0.141583200069211,19.598639781380214,0.0,3.5177274172972206,181,True
brain_anterior_cingulate_cortex_ba24,excluded_at_or_below_-1,ENSG00000257545.6,ENSG00000257545,0.6124935335274101,17.9214990727595,-0.773390190440758,0.12268012189416919,209.7591123707177,6.224351804157641,0.0,2.3033043074523114,0.07046769527406241,-0.973197108374322,-0.233440455575467,-0.7537585518092346,0.11156381678721392,1.2239395941557678,3.2405389788348726,-0.973197108374322,-0.233440455575467,17.92141799660828,0.0,1.2628810222640903,233,True
brain_anterior_cingulate_cortex_ba24,raw,ENSG00000257545.6,ENSG00000257545,0.6124935335274101,17.9214990727595,-0.773390190440758,0.12268012189416919,209.7591123707177,6.224351804157641,0.0,2.3033043074523114,0.07046769527406241,-0.973197108374322,-0.233440455575467,-0.7537585518092346,0.11156381678721392,1.2239395941557678,3.2405389788348726,-0.973197108374322,-0.233440455575467,17.92141799660828,0.0,1.2628810222640903,233,True
brain_caudate_basal_ganglia,excluded_at_or_below_-1,ENSG00000257545.6,ENSG00000257545,-0.623734720877861,14.679937135874756,-0.5417004562618208,0.7095402226889446,220.10751020138687,2.7773928206406224,0.0,0.870711388060275,0.6776870911594567,-0.9785543859790494,0.851775022183721,-0.3986896068007167,0.3539654081960079,0.5139458529591964,-0.3262422841776931,-0.9785543859790494,0.851775022183721,14.369716871973868,0.0,9.738171627752937,300,True
brain_caudate_basal_ganglia,raw,ENSG00000257545.6,ENSG00000257545,-0.623734720877861,14.679937135874756,-0.5417004562618208,0.7095402226889446,220.10751020138687,2.7773928206406224,0.0,0.870711388060275,0.6776870911594567,-0.9785543859790494,0.851775022183721,-0.3986896068007167,0.3539654081960079,0.5139458529591964,-0.3262422841776931,-0.9785543859790494,0.851775022183721,14.369716871973868,0.0,9.738171627752937,300,True
brain_cerebellar_hemisphere,excluded_at_or_below_-1,ENSG00000257545.6,ENSG00000257545,0.19537825283223095,17.876086906182408,-0.8078283568681983,0.1054085526115376,216.63735320925747,4.370045916806289,0.0,2.1952190738386608,0.08979635596598726,-0.9714492352101408,-0.4821065371993628,-0.7999200922030423,0.07597051542954643,0.5101253984980171,0.8007990626498072,-0.9714492352101408,-0.4821065371993628,17.874724040343647,0.0,1.605085082720488,277,True
brain_cerebellar_hemisphere,raw,ENSG00000257545.6,ENSG00000257545,0.19537825283223095,17.876086906182408,-0.8078283568681983,0.1054085526115376,216.63735320925747,4.370045916806289,0.0,2.1952190738386608,0.08979635596598726,-0.9714492352101408,-0.4821065371993628,-0.7999200922030423,0.07597051542954643,0.5101253984980171,0.8007990626498072,-0.9714492352101408,-0.4821065371993628,17.874724040343647,0.0,1.605085082720488,277,True
brain_cerebellum,excluded_at_or_below_-1,ENSG00000257545.6,ENSG00000257545,0.5555491563697454,18.83250680453748,-0.8088968047594121,0.08483264752429409,116.36453083077114,4.724583003513939,0.0,3.0112366497844474,0.010726033286397745,-0.9895280645068754,-0.525489195541031,-0.8023309349590036,0.07069562419269554,0.5725573911189766,1.4122800682006362,-0.9895280645068754,-0.525489195541031,18.832195682336035,0.0,0.20199475774469222,266,True
brain_cerebellum,raw,ENSG00000257545.6,ENSG00000257545,0.5555491563697454,18.83250680453748,-0.8088968047594121,0.08483264752429409,116.36453083077114,4.724583003513939,0.0,3.0112366497844474,0.010726033286397745,-0.9895280645068754,-0.525489195541031,-0.8023309349590036,0.07069562419269554,0.5725573911189766,1.4122800682006362,-0.9895280645068754,-0.525489195541031,18.832195682336035,0.0,0.20199475774469222,266,True
brain_cortex,excluded_at_or_below_-1,ENSG00000257545.6,ENSG00000257545,1.0032329515731235,26.457439032009216,-0.7890920579041165,0.09831918630099862,281.1960810830376,9.179037623386924,0.0,2.2062831892016534,0.08769926948114647,-0.9424776381893742,-0.1509455048168501,-0.7599346379551396,0.11426329584706524,1.9501830021502422,6.152323169097835,-0.9424776381893742,-0.1509455048168501,26.45741135514165,0.0,2.3202956482081123,270,True
brain_cortex,raw,ENSG00000257545.6,ENSG00000257545,1.0032329515731235,26.457439032009216,-0.7890920579041165,0.09831918630099862,281.1960810830376,9.179037623386924,0.0,2.2062831892016534,0.08769926948114647,-0.9424776381893742,-0.1509455048168501,-0.7599346379551396,0.11426329584706524,1.9501830021502422,6.152323169097835,-0.9424776381893742,-0.1509455048168501,26.45741135514165,0.0,2.3202956482081123,270,True
brain_frontal_cortex_ba9,excluded_at_or_below_-1,ENSG00000257545.6,ENSG00000257545,1.3272733919509108,23.738826090224844,-0.764940998489369,0.10097164403809399,190.26195871081637,8.021237321370345,0.0,2.9877186742987356,0.01152543309045159,-0.9782573422819132,-0.1922428282077789,-0.7397856506553068,0.11953275463009566,1.4918613037831103,3.9576553318238528,-0.9782573422819132,-0.1922428282077789,23.738058723249953,0.0,0.27359140751202804,269,True
brain_frontal_cortex_ba9,raw,ENSG00000257545.6,ENSG00000257545,1.3272733919509108,23.738826090224844,-0.764940998489369,0.10097164403809399,190.26195871081637,8.021237321370345,0.0,2.9877186742987356,0.01152543309045159,-0.9782573422819132,-0.1922428282077789,-0.7397856506553068,0.11953275463009566,1.4918613037831103,3.9576553318238528,-0.9782573422819132,-0.1922428282077789,23.738058723249953,0.0,0.27359140751202804,269,True
brain_hippocampus,excluded_at_or_below_-1,ENSG00000257545.6,ENSG00000257545,0.3942111191113412,24.177018210952507,-0.7990637964007836,0.1812637112955513,163.6682799186224,7.936259374902451,0.0,1.4352111093866728,0.35704021124939755,-0.9830188220784408,0.2181487847633993,-0.7569920716316687,0.15918153658553724,2.178636527724128,8.403277916340343,-0.9830188220784408,0.2181487847633993,24.176810355711762,0.0,8.63209347673995,255,True
brain_hippocampus,raw,ENSG00000257545.6,ENSG00000257545,0.3942111191113412,24.177018210952507,-0.7990637964007836,0.1812637112955513,163.6682799186224,7.936259374902451,0.0,1.4352111093866728,0.35704021124939755,-0.9830188220784408,0.2181487847633993,-0.7569920716316687,0.15918153658553724,2.178636527724128,8.403277916340343,-0.9830188220784408,0.2181487847633993,24.176810355711762,0.0,8.63209347673995,255,True
brain_hypothalamus,excluded_at_or_below_-1,ENSG00000257545.6,ENSG00000257545,0.33027338139138274,15.487321837339174,-0.7682347646354855,0.2354480373764801,155.9551035407953,4.450766378095266,0.0,1.269515004789803,0.4466875796465554,-0.979592387168945,-0.0272404506046504,-0.7215477981228527,0.15800778666607818,0.9655200405787417,1.5651014731651136,-0.979592387168945,-0.0272404506046504,15.486545614088353,0.0,6.9176475774431045,257,True
brain_hypothalamus,raw,ENSG00000257545.6,ENSG00000257545,0.33027338139138274,15.487321837339174,-0.7682347646354855,0.2354480373764801,155.9551035407953,4.450766378095266,0.0,1.269515004789803,0.4466875796465554,-0.979592387168945,-0.0272404506046504,-0.7215477981228527,0.15800778666607818,0.9655200405787417,1.5651014731651136,-0.979592387168945,-0.0272404506046504,15.486545614088353,0.0,6.9176475774431045,257,True
brain_nucleus_accumbens_basal_ganglia,excluded_at_or_below_-1,ENSG00000257545.6,ENSG00000257545,0.24906204822637207,16.894283926393804,-0.5586951187649404,0.34809176222985955,344.52520563905364,4.227199138772399,0.0,1.583864239497587,0.28517852710069685,-0.9485443670881016,0.481779415394302,-0.5259694456594016,0.23758728020545,0.6390374264418963,0.9004017640640232,-0.9485443670881016,0.481779415394302,16.892002900523032,0.0,4.817236506951858,285,True
brain_nucleus_accumbens_basal_ganglia,raw,ENSG00000257545.6,ENSG00000257545,0.24906204822637207,16.894283926393804,-0.5586951187649404,0.34809176222985955,344.52520563905364,4.227199138772399,0.0,1.583864239497587,0.28517852710069685,-0.9485443670881016,0.481779415394302,-0.5259694456594016,0.23758728020545,0.6390374264418963,0.9004017640640232,-0.9485443670881016,0.481779415394302,16.892002900523032,0.0,4.817236506951858,285,True
brain_putamen_basal_ganglia,excluded_at_or_below_-1,ENSG00000257545.6,ENSG00000257545,-0.2585457804414529,14.340722310990877,-0.7633724214437666,0.7057569056849391,338.88300389638164,3.182894257645397,0.0,0.42154758028451544,0.914441792315565,-0.9737438418403732,0.8250366153276889,-0.5046187496076318,0.31993890129448876,0.7584181019953863,0.29108553585425456,-0.9737438418403732,0.8250366153276889,14.250212428463932,0.0,13.030989793962096,254,True
brain_putamen_basal_ganglia,raw,ENSG00000257545.6,ENSG00000257545,-0.2585457804414529,14.340722310990877,-0.7633724214437666,0.7057569056849391,338.88300389638164,3.182894257645397,0.0,0.42154758028451544,0.914441792315565,-0.9737438418403732,0.8250366153276889,-0.5046187496076318,0.31993890129448876,0.7584181019953863,0.29108553585425456,-0.9737438418403732,0.8250366153276889,14.250212428463932,0.0,13.030989793962096,254,True
brain_spinal_cord_cervical_c-1,excluded_at_or_below_-1,ENSG00000257545.6,ENSG00000257545,0.9690695056114341,29.84866913601,-0.86327125472758,0.13507589582519094,192.02496923470417,14.97267578532847,0.0,1.2071813343796105,0.48257995559305716,-0.9785728644018314,0.5668151540108968,-0.7712109940557398,0.21299289860893092,3.0381596415458914,12.333770823703631,-0.9785728644018314,0.5668151540108968,29.847632623770807,0.0,14.4038692261372,203,True
brain_spinal_cord_cervical_c-1,raw,ENSG00000257545.6,ENSG00000257545,0.9419854396536206,29.01124089336653,-0.8632870903945383,0.13747114978934238,296.08589554747425,14.711959510905057,0.0,1.4064132817089454,0.371958288537689,-1.0,0.5668151540108968,-0.7723325087907607,0.21307061597168278,3.029565796010813,12.305971961781541,-1.0,0.5668151540108968,29.010498188966174,0.0,10.790695255993583,204,True
brain_substantia_nigra,excluded_at_or_below_-1,ENSG00000257545.6,ENSG00000257545,0.20246623632581415,19.34333527458583,-0.8247858784781598,0.17373550374182853,258.97154863513697,8.704204675463311,0.0,1.2807705172979824,0.4403511897950553,-0.9821279638044096,0.2445217736320553,-0.7837749950328655,0.13884166922329633,2.6447136855421576,15.455934960698674,-0.9821279638044096,0.2445217736320553,19.343260857321077,0.0,8.517827933037458,183,True
brain_substantia_nigra,raw,ENSG00000257545.6,ENSG00000257545,0.20246623632581415,19.34333527458583,-0.8247858784781598,0.17373550374182853,258.97154863513697,8.704204675463311,0.0,1.2807705172979824,0.4403511897950553,-0.9821279638044096,0.2445217736320553,-0.7837749950328655,0.13884166922329633,2.6447136855421576,15.455934960698674,-0.9821279638044096,0.2445217736320553,19.343260857321077,0.0,8.517827933037458,183,True
breast_mammary_tissue,excluded_at_or_below_-1,ENSG00000257545.6,ENSG00000257545,1.0068459028135806,75.24294761036671,-0.9651459192250138,0.029826896936018636,453.8470637591361,14.091594926335699,0.0,1.48784910128202,0.33060424148549206,-0.9965258486649629,-0.6679428936602986,-0.9570158257364619,0.03007467633111498,3.526896794189767,24.837855501204142,-0.9965258486649629,-0.6679428936602986,75.24187841003241,0.0,24.875284139692386,492,True
breast_mammary_tissue,raw,ENSG00000257545.6,ENSG00000257545,0.8011195476222076,72.7034077954055,-0.9664216831330147,0.03368307024639905,537.3410481885559,12.531896560057369,0.0,1.4098153988806432,0.3701895356983753,-1.0,-0.6679428936602986,-0.9588556152963797,0.030684553823855293,3.240463786185375,22.507696444469783,-1.0,-0.6679428936602986,72.69980298799682,0.0,26.912706313489902,514,True
cells_cultured_fibroblasts,excluded_at_or_below_-1,ENSG00000257545.6,ENSG00000257545,2.9184693106378163,30.598015627991323,-0.9274472121911929,0.04225705109482986,538.1428153631953,3.4807663271740075,0.0,2.2158530020141436,0.08371946801066135,-0.9936574480537456,-0.8234410532559477,-0.9214476852427577,0.033778988262230074,0.47480782070691074,-0.1139440706012973,-0.9936574480537456,-0.8234410532559477,30.526435071175968,0.0,2.555656904420847,648,True
cells_cultured_fibroblasts,raw,ENSG00000257545.6,ENSG00000257545,2.714606887933728,32.01411140650452,-0.9273327920881701,0.042620022259777006,693.8612868755552,3.447325887807294,0.0,2.411236445216094,0.05214855483282944,-1.0,-0.8234410532559477,-0.9219296012842131,0.034229962647647764,0.42143933473757134,-0.08667068712422399,-1.0,-0.8234410532559477,31.929686485443398,0.0,1.665087006481198,652,True
cells_ebv-transformed_lymphocytes,excluded_at_or_below_-1,ENSG00000257545.6,ENSG00000257545,1.1153802569177584,20.2059092788155,-0.9073967154156095,0.051812488863042926,365.02035119422175,5.053331426152485,0.0,1.9297852885775084,0.15535594842808795,-0.97809818613599,-0.7222580028441937,-0.8956256829054624,0.042238246760051355,0.8185062817085271,0.6313059547258697,-0.97809818613599,-0.7222580028441937,20.205553176926326,0.0,3.139052877315555,327,True
cells_ebv-transformed_lymphocytes,raw,ENSG00000257545.6,ENSG00000257545,1.1153802569177584,20.2059092788155,-0.9073967154156095,0.051812488863042926,365.02035119422175,5.053331426152485,0.0,1.9297852885775084,0.15535594842808795,-0.97809818613599,-0.7222580028441937,-0.8956256829054624,0.042238246760051355,0.8185062817085271,0.6313059547258697,-0.97809818613599,-0.7222580028441937,20.205553176926326,0.0,3.139052877315555,327,True
cervix_ectocervix,excluded_at_or_below_-1,ENSG00000257545.6,ENSG00000257545,,,,,,,,,,-0.9791344370492528,-0.8701459537219962,,,,,,,,,,24,False
cervix_ectocervix,raw,ENSG00000257545.6,ENSG00000257545,,,,,,,,,,,,,,,,,,,,,24,False
cervix_endocervix,excluded_at_or_below_-1,ENSG00000257545.6,ENSG00000257545,0.15497256838021747,0.8325086625178638,-0.9594592167902383,0.0795800380470728,20.654121736986582,2.5083400653143753,0.0,0.055356221217885214,0.9984002209740754,-0.9625741990728784,-0.8183109467243249,-0.9105995394874384,0.03861286903412661,0.6612606506796144,-0.36921862195335464,-0.9625741990728784,-0.8183109467243249,0.7966867560785494,0.0,0.7954122333159434,23,True
cervix_endocervix,raw,ENSG00000257545.6,ENSG00000257545,0.15497256838021747,0.8325086625178638,-0.9594592167902383,0.0795800380470728,20.654121736986582,2.5083400653143753,0.0,0.055356221217885214,0.9984002209740754,-0.9625741990728784,-0.8183109467243249,-0.9105995394874384,0.03861286903412661,0.6612606506796144,-0.36921862195335464,-0.9625741990728784,-0.8183109467243249,0.7966867560785494,0.0,0.7954122333159434,23,True
colon_sigmoid,excluded_at_or_below_-1,ENSG00000257545.6,ENSG00000257545,0.45439290829957407,31.4173518063996,-0.9852628132457087,0.04355217382694065,561.1266269992091,5.043877352900608,0.0,0.35568326694762814,0.9387116049995287,-0.9962164484544132,-0.829931377400418,-0.9651043967034907,0.023400421480302414,1.279377209510285,2.7325353558754006,-0.9962164484544132,-0.829931377400418,31.41699047090438,0.0,29.49149354919755,391,True
colon_sigmoid,raw,ENSG00000257545.6,ENSG00000257545,0.4126005645484539,32.23590389599615,-0.9858608144357319,0.04445856853914562,466.2597356032592,4.9600680335530285,0.0,0.4497631984775081,0.903804398283666,-1.0,-0.829931377400418,-0.9674363224607753,0.024228443769901777,1.16494675550248,2.3353801144530406,-1.0,-0.829931377400418,32.23570460558996,0.0,29.134771604305232,419,True
colon_transverse,excluded_at_or_below_-1,ENSG00000257545.6,ENSG00000257545,0.6973403348901341,36.7205886834035,-0.9758461736878014,0.031775294611554906,169.9063003741658,6.022145568238826,0.0,0.9389628120980723,0.6435067168436189,-0.996943284320544,-0.840537437641346,-0.9663231199314278,0.021716089868040012,1.4740020238357212,3.9719580096541867,-0.996943284320544,-0.840537437641346,36.72048630823678,0.0,23.629879585114512,465,True
colon_transverse,raw,ENSG00000257545.6,ENSG00000257545,0.83666456265782,37.851294586016955,-0.975126434875474,0.03012195536192301,372.21354131494377,6.31889872180421,0.0,1.167803773726507,0.505671464774804,-1.0,-0.840537437641346,-0.9673074128770646,0.022136457374200235,1.3811997915127179,3.658990678170108,-1.0,-0.840537437641346,37.85073698299597,0.0,19.140037612997418,479,True
esophagus_gastroesophageal_junction,excluded_at_or_below_-1,ENSG00000257545.6,ENSG00000257545,0.6865075262327687,30.718902077478262,-0.9904480433023163,0.038379387029848534,185.61985660107146,5.008153979035667,0.0,0.21785810328094524,0.9765482392310304,-0.9963603472752592,-0.8545351338376725,-0.9694678857155852,0.021835389374750873,1.4893776068785836,3.2165108434259153,-0.9963603472752592,-0.8545351338376725,30.71879116986423,0.0,29.99838142823664,373,True
esophagus_gastroesophageal_junction,raw,ENSG00000257545.6,ENSG00000257545,0.7290450018217103,31.334387943688938,-0.990125166587074,0.038051776022692704,278.04733876395795,5.039272362016976,0.0,0.3670031940271784,0.9348761135639194,-1.0,-0.8545351338376725,-0.9717407478211247,0.022485383575067578,1.3795911397827034,2.865957662588861,-1.0,-0.8545351338376725,31.334147047803505,0.0,29.293545613890892,403,True
esophagus_mucosa,excluded_at_or_below_-1,ENSG00000257545.6,ENSG00000257545,0.8197105346670859,51.49030228306234,-0.9739730963703309,0.038152604810642324,715.1044448909133,6.580930911954547,0.0,0.8719381075234734,0.6837673528598169,-0.9974962126243284,-0.7964329687331569,-0.961929332992837,0.02550500344930443,1.5877408830808417,5.357898072750491,-0.9974962126243284,-0.7964329687331569,51.49027727740718,0.0,35.20737059199069,593,True
esophagus_mucosa,raw,ENSG00000257545.6,ENSG00000257545,0.8267724996167041,52.54151426329868,-0.9743843989160127,0.03834199419486087,723.765460369903,6.563595120517094,0.0,0.9448108065847347,0.6399772070219496,-1.0,-0.7964329687331569,-0.9632314242096945,0.026003355514174157,1.489700234029271,4.911146260531124,-1.0,-0.7964329687331569,52.540935599518626,0.0,33.62500121930005,614,True
esophagus_muscularis,excluded_at_or_below_-1,ENSG00000257545.6,ENSG00000257545,0.27413384755873477,199.0469757045786,-0.9898017436237238,0.03896369485023123,85.97534944745775,23.314050008082926,0.0,0.21716044565819126,0.9768644473411177,-0.995784838089292,-0.3474648615522157,-0.9690552273611249,0.03389841009056141,12.362722180658151,220.5248908284116,-0.995784838089292,-0.3474648615522157,199.0127526690705,0.0,194.4084826499061,509,True
esophagus_muscularis,raw,ENSG00000257545.6,ENSG00000257545,0.3374826597162529,199.04938968117003,-0.9877682798409851,0.037107741025442766,164.02830892622723,24.402611238365623,0.0,0.4661632333849316,0.8970809313732427,-1.0,-0.3474648615522157,-0.9719235485326427,0.03351232529553752,11.790238745476705,213.30080178575489,-1.0,-0.3474648615522157,199.04045583186223,0.0,178.5553974986018,561,True
fallopian_tube,excluded_at_or_below_-1,ENSG00000257545.6,ENSG00000257545,0.15454476640773684,1.504249628651095,-0.9277827369948654,0.04759960619814639,15.784540914745257,4.618951057779169,0.0,1.693149918645962,0.2384854839852828,-0.9847707842787092,-0.7723180623173946,-0.9116112597191319,0.051122423916618975,1.3106446488908086,1.3565120268513402,-0.9847707842787092,-0.7723180623173946,1.5042057682069312,0.0,0.3587312406442841,29,True
fallopian_tube,raw,ENSG00000257545.6,ENSG00000257545,0.15454476640773684,1.504249628651095,-0.9277827369948654,0.04759960619814639,15.784540914745257,4.618951057779169,0.0,1.693149918645962,0.2384854839852828,-0.9847707842787092,-0.7723180623173946,-0.9116112597191319,0.051122423916618975,1.3106446488908086,1.3565120268513402,-0.9847707842787092,-0.7723180623173946,1.5042057682069312,0.0,0.3587312406442841,29,True
heart_atrial_appendage,excluded_at_or_below_-1,ENSG00000257545.6,ENSG00000257545,1.243173443586905,38.53523188886853,-0.9749799977594159,0.02992065813403583,664.5914901709072,7.216415196788196,0.0,1.0223200771643375,0.5930011229633828,-0.9966093261340264,-0.822301577893296,-0.9635320868497251,0.025372763101475973,1.7953831155498805,4.739780516593445,-0.9966093261340264,-0.822301577893296,38.534839455482235,0.0,22.851203070314636,447,True
heart_atrial_appendage,raw,ENSG00000257545.6,ENSG00000257545,1.3662083454603162,39.40504200490558,-0.9747451822294622,0.02899365829962211,614.8193982469661,7.435688539933367,0.0,1.231845441415759,0.46826551673544575,-1.0,-0.822301577893296,-0.9646395722816208,0.02575713847865163,1.7066483354880104,4.471012964357461,-1.0,-0.822301577893296,39.404971261910255,0.0,18.451989229903795,461,True
heart_left_ventricle,excluded_at_or_below_-1,ENSG00000257545.6,ENSG00000257545,0.2117753224253185,31.530121803874714,-0.9904526983984921,0.03445511828325814,490.0560162212747,4.5291895452809126,0.0,0.29986122275244187,0.956036912931381,-0.9977583516416704,-0.8801060254051383,-0.9746414790755275,0.01780656352021829,1.3766489791455812,3.075959336929671,-0.9977583516416704,-0.8801060254051383,31.528975520746553,0.0,30.14286442474362,413,True
heart_left_ventricle,raw,ENSG00000257545.6,ENSG00000257545,-0.1870533621388415,38.75527635653481,-1.0035826939008277,0.04413735150793774,591.3792767063694,3.956340225621518,0.0,-0.11479380006456998,1.0,-1.0,-0.8801060254051383,-0.9768294930490992,0.018451686049008483,1.2632296640994707,2.6373164098231,-1.0,-0.8801060254051383,38.48529766453252,0.0,38.48529766453252,452,True
kidney_cortex,excluded_at_or_below_-1,ENSG00000257545.6,ENSG00000257545,0.17269932119994666,8.10623060852357,-1.0000957594013498,0.1290690262535338,59.277179403995476,3.8589803815282573,0.0,-0.13997119304732827,1.0,-0.9873212067659975,-0.6479036623749592,-0.9119428268763939,0.06301517590941116,1.4836271636155434,2.820872300640314,-0.9873212067659975,-0.6479036623749592,8.022477080783881,0.0,8.022477080783881,104,True
kidney_cortex,raw,ENSG00000257545.6,ENSG00000257545,0.17269932119994666,8.10623060852357,-1.0000957594013498,0.1290690262535338,59.277179403995476,3.8589803815282573,0.0,-0.13997119304732827,1.0,-0.9873212067659975,-0.6479036623749592,-0.9119428268763939,0.06301517590941116,1.4836271636155434,2.820872300640314,-0.9873212067659975,-0.6479036623749592,8.022477080783881,0.0,8.022477080783881,104,True
kidney_medulla,excluded_at_or_below_-1,ENSG00000257545.6,ENSG00000257545,0.18421055432830963,7.081570418013139,-0.9566242220872424,0.0018153370660646303,7.710527118177301,134.41403482383174,0.0,3.0768630763159224,0.008833304522055175,-0.9605737978360912,-0.7840853735659818,-0.9147620044937487,0.05403426899436295,1.3314405153016546,1.0084949034105906,-0.9605737978360912,-0.7840853735659818,7.051064474255465,0.0,0.06228419970574339,11,True
kidney_medulla,raw,ENSG00000257545.6,ENSG00000257545,0.18421055432830963,7.081570418013139,-0.9566242220872424,0.0018153370660646303,7.710527118177301,134.41403482383174,0.0,3.0768630763159224,0.008833304522055175,-0.9605737978360912,-0.7840853735659818,-0.9147620044937487,0.05403426899436295,1.3314405153016546,1.0084949034105906,-0.9605737978360912,-0.7840853735659818,7.051064474255465,0.0,0.06228419970574339,11,True
liver,excluded_at_or_below_-1,ENSG00000257545.6,ENSG00000257545,0.9333455301357926,81.97020667610077,-0.979911271311945,0.023773187882306403,465.1635591099283,30.910849905154496,0.0,0.9867372035980734,0.6147671689194939,-0.9964985036477992,-0.4602942474418654,-0.9649756900539328,0.04162739057861914,7.75253809783464,85.2980693379217,-0.9964985036477992,-0.4602942474418654,81.9445143139972,0.0,50.376797073299,255,True
liver,raw,ENSG00000257545.6,ENSG00000257545,1.0820875689081555,86.38420406807404,-0.9785948183951441,0.02057799399985952,626.5802946350973,35.61997815884528,0.0,1.4710616657217999,0.3389516325261123,-1.0,-0.4602942474418654,-0.9659114540601256,0.04145342050933173,7.691257167915061,85.07881220741429,-1.0,-0.4602942474418654,86.37441267262426,0.0,29.276748183870122,262,True
lung,excluded_at_or_below_-1,ENSG00000257545.6,ENSG00000257545,1.0021999189206228,36.85776525631583,-0.9610223916181512,0.04832062361978105,632.5901242495856,4.676674144593596,0.0,1.0009864637401986,0.605929561275061,-0.9952239375867262,-0.8012305347545616,-0.947795466647835,0.03170873844985246,1.041530790596721,1.4263992342913,-0.9952239375867262,-0.8012305347545616,36.856850771538035,0.0,22.332655417978437,588,True
lung,raw,ENSG00000257545.6,ENSG00000257545,1.050650445782342,37.604223634657714,-0.9602274484336404,0.04750221998399807,484.6134814448631,4.73358069951602,0.0,1.1840895405367762,0.4960657228666521,-1.0,-0.8012305347545616,-0.9491783681935878,0.032390793595781994,0.968251726298581,1.291009262593379,-1.0,-0.8012305347545616,37.60367323730079,0.0,18.653893346902997,604,True
minor_salivary_gland,excluded_at_or_below_-1,ENSG00000257545.6,ENSG00000257545,0.7937341479476798,18.213953200857066,-0.9713138479111499,0.020018462162339316,171.12574559587324,10.328067382086465,0.0,1.7935185809063001,0.20022246875209762,-0.9967014448092296,-0.8251180882329212,-0.9636168385722197,0.02230720137219224,1.97350081255784,7.716617493968288,-0.9967014448092296,-0.8251180882329212,18.213438424284945,0.0,3.6467396057746457,177,True
minor_salivary_gland,raw,ENSG00000257545.6,ENSG00000257545,0.8508079161299024,18.784762384934975,-0.9714905872836559,0.019690185261967585,249.69556861746003,10.51295203990919,0.0,2.047639348352019,0.12289973147094456,-1.0,-0.8251180882329212,-0.9644208863385795,0.02270064849314533,1.8457800058328708,7.171573211477025,-1.0,-0.8251180882329212,18.784255144820236,0.0,2.3085799131801155,181,True
muscle_skeletal,excluded_at_or_below_-1,ENSG00000257545.6,ENSG00000257545,1.338119213867374,92.8985660722734,-0.9927036381319334,0.022698519214214237,711.3653992731255,8.639356395032214,0.0,0.3042507973046941,0.9547856544752391,-0.9975869476633256,-0.8540395761058132,-0.9799679632237751,0.016035453370766603,2.498703192923824,10.84623486216751,-0.9975869476633256,-0.8540395761058132,92.89709228894725,0.0,88.69681105994918,699,True
muscle_skeletal,raw,ENSG00000257545.6,ENSG00000257545,0.6829597485132842,147.09684784177537,-1.0111179725869144,0.034261600789497575,804.997048680312,6.483713356659223,0.0,-0.4589157323707527,1.0,-1.0,-0.8540395761058132,-0.9828821592829082,0.016420368444975096,2.2616477419853838,9.495753511982636,-1.0,-0.8540395761058132,132.39493310445923,0.0,132.39493310445917,818,True
nerve_tibial,excluded_at_or_below_-1,ENSG00000257545.6,ENSG00000257545,1.2816254426277411,49.94728146404746,-0.9244722841183682,0.055400079793413215,715.7998207902931,6.035827882282632,0.0,1.7840436189349358,0.20364115987591852,-0.9943600022633384,-0.6880261382218058,-0.9147859883245488,0.043205375429593074,0.9837587377307938,1.7428085045975346,-0.9943600022633384,-0.6880261382218058,49.94678083654859,0.0,10.171220381623055,668,True
nerve_tibial,raw,ENSG00000257545.6,ENSG00000257545,1.3365561201964253,51.70291109385275,-0.9240934096088101,0.05368427999842755,733.801647896335,6.218757834466445,0.0,1.9996194343644826,0.1354391582050979,-1.0,-0.6880261382218058,-0.9150403585086546,0.04339086756487974,0.9632304592535855,1.715200542926259,-1.0,-0.6880261382218058,51.70258979976342,0.0,7.0025552395034385,670,True
ovary,excluded_at_or_below_-1,ENSG00000257545.6,ENSG00000257545,0.38604787668255924,15.017786173595363,-0.9267715506278703,0.06199787604408261,78.88611411494705,6.506180175415726,0.0,1.4947974882824924,0.32719170281753285,-0.9923021549547258,-0.6415463464804675,-0.9121143996641103,0.05084843699921075,1.6809109863740268,5.533627650963364,-0.9923021549547258,-0.6415463464804675,15.017775139427822,0.0,4.913691420400202,191,True
ovary,raw,ENSG00000257545.6,ENSG00000257545,0.3530371902629445,15.29170072255988,-0.9260244412515857,0.061952777978986115,88.38972719848142,6.493861824240316,0.0,1.6886609750029404,0.24032230030706966,-1.0,-0.6415463464804675,-0.9130251312738086,0.05136393588810771,1.6147964997222226,5.313027250333477,-1.0,-0.6415463464804675,15.291492626180984,0.0,3.6748866830524083,193,True
pancreas,excluded_at_or_below_-1,ENSG00000257545.6,ENSG00000257545,1.3602635777316685,27.150426409261936,-0.9804687506746316,0.023361043844238656,248.11554622260422,6.5767310135241965,0.0,1.003685435080177,0.6043000093550732,-0.997048381982499,-0.8718293586857079,-0.9707227799990069,0.020029663737877252,1.5765432567973106,3.5188946396499396,-0.997048381982499,-0.8718293586857079,27.1502166232683,0.0,16.4068761594333,357,True
pancreas,raw,ENSG00000257545.6,ENSG00000257545,1.626439943105884,28.250195671572854,-0.9793581039114798,0.020607151958784736,313.98547537286197,7.379409350083513,0.0,1.4165979587992992,0.3666486775902049,-1.0,-0.8718293586857079,-0.9711271614907333,0.020182636122670964,1.537456659985777,3.4181411304009774,-1.0,-0.8718293586857079,28.249525662386766,0.0,10.357651226664665,362,True
pituitary,excluded_at_or_below_-1,ENSG00000257545.6,ENSG00000257545,1.0746715625629577,15.40732808800688,-0.5437234571931939,0.3383348517758096,371.9227266080401,3.763000861602112,0.0,1.7075837576007278,0.23207320702760834,-0.9522438623809114,0.3565326092286278,-0.483120124483311,0.2577860011593129,0.7366287159907686,0.4462697092378307,-0.9522438623809114,0.3565326092286278,15.39435922396328,0.0,3.5726183152402022,313,True
pituitary,raw,ENSG00000257545.6,ENSG00000257545,1.0746715625629577,15.40732808800688,-0.5437234571931939,0.3383348517758096,371.9227266080401,3.763000861602112,0.0,1.7075837576007278,0.23207320702760834,-0.9522438623809114,0.3565326092286278,-0.483120124483311,0.2577860011593129,0.7366287159907686,0.4462697092378307,-0.9522438623809114,0.3565326092286278,15.39435922396328,0.0,3.5726183152402022,313,True
prostate,excluded_at_or_below_-1,ENSG00000257545.6,ENSG00000257545,0.37217260866742785,38.23478066589215,-0.9346298053643859,0.05551812771728566,361.0280338761703,11.996317425980854,0.0,1.5501449759117416,0.30076631163043066,-0.9954842258301064,-0.4636874380212856,-0.9232026963793095,0.04950066868502758,3.3011924528346928,25.619413226081917,-0.9954842258301064,-0.4636874380212856,38.2327529730811,0.0,11.499124095190984,281,True
prostate,raw,ENSG00000257545.6,ENSG00000257545,0.3832146221380376,38.569587321608665,-0.932913865078163,0.05448314020940514,200.19862778164884,12.17966465253694,0.0,1.7413482682717263,0.2195565433867869,-1.0,-0.4636874380212856,-0.9234750272432126,0.049623688797060576,3.26829931720711,25.327647178696736,-1.0,-0.4636874380212856,38.56953267173871,0.0,8.468193273450696,282,True
skin_not_sun_exposed_suprapubic,excluded_at_or_below_-1,ENSG00000257545.6,ENSG00000257545,1.9123059815535703,43.96449952298221,-0.9644870147717028,0.04152625343540669,622.137240921209,5.648165262969054,0.0,1.0630339853424948,0.5683488875429245,-0.9957014083118892,-0.798637140045897,-0.9504502809110935,0.031266747422637936,1.302630588821504,2.5514189149369466,-0.9957014083118892,-0.798637140045897,43.964454469431175,0.0,24.98714878913276,639,True
skin_not_sun_exposed_suprapubic,raw,ENSG00000257545.6,ENSG00000257545,2.2372257923691046,45.626846309333025,-0.9629748641582304,0.03819547762638404,636.8704391032203,6.0847161154138965,0.0,1.370880861035952,0.3907623638476433,-1.0,-0.798637140045897,-0.9513636397883082,0.03168678135591548,1.2443071476220529,2.414697007133909,-1.0,-0.798637140045897,45.626776861618616,0.0,17.829227181195048,651,True
skin_sun_exposed_lower_leg,excluded_at_or_below_-1,ENSG00000257545.6,ENSG00000257545,0.952805202456619,64.1154259917761,-0.966889133952737,0.044096406270266904,833.8418812987973,6.648462470978991,0.0,0.9440621214019976,0.6404346989605333,-0.996325810249248,-0.7595843039092759,-0.9539732056400537,0.029693394223760418,1.508221093271205,4.707247167060657,-0.996325810249248,-0.7595843039092759,64.11423801699216,0.0,41.06098272349635,739,True
skin_sun_exposed_lower_leg,raw,ENSG00000257545.6,ENSG00000257545,1.238286809139061,66.01419696648581,-0.9652168432763674,0.04083053968769598,583.3738928485336,7.122323835601746,0.0,1.2047553707827579,0.4839823845729595,-1.0,-0.7595843039092759,-0.9548888580477451,0.030091443023984723,1.4403136726556576,4.440744513475089,-1.0,-0.7595843039092759,66.0134719169596,0.0,31.949357552310204,754,True
small_intestine_terminal_ileum,excluded_at_or_below_-1,ENSG00000257545.6,ENSG00000257545,0.7809646362102958,15.561738545858194,-0.9854251063313954,0.06168046383298609,115.59095432724142,5.135167173143895,0.0,0.22852580428171185,0.9742348611186928,-0.99539218484127,-0.7614564628911921,-0.9455872388237061,0.04500399019028082,1.760045095524296,3.691631637687971,-0.99539218484127,-0.7614564628911921,15.561566184326747,0.0,15.160620270376915,203,True
small_intestine_terminal_ileum,raw,ENSG00000257545.6,ENSG00000257545,1.1434636806823648,15.288247202566938,-0.9708055565592989,0.04252291889477397,198.9202195332619,6.9624648361648145,0.0,0.9709394118014821,0.62415703890616,-1.0,-0.7614564628911921,-0.9466386931459533,0.04519304273820612,1.7402259259370332,3.6520534901163995,-1.0,-0.7614564628911921,15.288118883020543,0.0,9.542187012471453,207,True
spleen,excluded_at_or_below_-1,ENSG00000257545.6,ENSG00000257545,0.7991915797901185,16.655153125059723,-0.9381291732714744,0.04589689728955008,316.7843047692645,4.844210234641154,0.0,1.7571249347880922,0.21357615840091262,-0.995154918747673,-0.7809151389107598,-0.9282491838949183,0.03763176272958142,1.0823760356140846,1.692044999706491,-0.995154918747673,-0.7809151389107598,16.654823561794082,0.0,3.5570732351729846,275,True
spleen,raw,ENSG00000257545.6,ENSG00000257545,0.8069653967878813,17.003201212828028,-0.9382862047580707,0.045761140000252686,236.99774050723545,4.86343425109487,0.0,1.907218356364608,0.1622245044669331,-1.0,-0.7809151389107598,-0.9287672403288898,0.037985838245972195,1.0368172924433499,1.6347867775088059,-1.0,-0.7809151389107598,17.002998764494244,0.0,2.7583030490219542,277,True
stomach,excluded_at_or_below_-1,ENSG00000257545.6,ENSG00000257545,0.8492392756443564,22.543341704950347,-0.9835222253835482,0.02953367023333177,299.2418584700919,4.221433414613636,0.0,0.6087559255948497,0.8308454555184708,-0.996235154489486,-0.8953640958787235,-0.9716712517345233,0.0181458777506737,1.1697867615933517,1.646688169182891,-0.996235154489486,-0.8953640958787235,22.540120362205222,0.0,18.727356569777555,375,True
stomach,raw,ENSG00000257545.6,ENSG00000257545,0.5507332944818387,23.69038805454353,-0.986867001878626,0.03385575336551359,548.1379449977503,3.8222351534917482,0.0,0.5485881190517655,0.8602064635277328,-1.0,-0.8953640958787235,-0.97389857346547,0.019015777776669737,1.0287855120552498,1.3376371577699233,-1.0,-0.8953640958787235,23.674439233540348,0.0,20.36490564908595,407,True
testis,excluded_at_or_below_-1,ENSG00000257545.6,ENSG00000257545,1.8381761839168507,35.49517330288925,1.413400590028676,0.418449858259495,491.51002443257977,4.1308127418312255,0.00019709877342123148,6.321903244029722,0.0,-0.4571793469614732,2.635661535833248,1.2903073279375294,0.46735891696515436,-1.1706910715144414,2.0674171880698857,-0.4571793469614732,2.635661535833248,35.494746601387774,0.006995971018030955,0.0,414,True
testis,raw,ENSG00000257545.6,ENSG00000257545,1.8381761839168507,35.49517330288925,1.413400590028676,0.418449858259495,491.51002443257977,4.1308127418312255,0.00019709877342123148,6.321903244029722,0.0,-0.4571793469614732,2.635661535833248,1.2903073279375294,0.46735891696515436,-1.1706910715144414,2.0674171880698857,-0.4571793469614732,2.635661535833248,35.494746601387774,0.006995971018030955,0.0,414,True
thyroid,excluded_at_or_below_-1,ENSG00000257545.6,ENSG00000257545,2.7244025430003442,73.05615578928457,-0.8350190168736777,0.10440779509466953,1095.6682993473287,10.421162183487297,0.0,2.1352556611684617,0.10231958605813037,-0.992659518617922,-0.0656510834506115,-0.798113105353712,0.11207415294970528,1.5970741613515016,4.544817164199101,-0.992659518617922,-0.0656510834506115,73.05584880835866,0.0,7.475044209196615,683,True
thyroid,raw,ENSG00000257545.6,ENSG00000257545,2.4940270415922914,73.33790756409005,-0.8340831759316238,0.10641515383392214,2005.2225177802031,10.212145994219917,0.0,2.2049662512311405,0.08795683495149771,-1.0,-0.0656510834506115,-0.7984082616324346,0.11225779965827401,1.5862912842155812,4.516568547843916,-1.0,-0.0656510834506115,73.3357816921314,0.0,6.450383246333869,684,True
uterus,excluded_at_or_below_-1,ENSG00000257545.6,ENSG00000257545,0.8581693746927158,7.097688205519436,-0.9294328693609527,0.05087353191946581,209.11360801390077,4.260571402290985,0.0,1.7499128476671673,0.216210222478339,-0.9923825181839308,-0.7761672516377711,-0.917582397646631,0.04449008694021743,0.7121323687819328,0.25588166719500016,-0.9923825181839308,-0.7761672516377711,7.096820853323722,0.0,1.5344052155860375,148,True
uterus,raw,ENSG00000257545.6,ENSG00000257545,0.9029812019814236,7.141062694948483,-0.9300434343039685,0.0533702877201539,220.36598279456587,4.077433226400988,0.0,1.8537191424398605,0.17919898913008278,-1.0,-0.7761672516377711,-0.9202757833444534,0.04615623253059748,0.6046554417858953,0.17518562542926874,-1.0,-0.7761672516377711,7.139294865148841,0.0,1.279354422936263,153,True
vagina,excluded_at_or_below_-1,ENSG00000257545.6,ENSG00000257545,0.1867506977121099,10.031544528627151,-0.9470285150597498,0.06446019709707843,197.453986454655,4.214425370470533,0.0,0.8565222620615944,0.6928957576521477,-0.986069007457432,-0.7549339847431266,-0.9283170185514177,0.03989079528206998,1.2632819804927258,2.6928271233245367,-0.986069007457432,-0.7549339847431266,10.030138560411011,0.0,6.94984045717201,167,True
vagina,raw,ENSG00000257545.6,ENSG00000257545,0.3508249249122939,10.846192263579118,-0.9405868104580545,0.05259023672099627,170.93676058589188,4.9924236966615005,0.0,1.5976908200627555,0.27906374503404624,-1.0,-0.7549339847431266,-0.9295820123416868,0.04065259476394737,1.1683820192035348,2.4963508043031633,-1.0,-0.7549339847431266,10.846118497460242,0.0,3.0267584469842976,170,True
whole_blood,excluded_at_or_below_-1,ENSG00000257545.6,ENSG00000257545,1.0015078559601378,69.7204371964754,-0.9958378006030572,0.028791409249451998,282.3825304345389,7.755850994723502,0.0,-0.0023895084877090587,1.0,-0.9957891535538383,-0.8379395269560798,-0.9759681703161532,0.019709829685969273,2.8332824619450427,12.804318361188288,-0.9957891535538383,-0.8379395269560798,69.720238153592,0.0,69.720238153592,490,True
whole_blood,raw,ENSG00000257545.6,ENSG00000257545,8.663153776234081,192771059358.25784,-1.163047556230966,0.03663129226583805,12567.2479909809,12.551350383718562,0.0,-6.294729207483143,1.0,-1.0,-0.8379395269560798,-0.9853354962078644,0.019349498897521748,2.64387409419705,11.955824772043599,-1.0,-0.8379395269560798,479.60421084351503,0.0,479.6042108434878,803,True
adipose_subcutaneous,excluded_at_or_below_-1,ENSG00000257548.2,ENSG00000257548,0.6078779121798873,34.73739409981648,-0.85775302582852,0.23751333936395919,1367.0700110732764,3.922091683499098,0.0,0.6604593599890887,0.8039554264901346,-0.9686753874002492,-0.1990483451321233,-0.7767981071248024,0.1323787512691137,0.956907732227161,0.9153478921184468,-0.9686753874002492,-0.1990483451321233,34.7214170083231,0.0,27.914471619268213,591,True
adipose_subcutaneous,raw,ENSG00000257548.2,ENSG00000257548,-7.03496707927914,1630987073283.2112,-16.42693950255946,3.155635626223289,7979.755679565378,7.272608907326447,0.0,-6.913658500091066,1.0,-1.0,-0.1990483451321233,-0.815248853376412,0.14701979157130998,0.7769701554598507,0.44444513556164456,-1.0,-0.1990483451321233,62.755016321158394,0.0,62.755016321158394,714,True
adipose_visceral_omentum,excluded_at_or_below_-1,ENSG00000257548.2,ENSG00000257548,0.44447269298411857,39.854819472832446,-0.8836052224143276,0.30191479708964003,220.7755859611585,5.217645773741742,0.0,0.3828801791028735,0.9293232902524122,-0.9653447804691332,0.2302891051308548,-0.7498400501017833,0.16088837905394734,1.2885838388246553,2.9622911433093497,-0.9653447804691332,0.2302891051308548,39.85476637757896,0.0,37.03796262225289,481,True
adipose_visceral_omentum,raw,ENSG00000257548.2,ENSG00000257548,-1.8582151833230238,2717633096718.502,-14.233659724769334,2.685168006745939,3117.9031296856965,7.6178148068672025,0.0,-6.969851054228712,1.0,-1.0,0.2302891051308548,-0.7950137378176454,0.17458114317289625,1.087603197259479,2.0049299525625246,-1.0,0.2302891051308548,76.13213673788438,0.0,76.13213673788438,587,True
adrenal_gland,excluded_at_or_below_-1,ENSG00000257548.2,ENSG00000257548,0.29266354519873927,14.18660547972369,-0.9646167132580062,0.306718395859018,156.67703334548833,3.2645962295355786,0.0,0.04422609618448893,0.9990177410021985,-0.9742085865349466,-0.2565824069186451,-0.7888843904631774,0.14282749738598782,1.0540529093643314,0.9384397465686352,-0.9742085865349466,-0.2565824069186451,14.117801652176512,0.0,14.103934314474484,234,True
adrenal_gland,raw,ENSG00000257548.2,ENSG00000257548,5.9999855867741445,2369492783.6628275,-1.0557081823695242,0.015503406445170766,1228.0000003009704,72.89588347447223,0.0,-5.081674619107716,1.0,-1.0,-0.2565824069186451,-0.8325388046385882,0.1533048929166849,1.0113802031399237,0.7573394185584355,-1.0,-0.2565824069186451,5850.212630240935,0.0,5850.2126302403,295,True
artery_aorta,excluded_at_or_below_-1,ENSG00000257548.2,ENSG00000257548,1.0417618933633361,19.695202344614213,-0.845376564916003,0.22463037320100984,561.4645709700542,4.240318648905366,0.0,0.7204624666406496,0.7713831952506872,-0.9598131373437488,-0.1718542724296535,-0.7571976145485061,0.14176610232166018,0.9856008202183668,0.7721112226306639,-0.9598131373437488,-0.1718542724296535,19.692747680511065,0.0,15.190654629058184,346,True
artery_aorta,raw,ENSG00000257548.2,ENSG00000257548,8.871794849691058,1273.0296661977825,-0.9983479070886833,0.005632238644382923,3250.3589744335195,207.5264528280466,0.0,0.41482833896160837,0.9196602971429745,-1.0,-0.1718542724296535,-0.8220135055800488,0.16211736137786076,0.8477150026368293,0.3336350230912095,-1.0,-0.1718542724296535,1270.1173114489789,0.0,1168.0764640536015,472,True
artery_coronary,excluded_at_or_below_-1,ENSG00000257548.2,ENSG00000257548,0.43419442823471216,13.445488837130073,-0.8251862881079807,0.1936628479184055,159.44457778099752,4.922329724954936,0.0,0.9231851687708371,0.6530309628768896,-0.9516075541013462,-0.1511209147505274,-0.7633680014133317,0.14088168568916298,1.4841667220171229,3.218264854353688,-0.9516075541013462,-0.1511209147505274,13.445312931273584,0.0,8.780205649690682,207,True
artery_coronary,raw,ENSG00000257548.2,ENSG00000257548,-0.27275536223902197,3946516802574.7705,-12.317635394202942,2.23348712580244,2365.294499489226,7.7036709031705355,0.0,-7.166172253052567,1.0,-1.0,-0.1511209147505274,-0.817228269748357,0.15872671963410623,1.1009978615212161,1.8972968072849001,-1.0,-0.1511209147505274,27.33824809704821,0.0,27.33824809704821,268,True
artery_tibial,excluded_at_or_below_-1,ENSG00000257548.2,ENSG00000257548,0.08756108329879658,42.03837864802185,-0.8614374137151695,0.31441061733700226,777.3566968041479,4.439223155746121,0.0,0.41764324895866356,0.9164848147083633,-0.9542886458242577,0.1254990222165855,-0.7357978457254967,0.15646186001307247,1.0469689779989413,1.6697651838480407,-0.9542886458242577,0.1254990222165855,42.03583438722279,0.0,38.525203889485326,578,True
artery_tibial,raw,ENSG00000257548.2,ENSG00000257548,-3.1146149603102153,161.70422918111564,-1.7833919998719625,0.8465437771107687,6199.804852370517,3.1889426696200602,0.0,-1.308713879694076,1.0,-1.0,0.1254990222165855,-0.7790031184216166,0.17330114640507846,0.8274969382429849,0.9281322245365451,-1.0,0.1254990222165855,67.67512229524495,0.0,67.67512229524495,691,True
bladder,excluded_at_or_below_-1,ENSG00000257548.2,ENSG00000257548,0.6303637876947731,2.345975836577651,-0.8626179883815903,0.20704542961455366,55.63224589316041,3.4133822128699305,0.0,0.6303629822973973,0.8192825460779793,-0.9549051633566836,-0.3628878164290435,-0.746379991735366,0.15070056776093757,0.7267661130089661,-0.31418037546017175,-0.9549051633566836,-0.3628878164290435,2.3390451643548227,0.0,1.916338877644005,68,True
bladder,raw,ENSG00000257548.2,ENSG00000257548,-0.002522647248459827,3.5842003260302744,-1.0735538118873462,0.4883097274384169,95.92150438146652,2.0581885484172706,0.0,-0.21302217115558686,1.0,-1.0,-0.3628878164290435,-0.7760238888052582,0.16354854839429817,0.6097156904635201,-0.35809851439995555,-1.0,-0.3628878164290435,3.072744741497221,0.0,3.072744741497221,77,True
brain_amygdala,excluded_at_or_below_-1,ENSG00000257548.2,ENSG00000257548,-0.20743178810378865,564.1440751625565,-1.92927364483291,0.5089943230682934,170.36790416122793,4.169684976879783,0.0,-2.6583744836793572,1.0,-0.9724892122809706,-0.4285484087846898,-0.8711717643329718,0.09103674156614253,1.7506205456877677,4.5451331362824625,-0.9724892122809706,-0.4285484087846898,16.380179012995242,0.0,16.380179012995242,138,True
brain_amygdala,raw,ENSG00000257548.2,ENSG00000257548,0.6818557316074043,1913944079891.4163,-5.120788286596458,0.8245290619824446,1016.2611534013354,8.048023507084778,0.0,-7.067882687556474,1.0,-1.0,-0.4285484087846898,-0.9017773672814922,0.09659562859925296,1.5313618640836049,3.6130363969480594,-1.0,-0.4285484087846898,27.169572730073238,0.0,27.16957273007324,181,True
brain_anterior_cingulate_cortex_ba24,excluded_at_or_below_-1,ENSG00000257548.2,ENSG00000257548,0.6720534253578033,10.8636673680891,-0.9191409204333447,0.15437234423134605,211.20200417164136,4.535956664133095,0.0,0.5564578071185459,0.8565685715626422,-0.9798825922969482,-0.4240061810952349,-0.8445412544822343,0.10156701668782511,1.1364916583939662,1.2297262799199276,-0.9798825922969482,-0.4240061810952349,10.86321650339901,0.0,9.30508984289221,179,True
brain_anterior_cingulate_cortex_ba24,raw,ENSG00000257548.2,ENSG00000257548,1.7919391195319383,4600836082837.747,-4.9871630496704125,0.7859458992987316,1465.0667210402842,8.21084293019782,0.0,-7.174412469443452,1.0,-1.0,-0.4240061810952349,-0.8805703199670386,0.11061754251418575,1.0410760519798816,0.9240697873066552,-1.0,-0.4240061810952349,30.594408782327044,0.0,30.594408782327044,233,True
brain_caudate_basal_ganglia,excluded_at_or_below_-1,ENSG00000257548.2,ENSG00000257548,1.2111615110634222,12.333242939301238,-0.9495322719364075,0.219478201319911,313.08821035971295,3.556854580842942,0.0,0.21208810259578095,0.9777221320394801,-0.9824471841657632,-0.397527916632435,-0.8150262891743518,0.13083313886228984,1.004151799846689,0.3634385199537986,-0.9824471841657632,-0.397527916632435,12.311147006597238,0.0,12.036880899141716,240,True
brain_caudate_basal_ganglia,raw,ENSG00000257548.2,ENSG00000257548,6.119664328987627,66439929784.60256,-1.169525536244772,0.0386987517102328,1132.011688966385,28.212008282603723,0.0,-6.195169144500711,1.0,-1.0,-0.397527916632435,-0.8520210313394814,0.13847437106493493,1.0195704560281162,0.43824120600374705,-1.0,-0.397527916632435,307.81646126871874,0.0,307.81646126871874,300,True
brain_cerebellar_hemisphere,excluded_at_or_below_-1,ENSG00000257548.2,ENSG00000257548,-0.6555966051230702,13.281777942441417,-0.5758094058301032,0.5548044669076643,238.88214615602251,2.8531938938748804,0.0,1.021612640512025,0.5863627030459428,-0.9765941751787331,0.5435156801344176,-0.4955005497612849,0.28594217142537065,0.4561559235200054,-0.11281531627001584,-0.9765941751787331,0.5435156801344176,13.05503959423437,0.0,7.654988304847073,264,True
brain_cerebellar_hemisphere,raw,ENSG00000257548.2,ENSG00000257548,-1.2571551858576957,13.982393185153976,-0.638972561793602,0.6564278770130484,343.9757796785598,2.547562295329029,0.0,0.7778004520824968,0.7283947107659492,-1.0,0.5435156801344176,-0.519177419267073,0.298893617104261,0.3922109303838905,-0.2255946054303548,-1.0,0.5435156801344176,13.437537050719019,0.0,9.787830913465205,277,True
brain_cerebellum,excluded_at_or_below_-1,ENSG00000257548.2,ENSG00000257548,0.15980339637901853,12.393230393653093,-0.5949794457346861,0.40102126828431034,207.1319233273106,3.1664951303276876,0.0,1.2136992110147435,0.4752823525163183,-0.9391418904082254,0.3029272968999155,-0.5319319343106409,0.24384034184962824,0.570473881299324,0.10793314649358132,-0.9391418904082254,0.3029272968999155,12.310832297175859,0.0,5.851121335635612,258,True
brain_cerebellum,raw,ENSG00000257548.2,ENSG00000257548,0.3163457791031732,12.959613172820681,-0.5884904409252057,0.3844089618405085,275.3946415544657,3.2794632272264166,0.0,1.513914755533725,0.3147504679366356,-1.0,0.3029272968999155,-0.5460091693689675,0.2531367274963419,0.47058539200174143,0.035314038709947315,-1.0,0.3029272968999155,12.899730294394974,0.0,4.060196146417211,266,True
brain_cortex,excluded_at_or_below_-1,ENSG00000257548.2,ENSG00000257548,0.4708349250142627,13.852395129249663,-0.9248271243478302,0.14363739870564415,205.2608841587887,4.372814024866723,0.0,0.4365693840095008,0.9091011181962424,-0.9691681576557166,-0.4806936156142249,-0.8584194880178956,0.08335179330161817,1.1272409295924446,1.482370164905599,-0.9691681576557166,-0.4806936156142249,13.85135693864826,0.0,12.592284081460416,212,True
brain_cortex,raw,ENSG00000257548.2,ENSG00000257548,-0.6480278630169406,1289468537005.7844,-8.073770824358526,1.4273932446835045,1984.2013692604612,7.522967345367549,0.0,-7.008455920740387,1.0,-1.0,-0.4806936156142249,-0.888833079480718,0.09403774172206797,0.8842867104440044,0.7850569361298034,-1.0,-0.4806936156142249,27.165334159812286,0.0,27.165334159812286,270,True
brain_frontal_cortex_ba9,excluded_at_or_below_-1,ENSG00000257548.2,ENSG00000257548,0.7635153340627607,12.7482111702801,-0.9318400214977813,0.17216058279499044,256.03757800244045,4.436019183179638,0.0,0.3712483600061685,0.9334066490007268,-0.9770342804985902,-0.3918171648477305,-0.8370007800898004,0.11354121934882629,1.283317379514136,1.508308268597034,-0.9770342804985902,-0.3918171648477305,12.747503922680618,0.0,11.898604919592936,202,True
brain_frontal_cortex_ba9,raw,ENSG00000257548.2,ENSG00000257548,5.209946577699747,2160.770707175791,-1.0033117241271279,0.00578891148801204,1219.779780751431,149.38627077665967,0.0,-0.8090441847524502,1.0,-1.0,-0.3918171648477305,-0.8775990988034932,0.12106411202849389,1.2280174158484847,1.3976024233783813,-1.0,-0.3918171648477305,1557.6662701495761,0.0,1557.6662701495004,269,True
brain_hippocampus,excluded_at_or_below_-1,ENSG00000257548.2,ENSG00000257548,-0.20933522596428641,85.38558253400386,-1.532294577613978,0.4402217426790665,295.1330618395365,3.570842075446245,0.0,-1.7874867845385147,1.0,-0.9758789355627742,-0.4207493604638342,-0.8612078180335332,0.09854698083638758,1.399931578755658,2.408753641784246,-0.9758789355627742,-0.4207493604638342,17.13586328029531,0.0,17.13586328029531,168,True
brain_hippocampus,raw,ENSG00000257548.2,ENSG00000257548,4.307692327123647,215.5065780931612,-0.9936786880611612,0.0009393228151080349,1270.3076923139827,862.5835680103744,0.0,9.51715952397996,0.0,-1.0,-0.4207493604638342,-0.9085604448220924,0.1035957284731395,1.4362402423179754,2.3424940247675714,-1.0,-0.4207493604638342,171.67921919917197,0.0,0.0,255,True
brain_hypothalamus,excluded_at_or_below_-1,ENSG00000257548.2,ENSG00000257548,0.3961905977999011,16.21399589432054,-0.9363221643020069,0.1766190410558439,185.98489203150473,5.084230674001312,0.0,0.2822074638860776,0.9609714334286374,-0.9715666372560932,-0.301360111864896,-0.8422994601861113,0.110004452124817,1.7262035356538983,4.141939173174842,-0.9715666372560932,-0.301360111864896,16.213793770082614,0.0,15.580992640552601,201,True
brain_hypothalamus,raw,ENSG00000257548.2,ENSG00000257548,0.24858812706589797,1812984497680.2317,-7.223316639466454,1.2529432584663587,1372.3982271624395,7.812903524037704,0.0,-7.024339478268495,1.0,-1.0,-0.301360111864896,-0.8766622237253244,0.11708404092623967,1.4899079742583725,3.291864508402919,-1.0,-0.301360111864896,34.898332825978216,0.0,34.89833282597847,257,True
brain_nucleus_accumbens_basal_ganglia,excluded_at_or_below_-1,ENSG00000257548.2,ENSG00000257548,0.14749968663259938,19.373607420619148,-1.0322843091812552,0.3131996975749802,329.82915326873456,3.5215642397703015,0.0,-0.24378508493895568,1.0,-0.9782942917555644,-0.2523788661616496,-0.814376271885591,0.132251724751964,1.2690520055700836,1.9782239908328334,-0.9782942917555644,-0.2523788661616496,18.76708927672282,0.0,18.76708927672282,245,True
brain_nucleus_accumbens_basal_ganglia,raw,ENSG00000257548.2,ENSG00000257548,-0.733484754399602,898293239804.8569,-10.85129829000546,2.005748476541103,566.7126259373234,7.473088361282563,0.0,-6.945955493250054,1.0,-1.0,-0.2523788661616496,-0.84042872495428,0.13856019134584435,1.1803112016074593,1.6780963392694401,-1.0,-0.2523788661616496,29.312010623194254,0.0,29.312010623194254,285,True
brain_putamen_basal_ganglia,excluded_at_or_below_-1,ENSG00000257548.2,ENSG00000257548,0.27415613974061553,20.44715106099729,-1.0722712546139757,0.24399323100499776,114.89364868407922,3.789948434994122,0.0,-0.5883269096460756,1.0,-0.9707676434261056,-0.4183942245812287,-0.8535041652835783,0.10457254716420214,1.5654417533771827,2.89490670328919,-0.9707676434261056,-0.4183942245812287,17.18221734839686,0.0,17.18221734839686,189,True
brain_putamen_basal_ganglia,raw,ENSG00000257548.2,ENSG00000257548,4.8461538546866905,39503.92975660003,-1.0072930761762608,0.005717745366701313,1275.0769252888904,145.6568436296266,0.0,-1.8038521442305104,1.0,-1.0,-0.4183942245812287,-0.8909932568448672,0.11058317763465736,1.4427733558256113,2.5472876160011326,-1.0,-0.4183942245812287,7763.698840577003,0.0,7763.698840576946,254,True
brain_spinal_cord_cervical_c-1,excluded_at_or_below_-1,ENSG00000257548.2,ENSG00000257548,0.4367457104617084,10.572762608237745,-1.071092190821898,0.3229435630470959,168.48827635275006,3.20716835138791,0.0,-0.44654320769671707,1.0,-0.969121556127891,-0.3387173909712325,-0.7998791576324676,0.14004586537949523,1.1367409383844895,0.8935931339815326,-0.969121556127891,-0.3387173909712325,9.507748995717161,0.0,9.50774899571716,143,True
brain_spinal_cord_cervical_c-1,raw,ENSG00000257548.2,ENSG00000257548,3.6666666751820496,207.48985880075423,-0.9966797356140211,0.004360933524740244,532.6666666990061,213.37157882498494,0.0,1.0767334330314708,0.560081039129945,-1.0,-0.3387173909712325,-0.8597192134384454,0.14884586476432063,1.204014659313904,1.0566682279782889,-1.0,-0.3387173909712325,207.4891014821839,0.0,116.21071156628018,204,True
brain_substantia_nigra,excluded_at_or_below_-1,ENSG00000257548.2,ENSG00000257548,0.4331555204990602,9.363915193720784,-0.97724546390405,0.1463224493429215,48.78680768593966,4.21240023768024,0.0,-0.012206512420542225,1.0,-0.9759825098192996,-0.5414069620049513,-0.8752746255022374,0.08806338882143655,1.485339487748083,2.1783971656187004,-0.9759825098192996,-0.5414069620049513,9.361904420861192,0.0,9.361904420861192,128,True
brain_substantia_nigra,raw,ENSG00000257548.2,ENSG00000257548,3.2820512931674526,352.79941326849183,-0.993488652361354,0.0005621337991814251,515.897435897436,1137.3449857197359,0.0,16.381217698186624,0.0,-1.0,-0.5414069620049513,-0.9127603937939146,0.09327261142852823,1.421168342887478,2.126274679368694,-1.0,-0.5414069620049513,223.91241550800964,0.0,0.0,183,True
breast_mammary_tissue,excluded_at_or_below_-1,ENSG00000257548.2,ENSG00000257548,0.5306193058777164,32.2854480254469,-0.8804766199631242,0.3062284241466882,577.758710038567,4.4950153910862785,0.0,0.376323285059132,0.9316387689243171,-0.9619642323149568,0.0928569106654801,-0.740884624760419,0.17110053937118122,1.410050653022551,3.005391997577509,-0.9619642323149568,0.0928569106654801,32.28404486124704,0.0,30.077067810429618,451,True
breast_mammary_tissue,raw,ENSG00000257548.2,ENSG00000257548,-0.41254957365606854,43.2569361305838,-1.0789063714854306,0.4664816629209462,1586.1661918501038,3.552387279560567,0.0,-0.2392172502850484,1.0,-1.0,0.0928569106654801,-0.7726439022703289,0.18142467156008704,1.2103049328727924,2.341305506268885,-1.0,0.0928569106654801,41.95812434542682,0.0,41.95812434542682,514,True
cells_cultured_fibroblasts,excluded_at_or_below_-1,ENSG00000257548.2,ENSG00000257548,1.0162853487624885,45.506277667849126,-0.8127396689720132,0.3253711807168358,1054.4674417844967,5.465685590467489,0.0,0.6401153087469398,0.8147518031704329,-0.960012386009475,0.4447624660048501,-0.6860568216422381,0.2003574549209914,1.239275008396471,2.248476816435206,-0.960012386009475,0.4447624660048501,45.506165901681,0.0,37.076230723767466,593,True
cells_cultured_fibroblasts,raw,ENSG00000257548.2,ENSG00000257548,0.5662011311990626,48.39248880377385,-0.863400644657787,0.3821230036910101,1465.9012753144798,4.84143062580768,0.0,0.5055457511597179,0.880043420274568,-1.0,0.4447624660048501,-0.714465790235962,0.21125610177886195,1.0698212984179118,1.770537825086886,-1.0,0.4447624660048501,48.39183734425687,0.0,42.58691804981038,652,True
cells_ebv-transformed_lymphocytes,excluded_at_or_below_-1,ENSG00000257548.2,ENSG00000257548,0.29007690142476406,15.93625288760519,-0.9549716205649311,0.22547932486747985,86.40007290436898,4.109179391680082,0.0,0.06580286658086883,0.9978415814886407,-0.9654630953504664,-0.2998124425970495,-0.822804727859252,0.1157059822352246,1.4357079323047854,2.7004524949723345,-0.9654630953504664,-0.2998124425970495,15.932743790565066,0.0,15.898354261430764,213,True
cells_ebv-transformed_lymphocytes,raw,ENSG00000257548.2,ENSG00000257548,5.46153846157359,177.9334362212952,-0.993649559495087,0.0034163160039051596,1527.6923076933629,287.21987652003264,0.0,2.6288197809645086,0.032276160151567604,-1.0,-0.2998124425970495,-0.884579226403733,0.12592917367574288,1.3403918513571071,2.140415865467781,-1.0,-0.2998124425970495,174.07551567804603,0.0,5.618489222491326,327,True
cervix_ectocervix,excluded_at_or_below_-1,ENSG00000257548.2,ENSG00000257548,0.2701670879228696,0.9732265272480413,-0.9167607766548265,0.07668133053004224,9.746305220578794,8.890444806088531,0.0,0.5013020159084476,0.8819219100466104,-0.9439423188207406,-0.4347040669236558,-0.777645740507878,0.14370812063460686,0.7732198497385352,-0.31876225758868504,-0.9439423188207406,-0.4347040669236558,0.9732264383731858,0.0,0.8583097194379398,18,True
cervix_ectocervix,raw,ENSG00000257548.2,ENSG00000257548,0.4615384655445616,9.856905785034527,-0.995709509210021,0.0036558703900311787,13.692307696983294,217.0157638000203,0.0,1.6597060664323904,0.2557396930296718,-1.0,-0.4347040669236558,-0.8332343053809085,0.15791725710856452,0.8089137007080778,-0.21962375068559004,-1.0,-0.4347040669236558,9.722622308427779,0.0,2.486460444600758,24,True
cervix_endocervix,excluded_at_or_below_-1,ENSG00000257548.2,ENSG00000257548,0.5128205128205128,3.669351928700734,-0.9442843355773907,0.0012660554943235783,13.743589743589745,691.4292460049758,0.0,7.859214920004335,4.0606374910254797e-14,-0.9513201910487836,-0.3252916889705514,-0.6765826946296409,0.18856084846341012,0.20806280561226062,-0.9670961837581769,-0.9513201910487836,-0.3252916889705514,3.4941927926511154,0.0,1.41886502547095e-13,23,True
cervix_endocervix,raw,ENSG00000257548.2,ENSG00000257548,0.5128205128205128,3.669351928700734,-0.9442843355773907,0.0012660554943235783,13.743589743589745,691.4292460049758,0.0,7.859214920004335,4.0606374910254797e-14,-0.9513201910487836,-0.3252916889705514,-0.6765826946296409,0.18856084846341012,0.20806280561226062,-0.9670961837581769,-0.9513201910487836,-0.3252916889705514,3.4941927926511154,0.0,1.41886502547095e-13,23,True
colon_sigmoid,excluded_at_or_below_-1,ENSG00000257548.2,ENSG00000257548,0.3392913462325395,22.227522462789715,-0.9546997470251045,0.3160487977576665,562.5797247755411,3.5709160584065853,0.0,0.027949255235242006,0.9996110196688062,-0.960945853518736,-0.1566705404184678,-0.7715824008838681,0.14769281039434407,1.15565124055745,1.4280257788099577,-0.960945853518736,-0.1566705404184678,22.189633889408068,0.0,22.181002558268695,330,True
colon_sigmoid,raw,ENSG00000257548.2,ENSG00000257548,1.1552103490636283,3946415367365.2085,-9.703543026624915,1.73508889856553,4377.061690541117,7.781339941372345,0.0,-7.093969997230009,1.0,-1.0,-0.1566705404184678,-0.8201006975934999,0.16099076122405379,1.0258814149054258,1.015602683901327,-1.0,-0.1566705404184678,46.3204675641666,0.0,46.3204675641666,419,True
colon_transverse,excluded_at_or_below_-1,ENSG00000257548.2,ENSG00000257548,1.7377829314949504,21.059845757967068,-0.8779026816121452,0.13131974199217072,563.5273837467037,5.750949932958995,0.0,1.1373037316939194,0.5237560370444487,-0.9835093852857854,-0.3438862632299067,-0.8182408002349105,0.1219337648425358,1.369018094252185,1.9515972065741245,-0.9835093852857854,-0.3438862632299067,21.05983031163977,0.0,11.030213264853003,337,True
colon_transverse,raw,ENSG00000257548.2,ENSG00000257548,8.6410256154024,518.260302367315,-0.9956295015531931,0.003288094101557377,3038.9743589743593,280.3156169968477,0.0,1.879757083253,0.17089048503798096,-1.0,-0.3438862632299067,-0.8721234857602607,0.13174134130545959,1.2786197610922032,1.6907386331673822,-1.0,-0.3438862632299067,518.2546119015777,0.0,88.56478200103118,479,True
esophagus_gastroesophageal_junction,excluded_at_or_below_-1,ENSG00000257548.2,ENSG00000257548,0.20907864676102256,18.191509265628316,-0.8212951027012856,0.287630414517504,494.94725775118826,3.5553491820659895,0.0,0.7704412543793502,0.7427391614615432,-0.9779916181742828,-0.0981889282165002,-0.7384426269063494,0.16156727700584886,0.8948024479750353,0.8354145747579991,-0.9779916181742828,-0.0981889282165002,18.158726637497722,0.0,13.487197395944447,337,True
esophagus_gastroesophageal_junction,raw,ENSG00000257548.2,ENSG00000257548,-2.3683922245504645,3209305290709.4727,-17.7841857095872,3.3435026716192073,2387.4647441955876,7.480710790097418,0.0,-7.09926846039926,1.0,-1.0,-0.0981889282165002,-0.7812783257256569,0.17666538453097633,0.7810804417726024,0.43359203787344747,-1.0,-0.0981889282165002,34.235731308211264,0.0,34.2357313082115,403,True
esophagus_mucosa,excluded_at_or_below_-1,ENSG00000257548.2,ENSG00000257548,1.2654741333711892,22.703196533177003,-0.8984769834128885,0.1313742383248945,610.1767070441435,4.5559711143091155,0.0,0.7428945480187373,0.7588463044661001,-0.9674886291772716,-0.4752472457711306,-0.8446075498081645,0.08974161450686555,1.1478493940071137,1.3239276582368626,-0.9674886291772716,-0.4752472457711306,22.70249016915667,0.0,17.227700767042506,382,True
esophagus_mucosa,raw,ENSG00000257548.2,ENSG00000257548,9.79496516795171,288.5433663743768,-0.9941914587466427,0.0014690609808252415,4198.358974698997,499.5694213406552,0.0,5.591679259963103,1.7044414443241173e-07,-1.0,-0.4752472457711306,-0.9033226124213661,0.10339842437998459,1.0690348567593102,0.8451933541153434,-1.0,-0.4752472457711306,274.8608888001189,0.0,4.684842902946684e-05,614,True
esophagus_muscularis,excluded_at_or_below_-1,ENSG00000257548.2,ENSG00000257548,1.9901149463617174,23.82438021979258,-0.8279681394736149,0.24927560745361885,1299.3975600181363,3.8491588478330474,0.0,0.8989225880600834,0.6674252536446479,-0.9864162551998168,-0.1494981859193718,-0.7363764649629817,0.16861374011460878,0.9101800916615381,0.3613303752293837,-0.9864162551998168,-0.1494981859193718,23.809811140500777,0.0,15.891269239679893,490,True
esophagus_muscularis,raw,ENSG00000257548.2,ENSG00000257548,-9.242073901167895,218937964.55517527,-16.45156473376883,3.9476548190675196,2739.9008320560765,5.8400758585380075,0.0,-5.535390860628322,1.0,-1.0,-0.1494981859193718,-0.7697405843705188,0.1803389072918312,0.8149957800858464,0.21925246365894768,-1.0,-0.1494981859193718,40.02548914276872,0.0,40.02548914276883,561,True
fallopian_tube,excluded_at_or_below_-1,ENSG00000257548.2,ENSG00000257548,0.3946473150169853,0.7109452960687743,-0.7366152225042133,0.09751490421048659,18.566599467577078,3.962054768345473,0.0,3.007493529746922,0.010475825931308124,-0.9439922773351708,-0.4634178770031653,-0.7197279920947727,0.12263628332355447,0.19232412180601316,-0.5372621297131825,-0.9439922773351708,-0.4634178770031653,0.7106568233588633,0.0,0.007444717178403837,26,True
fallopian_tube,raw,ENSG00000257548.2,ENSG00000257548,0.5090929409366393,0.6870489180413919,-0.7398556584302979,0.0951419709394159,37.643675806747225,4.109038900355792,0.0,3.8668492190135653,0.00035085478628755194,-1.0,-0.4634178770031653,-0.7487216480849687,0.14482382331503987,-0.0665785529439674,-0.6225448234323543,-1.0,-0.4634178770031653,0.6868907720927009,0.0,0.0002409989150454761,29,True
heart_atrial_appendage,excluded_at_or_below_-1,ENSG00000257548.2,ENSG00000257548,0.4523647696070962,21.874715491954575,-0.9940816801418705,0.2182866756930675,332.6570863330627,3.058579027151696,0.0,-0.12990853871905142,1.0,-0.9740300388511862,-0.5219839249335643,-0.8531318356012353,0.09352255700669368,0.9746764400085786,0.504912664312474,-0.9740300388511862,-0.5219839249335643,21.48741725648667,0.0,21.48741725648667,353,True
heart_atrial_appendage,raw,ENSG00000257548.2,ENSG00000257548,9.051282051130222,4123.650774970192,-1.001096651945788,0.003661719418453788,2717.897436039583,185.04086168687323,0.0,-0.42354420907300727,1.0,-1.0,-0.5219839249335643,-0.8875391279115749,0.10281457064886018,0.9187085322733032,0.3597659240925415,-1.0,-0.5219839249335643,3769.8832503647172,0.0,3769.883250364701,461,True
heart_left_ventricle,excluded_at_or_below_-1,ENSG00000257548.2,ENSG00000257548,1.069357203315527,37.06418207044351,-1.0124449459018203,0.16881489773488495,330.7734378118565,5.96281001686668,0.0,-0.2634250329638471,1.0,-0.9809998578445552,-0.3006633663780242,-0.8679898020854785,0.10782788938818667,1.8568174709734897,4.4647390116778745,-0.9809998578445552,-0.3006633663780242,35.80024248601822,0.0,35.80024248601822,301,True
heart_left_ventricle,raw,ENSG00000257548.2,ENSG00000257548,6.069214383767609,1664124675755.513,-1.7495959535616794,0.15742595523650688,4023.257066523834,13.016278749466839,0.0,-6.733888082396004,1.0,-1.0,-0.3006633663780242,-0.9120905540436484,0.10779386756763998,1.9174130873515303,4.827618115186644,-1.0,-0.3006633663780242,236.9137208333461,0.0,236.9137208333402,452,True
kidney_cortex,excluded_at_or_below_-1,ENSG00000257548.2,ENSG00000257548,0.5317822455068785,5.399762139994575,-0.9947145304100596,0.152527704832005,67.52855368569608,4.702233960449524,0.0,-0.19613135298907716,1.0,-0.9735611021634654,-0.4875627305312949,-0.8472026612364579,0.11654877527210736,1.2902647582225981,0.9967392638546899,-0.9735611021634654,-0.4875627305312949,5.296811542107533,0.0,5.296811542107533,72,True
kidney_cortex,raw,ENSG00000257548.2,ENSG00000257548,1.8461538343577113,64.84574346528815,-0.9957667951296378,0.002482463974219959,165.07692307697826,289.5144050716556,0.0,2.4115780942405345,0.054610072285461345,-1.0,-0.4875627305312949,-0.8942172270098555,0.11993781749063366,1.4116480479128242,1.5414799233276986,-1.0,-0.4875627305312949,64.82515735681373,0.0,3.540106529172004,104,True
kidney_medulla,excluded_at_or_below_-1,ENSG00000257548.2,ENSG00000257548,,,,,,,,,,-0.9453029184418316,-0.480830516813995,,,,,,,,,,8,False
kidney_medulla,raw,ENSG00000257548.2,ENSG00000257548,0.20512820512820518,6.188203611108635,-0.9939697441769754,0.0005152403699238725,6.358974359063242,1408.4464205116528,0.0,16.5516331159416,0.0,-1.0,-0.480830516813995,-0.8514324187216434,0.15420901927855715,1.2023356755993537,1.0105466963245746,-1.0,-0.480830516813995,6.1566596127581175,0.0,0.0,11,True
liver,excluded_at_or_below_-1,ENSG00000257548.2,ENSG00000257548,0.2839358447257155,9.379163533096822,-0.9576411483462808,0.17757267796127046,129.09363269512056,3.3955323336006145,0.0,0.10769428921389479,0.9942024873080462,-0.9711635496622156,-0.5312884491331806,-0.857413604182298,0.0878309687675692,1.0963434661963496,1.0888190605393957,-0.9711635496622156,-0.5312884491331806,9.349723340635757,0.0,9.295518200902164,157,True
liver,raw,ENSG00000257548.2,ENSG00000257548,4.025641025641032,110.28909637331353,-0.9948111634776322,0.002255710326465829,622.9743589744319,290.60473829587875,0.0,3.2531317947932585,0.005117625189221868,-1.0,-0.5312884491331806,-0.9145570070863389,0.09752970700642598,1.1818416684441113,1.036922803253466,-1.0,-0.5312884491331806,108.49852817841317,0.0,0.5552548007993456,262,True
lung,excluded_at_or_below_-1,ENSG00000257548.2,ENSG00000257548,0.9631917100902693,37.00106021153833,-0.8438584312040168,0.2444268250799259,684.5073043534965,5.322376462650629,0.0,0.6691984645706103,0.7993846844524347,-0.9595199270313371,0.0760391113303764,-0.7484016617982522,0.1558904069118524,1.3007583059775223,2.4431276099735513,-0.9595199270313371,0.0760391113303764,37.00101640942925,0.0,29.57804582687096,502,True
lung,raw,ENSG00000257548.2,ENSG00000257548,-2.039698699694371,160.54436775009532,-1.7689946406379267,0.7851627214951125,4814.221681043687,3.3232241975282495,0.0,-1.385092058511785,1.0,-1.0,0.0760391113303764,-0.7908901228853022,0.17055953404460805,1.0450687890851513,1.6226611127576334,-1.0,0.0760391113303764,60.87614246815052,0.0,60.87614246815049,604,True
minor_salivary_gland,excluded_at_or_below_-1,ENSG00000257548.2,ENSG00000257548,0.4804624324868631,7.819892789366479,-0.9132522669655644,0.19212399188198143,110.71158398347409,3.7884224972350267,0.0,0.3773556070540906,0.9312258325608972,-0.9645168478713114,-0.3985868214702263,-0.815082404134807,0.11223521196409317,1.0171566348937324,0.7671918351494882,-0.9645168478713114,-0.3985868214702263,7.813900385069649,0.0,7.276505891634399,141,True
minor_salivary_gland,raw,ENSG00000257548.2,ENSG00000257548,0.9823864008751362,3903734762079.9854,-7.376276107360455,1.2478665972389713,1045.6288459734512,7.907850762225066,0.0,-7.226266147692877,1.0,-1.0,-0.3985868214702263,-0.8559481711768386,0.1253672983075026,0.8676321775124837,0.4188246227647032,-1.0,-0.3985868214702263,17.773728608364635,0.0,17.77372860836464,181,True
muscle_skeletal,excluded_at_or_below_-1,ENSG00000257548.2,ENSG00000257548,1.0334547462207273,69.32483651245421,-0.8667070624909077,0.19896095646524753,410.25657620483275,7.344237682038893,0.0,0.751144488174255,0.7542036486926901,-0.9723830578193426,0.1665290714311873,-0.7953914452297884,0.13134968415363918,1.7492046643154675,6.934856337045888,-0.9723830578193426,0.1665290714311873,69.32371590480153,0.0,52.28419947633679,706,True
muscle_skeletal,raw,ENSG00000257548.2,ENSG00000257548,-0.3398083314195364,86.67095155756273,-1.0125988617498458,0.32995728523961887,2227.066930429507,5.0538017782107385,0.0,-0.05399935674751449,1.0,-1.0,0.1665290714311873,-0.8234063084746096,0.140857794932265,1.4082813395322265,4.97385210464277,-1.0,0.1665290714311873,86.54443393914767,0.0,86.54443393914767,818,True
nerve_tibial,excluded_at_or_below_-1,ENSG00000257548.2,ENSG00000257548,1.418722188321999,38.746611156084725,-0.8155276744173457,0.2085823128297762,1491.2265767172685,5.687917623896662,0.0,1.0886345450473458,0.5529103841973227,-0.9760903484531795,0.023383112993571,-0.7493390426304466,0.15061949208979666,1.1880286882682065,1.923966657411933,-0.9760903484531795,0.023383112993571,38.746478933410096,0.0,21.423330553365247,551,True
nerve_tibial,raw,ENSG00000257548.2,ENSG00000257548,-4.9626971714771635,59116760.15647912,-10.114692426677939,2.4690039920087004,7428.611412349858,5.806958583692667,0.0,-5.220777968925154,1.0,-1.0,0.023383112993571,-0.7938594216259345,0.16685933515908416,0.9348753432095307,1.1596527688109193,-1.0,0.023383112993571,68.4764506473981,0.0,68.47645064739785,670,True
ovary,excluded_at_or_below_-1,ENSG00000257548.2,ENSG00000257548,-1198.7208170004938,1213.498669916794,-2.8606455731816705,24.311945363740005,102.14024739310203,0.15168946025661895,0.0,-0.11198510862526617,1.0,-0.935493732690626,-0.2529306083882521,-0.6793033896929637,0.17660408657051896,0.3984847193385244,-0.835042963117945,-0.935493732690626,-0.2529306083882521,6.295878334703502,0.0,6.295878334703502,168,True
ovary,raw,ENSG00000257548.2,ENSG00000257548,4.308114009650441,26.526337911027664,-0.9906443637615936,3.4648333318932484e-05,294.3076992806491,30110.677717017268,,381.8615900278805,,-1.0,-0.2529306083882521,-0.7208444013907664,0.1969384146844086,0.33003697024569145,-0.8540449863675303,-1.0,-0.2529306083882521,0.0,0.0,0.0,193,True
pancreas,excluded_at_or_below_-1,ENSG00000257548.2,ENSG00000257548,1.1151833310785861,17.106711703545237,-0.9261468819553889,0.09050493991551649,685.5780752625881,6.193446996093326,0.0,0.8738594871868751,0.6826213896130877,-0.9820709676003736,-0.5297869804771689,-0.8791949241959469,0.08440503010183176,1.674730809776543,3.132821117342244,-0.9820709676003736,-0.5297869804771689,17.106706553847598,0.0,11.677403799490762,241,True
pancreas,raw,ENSG00000257548.2,ENSG00000257548,6.179487224840979,350.6955032278946,-0.9962029024018694,0.001968985799643408,2445.74358974359,335.00075145901036,0.0,2.7272451238110373,0.024362396459145057,-1.0,-0.5297869804771689,-0.9195745213569702,0.08940280035659048,1.5575404066546303,2.9037633374286704,-1.0,-0.5297869804771689,349.2192038441172,0.0,8.507816695197377,362,True
pituitary,excluded_at_or_below_-1,ENSG00000257548.2,ENSG00000257548,1.2512538087152723,14.1263210445976,-0.8145657699624683,0.21626960974214474,436.19485368269284,4.246130466277122,0.0,0.9114809167138924,0.6600361869892352,-0.9539546341269038,-0.165223263788908,-0.7278245538431298,0.16336777691846685,1.104664368457931,1.0554518791006533,-0.9539546341269038,-0.165223263788908,14.12459286705383,0.0,9.322742418745559,275,True
pituitary,raw,ENSG00000257548.2,ENSG00000257548,0.3419597853390558,15.711510834564349,-0.901600689355603,0.34134032382079504,1348.3887420211329,3.0508992626623885,0.0,0.4076800481226701,0.9194933875982014,-1.0,-0.165223263788908,-0.760868218232782,0.17710324693697244,0.8856643792228674,0.7103724354513119,-1.0,-0.165223263788908,15.561841883274782,0.0,14.309010710519905,313,True
prostate,excluded_at_or_below_-1,ENSG00000257548.2,ENSG00000257548,0.09723312665115556,15.363223341288387,-0.9666422134162433,0.3669969135013047,320.62074262919737,3.5731590252067265,0.0,-0.029866722649988645,1.0,-0.958891619502724,-0.0393859852269647,-0.7506928057946255,0.16263163955504706,1.1511987573326008,1.5499247271922751,-0.958891619502724,-0.0393859852269647,15.330427184782758,0.0,15.330427184782758,216,True
prostate,raw,ENSG00000257548.2,ENSG00000257548,5.538288210771208,17998435.461891823,-1.0653652013857355,0.021793703846772327,1369.71507541443,66.57673851154672,0.0,-4.241608262500386,1.0,-1.0,-0.0393859852269647,-0.8090412980554578,0.17725298837245157,1.050432796343874,1.10813608026125,-1.0,-0.0393859852269647,2230.9327868069868,0.0,2230.9327868069395,282,True
skin_not_sun_exposed_suprapubic,excluded_at_or_below_-1,ENSG00000257548.2,ENSG00000257548,1.0033693312732084,34.6522037358655,-0.8535751317009129,0.18729972185211802,987.3322470709586,5.158795724406637,0.0,0.8477181227697806,0.6981627546268844,-0.9658476857396014,-0.1703395653187918,-0.7907057174949258,0.1250605654133316,1.233389036554934,2.2109430541593635,-0.9658476857396014,-0.1703395653187918,34.65177543856433,0.0,24.192578992900287,504,True
skin_not_sun_exposed_suprapubic,raw,ENSG00000257548.2,ENSG00000257548,-0.1690019036951347,4186961293647.219,-10.187854480472392,1.8472870508046242,11528.492126747524,7.669033054778519,0.0,-7.033876196844902,1.0,-1.0,-0.1703395653187918,-0.8379657167702652,0.14061503232987096,0.9721209758573787,1.2498850611739032,-1.0,-0.1703395653187918,74.87846597887739,0.0,74.87846597887656,651,True
skin_sun_exposed_lower_leg,excluded_at_or_below_-1,ENSG00000257548.2,ENSG00000257548,1.1033937618168073,31.97241182529338,-0.9202252730212147,0.23776496952942064,639.3315869458955,3.553742247558012,0.0,0.25734250973599126,0.9673745090649465,-0.963491039673409,-0.3227515677145115,-0.7990435986803947,0.12489844768029422,1.068921060464952,0.9528572283132979,-0.963491039673409,-0.3227515677145115,31.91441884415027,0.0,30.873195261452942,550,True
skin_sun_exposed_lower_leg,raw,ENSG00000257548.2,ENSG00000257548,14.102564102563587,746.0797803132294,-0.9960157915467213,0.0038310257072278883,7207.589743590313,248.53380508716808,0.0,1.4707605901255414,0.34582454076609065,-1.0,-0.3227515677145115,-0.8534137656156725,0.13911841003217923,0.9797598587923718,0.6440791401107284,-1.0,-0.3227515677145115,731.4931982310095,0.0,252.96829935175958,754,True
small_intestine_terminal_ileum,excluded_at_or_below_-1,ENSG00000257548.2,ENSG00000257548,0.34947100308712525,12.72900586199384,-0.9585845596518805,0.24144362299061697,128.32430063400915,4.53886927010452,0.0,0.0300819354603039,0.9995477175263997,-0.9637203408926698,-0.1836796442896706,-0.8036881958550637,0.13725113191057678,1.6068920763209913,3.3732759184609087,-0.9637203408926698,-0.1836796442896706,12.728576862547602,0.0,12.722819950318799,157,True
small_intestine_terminal_ileum,raw,ENSG00000257548.2,ENSG00000257548,1.046326607337636,4701247072187.263,-6.849025758981997,1.1522509419018758,1097.4925499233564,8.180703118150655,0.0,-7.178793485183664,1.0,-1.0,-0.1836796442896706,-0.851106506035,0.14615103476179273,1.427510684543488,2.7532222813811007,-1.0,-0.1836796442896706,30.29114740412721,0.0,30.29114740412721,207,True
spleen,excluded_at_or_below_-1,ENSG00000257548.2,ENSG00000257548,0.40002628610071866,10.304207093921663,-0.9149142545019054,0.12389857064246279,172.7327401522636,5.2102415567042275,0.0,0.4732826803143471,0.8940462650090728,-0.9563783227027386,-0.4584474953411639,-0.8528509500695837,0.0815858999787886,1.5347905930598318,3.468068852342811,-0.9563783227027386,-0.4584474953411639,10.30418732834749,0.0,9.21242019486289,140,True
spleen,raw,ENSG00000257548.2,ENSG00000257548,3.5897435899202703,193.00377543296634,-0.9932198276249886,1.771702947918601e-05,923.4359050525555,42686.7430562306,,541.208769745132,,-1.0,-0.4584474953411639,-0.9256286390243383,0.09372530595526828,1.3889707812652057,2.2154238731189757,-1.0,-0.4584474953411639,0.0,0.0,0.0,277,True
stomach,excluded_at_or_below_-1,ENSG00000257548.2,ENSG00000257548,1.623748998243557,25.069083377760318,-0.894566191850936,0.12963510722752059,268.98585232631314,7.3835875776709115,0.0,0.7809281007713381,0.7371850503700386,-0.9661506404617948,-0.2177432615510792,-0.8166109950080043,0.1271182601532017,1.7272246795415296,3.757141181562231,-0.9661506404617948,-0.2177432615510792,25.06888240064471,0.0,18.480405335239848,306,True
stomach,raw,ENSG00000257548.2,ENSG00000257548,1.2391532789653183,5001795936023.14,-7.117605705340276,1.2194362989725116,4946.9289269665305,8.001958818789772,0.0,-7.094754326267818,1.0,-1.0,-0.2177432615510792,-0.8621203058291138,0.1357551266558421,1.4956065790779212,3.049150466896492,-1.0,-0.2177432615510792,58.67339764281426,0.0,58.67339764281426,407,True
testis,excluded_at_or_below_-1,ENSG00000257548.2,ENSG00000257548,1.2251618173002985,26.103137491062068,0.8501149866761684,0.4881235778531351,812.9816027613889,2.4549538907179316,0.049107378698912095,4.665604199493074,0.0,-0.760243926076469,1.6974558045586463,0.7476317850893942,0.4051668062046362,-0.7951477634760225,0.6317705760525687,-0.760243926076469,1.6974558045586463,26.102217883162226,1.2818114984699631,0.0,414,True
testis,raw,ENSG00000257548.2,ENSG00000257548,1.2251618173002985,26.103137491062068,0.8501149866761684,0.4881235778531351,812.9816027613889,2.4549538907179316,0.049107378698912095,4.665604199493074,0.0,-0.760243926076469,1.6974558045586463,0.7476317850893942,0.4051668062046362,-0.7951477634760225,0.6317705760525687,-0.760243926076469,1.6974558045586463,26.102217883162226,1.2818114984699631,0.0,414,True
thyroid,excluded_at_or_below_-1,ENSG00000257548.2,ENSG00000257548,0.47321642151314813,36.236429192902264,-0.583160238078122,0.39810974121651344,786.4215473556417,3.799056506855566,0.0,1.3615411803412873,0.3953357714275891,-0.9664423825738452,0.4862973339969585,-0.5206311629861317,0.2514587892774087,0.6151922053135815,0.18479226556852835,-0.9664423825738452,0.4862973339969585,36.20981425493204,0.0,14.315034851723267,662,True
thyroid,raw,ENSG00000257548.2,ENSG00000257548,0.26950087274907514,36.793929414057025,-0.5900666783782338,0.41822215795099005,1014.9749112967401,3.6397129023701824,0.0,1.38618495477729,0.38178348311215726,-1.0,0.4862973339969585,-0.5360494589134783,0.26145474315563594,0.5082288172132196,0.10066206947760437,-1.0,0.4862973339969585,36.74499442740375,0.0,14.028631959431017,684,True
uterus,excluded_at_or_below_-1,ENSG00000257548.2,ENSG00000257548,-0.26908171421341903,5.838027331814316,-0.6959107634638564,0.43007014322536763,165.53373073357454,2.2471329515597245,0.0,0.7626310527980283,0.7256989590996413,-0.9278310722711004,-0.012545240719157,-0.6027061531636855,0.20957535648653677,0.5274395374401694,-0.10334761528589365,-0.9278310722711004,-0.012545240719157,5.370549115882329,0.0,3.8974019031893055,138,True
uterus,raw,ENSG00000257548.2,ENSG00000257548,-1.880854935143251,7.7030149755381885,-0.7757685619139278,0.6415301933271024,308.2660797803186,1.6824785227259587,0.0,0.4943043120186521,0.8481164882469101,-1.0,-0.012545240719157,-0.6416565303045006,0.23159637004337671,0.363333104130647,-0.3167488148850306,-1.0,-0.012545240719157,5.83244192171542,0.0,4.946590160549341,153,True
vagina,excluded_at_or_below_-1,ENSG00000257548.2,ENSG00000257548,0.887062945593096,5.37205593735378,-0.876652735658548,0.1784177419646846,70.62758883646762,3.987516357000314,0.0,0.6146102501540693,0.8278310333932503,-0.954192207728686,-0.3735860960843835,-0.7729038004990404,0.14122329929331467,1.036833773522055,0.4297905456789688,-0.954192207728686,-0.3735860960843835,5.3701616854492356,0.0,4.445586497554279,121,True
vagina,raw,ENSG00000257548.2,ENSG00000257548,3.102564108866858,64.63076904266953,-0.9931036813876404,0.00159620225397091,343.58974358974365,548.884183746093,0.0,6.110044819058864,8.393992454641382e-09,-1.0,-0.3735860960843835,-0.8383609403551993,0.15749435271683848,0.9813042438111608,0.3949449863485839,-1.0,-0.3735860960843835,60.22673299587223,0.0,5.055427423350523e-07,170,True
whole_blood,excluded_at_or_below_-1,ENSG00000257548.2,ENSG00000257548,0.20373881745402425,12.24337738857499,-0.9418604795662253,0.12813485947622855,154.78138770096655,5.003504744093398,0.0,0.14323230556801336,0.9897986258301004,-0.9548380466287392,-0.4885177919192301,-0.8693373471004916,0.07124443638047902,1.7924958329888103,5.332262745744723,-0.9548380466287392,-0.4885177919192301,12.243283340935227,0.0,12.118385026506248,141,True
whole_blood,raw,ENSG00000257548.2,ENSG00000257548,3.6153846494466535,731.3004650773314,-0.9943697331465174,0.0023550524819875235,987.2307718259806,303.7650673638692,0.0,3.3809861159675787,0.0033666900298393804,-1.0,-0.4885177919192301,-0.9770567446340838,0.05797033570927359,3.127323405207744,12.193871794301199,-1.0,-0.4885177919192301,715.5962092549588,0.0,2.4091906230895237,803,True
adipose_subcutaneous,excluded_at_or_below_-1,ENSG00000257550.2,ENSG00000257550,-0.6502936322670889,33.60970336728383,-0.3073027980630025,0.8409533444390385,542.8699148923738,3.1803341556225266,0.0,0.9324227217693419,0.6451979546425027,-0.8617622002109314,1.5838632293059844,-0.14116087026547092,0.4398779040030964,0.5110435060817498,-0.2624452125504031,-0.8617622002109314,1.5838632293059844,33.39581538543621,0.0,21.546911780302064,649,True
adipose_subcutaneous,raw,ENSG00000257550.2,ENSG00000257550,-2.50266759988047,36.409722554675895,-0.40414402440315045,1.0317165775694488,3106.4729783687076,2.7250379429929232,0.0,0.8167626848599256,0.7092804651715644,-1.0,1.5838632293059844,-0.21934650532533703,0.4868002556093559,0.3280090096290448,-0.4018386855925269,-1.0,1.5838632293059844,35.521086321271,0.0,25.19441262935039,714,True
adipose_visceral_omentum,excluded_at_or_below_-1,ENSG00000257550.2,ENSG00000257550,0.22702118342958338,27.27272110499595,-0.6804802904513112,0.586198645797339,792.0527283382971,3.741400190757202,0.0,0.461107245090434,0.8990554727185408,-0.8716115663993239,0.8703489361667058,-0.44983922321846026,0.30604493202480143,1.1132383546115414,1.6774235906661161,-0.8716115663993239,0.8703489361667058,27.247776320244366,0.0,24.49726242012636,450,True
adipose_visceral_omentum,raw,ENSG00000257550.2,ENSG00000257550,0.5120091311610647,7353239074778.962,-24.99194003926995,4.745628394441985,12216.012505359577,7.707050949440247,0.0,-7.149680541973257,1.0,-1.0,0.8703489361667058,-0.5782413125184107,0.3549833400480693,0.8089274034113533,0.6979377087516934,-1.0,0.8703489361667058,57.463547864522425,0.0,57.463547864522425,587,True
adrenal_gland,excluded_at_or_below_-1,ENSG00000257550.2,ENSG00000257550,,,,,,,,,,-0.8943675098437398,0.3226781013238469,,,,,,,,,,200,False
adrenal_gland,raw,ENSG00000257550.2,ENSG00000257550,4.841740903240686,133.5508421992493,-0.9835040649356944,5.98903153484592e-05,1039.5593827896016,30843.39302116625,,389.5250000978167,,-1.0,0.3226781013238469,-0.7073965778297698,0.2921968396200608,0.9064909205276086,0.2202296268925128,-1.0,0.3226781013238469,0.0,0.0,0.0,295,True
artery_aorta,excluded_at_or_below_-1,ENSG00000257550.2,ENSG00000257550,-0.0552031303846492,19.686627690870864,-0.5173191342552768,0.7654996994270595,602.4454829594257,3.230591611825595,0.0,0.6069496750462676,0.8308595299104427,-0.8458549411355492,1.231367891256112,-0.27160888346792644,0.38487028741457013,0.7587890381065441,0.24650266335330562,-0.8458549411355492,1.231367891256112,19.579973376256497,0.0,16.268207475055455,372,True
artery_aorta,raw,ENSG00000257550.2,ENSG00000257550,-3.4642177528851352,5121844277602.532,-49.26725749532158,9.545123399151143,7080.001517454989,7.4819190822873525,0.0,-7.151317726757586,1.0,-1.0,1.231367891256112,-0.4259290352755692,0.4532713021387719,0.5458472962776143,-0.21903345223175563,-1.0,1.231367891256112,36.62121613558423,0.0,36.621216135584625,472,True
artery_coronary,excluded_at_or_below_-1,ENSG00000257550.2,ENSG00000257550,0.3912269338070233,10.48344823593713,-0.6825798613419317,0.7439648347488869,281.64222518042607,3.0536622014042036,0.0,0.30039153878696173,0.9554664361978528,-0.8406046091308004,0.923837553602399,-0.3286856121211117,0.3764511253691784,0.975444309564295,0.679649084908998,-0.8406046091308004,0.923837553602399,10.384427083730435,0.0,9.92197153764838,209,True
artery_coronary,raw,ENSG00000257550.2,ENSG00000257550,1.4553470049606017,6834054131075.996,-26.511336814532665,4.9578466231252944,2670.0085044684406,7.82581605016037,0.0,-7.277046116976733,1.0,-1.0,0.923837553602399,-0.4764749736317625,0.43366030575817277,0.7396630740778478,0.19689265075307327,-1.0,0.923837553602399,21.311624558976373,0.0,21.311624558976373,268,True
artery_tibial,excluded_at_or_below_-1,ENSG00000257550.2,ENSG00000257550,-0.33549338986612787,27.682788179253798,-0.6918655446007249,0.8796162870753276,571.8518204941082,2.7290415011900206,0.0,0.23028973083690402,0.9731862612832248,-0.8351017596815794,1.0055508968899884,-0.2999429557989431,0.37812665760996916,0.7518191550298202,0.006133427558054905,-0.8351017596815794,1.0055508968899884,27.014440809256556,0.0,26.290082651817364,538,True
artery_tibial,raw,ENSG00000257550.2,ENSG00000257550,3.7708598346313056,20707295532575.383,-27.981208826421437,5.226712950556944,16366.196444233843,7.843068696854503,0.0,-7.300418410672416,1.0,-1.0,1.0055508968899884,-0.4549483505352119,0.4425877867510732,0.5811644625826232,-0.30141656498325853,-1.0,1.0055508968899884,54.42855662637905,0.0,54.428556626378665,691,True
bladder,excluded_at_or_below_-1,ENSG00000257550.2,ENSG00000257550,0.23747555868614983,3.0952088332269576,-0.5092971108032344,0.638199132622071,70.12839396298418,3.4207048575240964,0.0,0.7465260084614322,0.7561040764806377,-0.8461855863178055,1.0343812494613125,-0.2644208134812028,0.42916063705329843,1.1090486540892233,1.0488777666043765,-0.8461855863178055,1.0343812494613125,3.0862933715129532,0.0,2.333558999416115,67,True
bladder,raw,ENSG00000257550.2,ENSG00000257550,0.08099172160291905,3.4747276902465623,-0.7253020590292995,0.9235965314135293,177.82095507102633,2.694431946967497,0.0,0.42061824667333086,0.9130339804948847,-1.0,1.0343812494613125,-0.35995057796416347,0.4710552905035476,0.8441927379628481,0.6479260873512831,-1.0,1.0343812494613125,3.382588830943293,0.0,3.0884185446936936,77,True
brain_amygdala,excluded_at_or_below_-1,ENSG00000257550.2,ENSG00000257550,0.478904403361201,9.63029949641596,-0.8084124103416824,0.10336192943528283,79.19661544039208,18.750799623171833,0.0,1.340578429293656,0.4071495663186682,-0.9063925009714152,0.5620445553327169,-0.6857710551117898,0.23863569072352145,2.816064203157454,10.594362834225377,-0.9063925009714152,0.5620445553327169,9.630293850070675,0.0,3.9209699645776133,63,True
brain_amygdala,raw,ENSG00000257550.2,ENSG00000257550,1.6153845972084984,119.61658179955737,-0.9815697038823268,0.006617935631316693,307.2307692517818,329.86120477271663,0.0,3.938444883753019,0.00042860850341113995,-1.0,0.5620445553327169,-0.8906274943206782,0.20529299376484794,3.162038779606474,14.724487660672004,-1.0,0.5620445553327169,119.53199303556346,0.0,0.05123242864472366,181,True
brain_anterior_cingulate_cortex_ba24,excluded_at_or_below_-1,ENSG00000257550.2,ENSG00000257550,1.450075425735626,14.688720602919247,-0.8323070766077517,0.01518617717940235,100.74637136366573,57.67100440424307,0.0,9.380256576720537,0.0,-0.9330346061353966,-0.2130214790864658,-0.7435901218729868,0.14278706927338541,1.4290727053112446,2.022069253880735,-0.9330346061353966,-0.2130214790864658,14.684972738700566,0.0,0.0,80,True
brain_anterior_cingulate_cortex_ba24,raw,ENSG00000257550.2,ENSG00000257550,2.0512820338496214,195.40911802738094,-0.9914004820543296,0.002436013436815847,345.8974358974359,451.8834444946522,0.0,4.992400585661246,4.110664906569091e-06,-1.0,-0.2130214790864658,-0.9119622736044589,0.1477481293629598,1.8986421107337157,3.633983625993576,-1.0,-0.2130214790864658,184.00986362801368,0.0,0.0007564028888782381,233,True
brain_caudate_basal_ganglia,excluded_at_or_below_-1,ENSG00000257550.2,ENSG00000257550,1.2715150085462554,16.99121270755826,-0.836363456495988,0.06835756737908384,231.54698706447596,19.06644817937013,0.0,2.083609519086845,0.11409609567716343,-0.9370770134029636,0.0852342786537621,-0.7361748975446768,0.17464078205089137,2.041435227502338,5.451856578584469,-0.9370770134029636,0.0852342786537621,16.99121146914839,0.0,1.9386308894548712,130,True
brain_caudate_basal_ganglia,raw,ENSG00000257550.2,ENSG00000257550,3.3333333594322685,193.98182386322821,-0.98840968373881,0.005069913542205654,1084.6666666671242,299.484762439362,0.0,3.2330299742424318,0.005483117667491288,-1.0,0.0852342786537621,-0.8856757889360267,0.17409003162207942,2.1221275640774286,6.000162890468978,-1.0,0.0852342786537621,190.11030920233623,0.0,1.0423971951595608,300,True
brain_cerebellar_hemisphere,excluded_at_or_below_-1,ENSG00000257550.2,ENSG00000257550,0.43592977184670895,11.662654773739852,0.411867280765096,0.907328999769567,277.0661896170268,2.389799705544765,0.0,1.989502053458748,0.08560025883610703,-0.8645544395691054,1.9451113636764517,0.4174981727733615,0.6025872934782042,0.04046735292227381,-0.4771505602670518,-0.8645544395691054,1.9451113636764517,10.99177972223911,0.0,0.9408991892931406,276,True
brain_cerebellar_hemisphere,raw,ENSG00000257550.2,ENSG00000257550,-0.09360785793133039,12.847680712336052,0.4168151320023603,0.9318348309953147,237.38343181682035,2.319442444374631,0.0,2.1502514269755166,0.03346850601977264,-1.0,1.9451113636764517,0.412380850849992,0.6074945428192341,0.018556239150021702,-0.45857586569613584,-1.0,1.9451113636764517,11.975477132009626,0.0,0.40080132848231376,277,True
brain_cerebellum,excluded_at_or_below_-1,ENSG00000257550.2,ENSG00000257550,2.064470762651494,11.138660938502246,0.4428589745354233,0.5898061378069668,214.05296333133913,3.163585423111025,0.0,3.084736613983824,0.0018870107347639436,-0.8436486908220879,1.7622510024951112,0.38795343516698355,0.5404829371309274,-0.053579417911827916,-0.2969899185352931,-0.8436486908220879,1.7622510024951112,11.063871707431973,0.0,0.020877644679975216,261,True
brain_cerebellum,raw,ENSG00000257550.2,ENSG00000257550,2.0534780609289727,11.7987452734789,0.43577444957454303,0.6079927787077132,312.10559831688073,3.0854332436274077,0.004799126829669616,3.3396641707042773,0.0,-1.0,1.7622510024951112,0.3618640848818899,0.5676920805677558,-0.18340298732186197,-0.19096896831759347,-1.0,1.7622510024951112,11.754002138782408,0.0564089470202247,0.0,266,True
brain_cortex,excluded_at_or_below_-1,ENSG00000257550.2,ENSG00000257550,1.9062807937285837,14.143948903360856,-0.8311501312721279,0.048003228876919525,158.6673539344047,24.550267283967834,0.0,2.794036311327868,0.020175720383527745,-0.9259892475920374,0.0021696238038384,-0.7005768405025617,0.1690613034538962,1.427240133806198,2.4924482734175406,-0.9259892475920374,0.0021696238038384,14.14332522853773,0.0,0.2853517751042709,128,True
brain_cortex,raw,ENSG00000257550.2,ENSG00000257550,3.282057156925271,159.10966210178518,-0.9880227358598117,0.0014847373527384724,757.897435898782,943.1590454781357,0.0,11.408354047225075,0.0,-1.0,0.0021696238038384,-0.8580512429049181,0.18955307274453528,1.4660649740712846,2.1775220247139204,-1.0,0.0021696238038384,154.0925096929062,0.0,0.0,270,True
brain_frontal_cortex_ba9,excluded_at_or_below_-1,ENSG00000257550.2,ENSG00000257550,0.325715230128831,10.333530276837008,-0.8526717507212727,0.27284201407169667,177.7317281266893,5.704355731645863,0.0,0.24554154683202709,0.9703082728473913,-0.9000436978998246,0.2478606923363486,-0.6854554590792618,0.19299900339337267,1.9949732127129511,5.20894350872768,-0.9000436978998246,0.2478606923363486,10.333489322601665,0.0,10.02667017710058,117,True
brain_frontal_cortex_ba9,raw,ENSG00000257550.2,ENSG00000257550,3.0000000000202225,174.8772290364666,-0.9869212038019463,0.006295943150054814,730.0000000004189,277.36039898586756,0.0,2.937798280888246,0.013475776120222027,-1.0,0.2478606923363486,-0.8631906643578947,0.20131840717779398,1.937178573080756,4.926802656493494,-1.0,0.2478606923363486,173.4026551586786,0.0,2.3367353595704237,269,True
brain_hippocampus,excluded_at_or_below_-1,ENSG00000257550.2,ENSG00000257550,0.6576197722932954,9.326536231458142,-0.8195415861146339,0.1284809767691525,107.80999784504375,10.580571503048187,0.0,0.9776226895177812,0.6201138615565274,-0.9083583825326796,0.1417009006328211,-0.7126517500217429,0.18404542867189275,2.1140622231566493,5.66843593832481,-0.9083583825326796,0.1417009006328211,9.326341389116408,0.0,5.783393572999443,94,True
brain_hippocampus,raw,ENSG00000257550.2,ENSG00000257550,2.4102564016386876,170.92001859203734,-0.9872480091309958,0.005552216868112614,593.4358974360505,287.5562855953497,0.0,3.2480788957968247,0.005176051293395524,-1.0,0.1417009006328211,-0.8940755470668387,0.1780311520317927,2.309546710098636,7.009617958360407,-1.0,0.1417009006328211,169.00026363158238,0.0,0.8747540331544363,255,True
brain_hypothalamus,excluded_at_or_below_-1,ENSG00000257550.2,ENSG00000257550,0.5548115227852705,8.318140756061636,-0.8065409080126111,0.15844704360395034,167.71800292321686,7.686999233670648,0.0,1.1690777510787156,0.5049121577918325,-0.9375231856049318,0.0547026376348604,-0.719514635437885,0.17687112052539977,2.006770615697008,5.180687064454178,-0.9375231856049318,0.0547026376348604,8.318135896353187,0.0,4.199927944233386,105,True
brain_hypothalamus,raw,ENSG00000257550.2,ENSG00000257550,2.6923653968245893,174.50720837504412,-0.9868318963163353,3.970301926270832e-05,596.3076924375732,37099.25066019387,,469.0452052765016,,-1.0,0.0547026376348604,-0.885404812143883,0.17830690715043207,2.0843519193449893,5.652341553049283,-1.0,0.0547026376348604,0.0,0.0,0.0,257,True
brain_nucleus_accumbens_basal_ganglia,excluded_at_or_below_-1,ENSG00000257550.2,ENSG00000257550,0.48133530375275585,9.27894877049293,-0.9228499187159305,0.27653681091896115,141.66193578244872,5.2001840007353675,0.0,-0.0313072093692588,1.0,-0.916728073990287,0.0939995430740432,-0.7102906094681417,0.18444671238429863,1.5973832125708114,3.0487481031688706,-0.916728073990287,0.0939995430740432,9.27439008660324,0.0,9.27439008660324,107,True
brain_nucleus_accumbens_basal_ganglia,raw,ENSG00000257550.2,ENSG00000257550,2.7435897435897436,230.51150263474685,-0.9881497541872727,0.003485680545005438,567.4358974358973,439.05062237913126,0.0,4.807892785765262,1.0207053388411385e-05,-1.0,0.0939995430740432,-0.89123191302839,0.18013262670932598,2.0638408739318885,4.882027121500832,-1.0,0.0939995430740432,215.9001025358608,0.0,0.002203703873147056,285,True
brain_putamen_basal_ganglia,excluded_at_or_below_-1,ENSG00000257550.2,ENSG00000257550,0.10737205933396532,2033200561260.312,-8.859108814568957,1.5682762003409039,38.37436469382447,8.136021951939101,0.0,-7.178894178364367,1.0,-0.8981549782879603,0.1632410851635433,-0.7343485400525736,0.17170404027722638,2.3453498635702354,8.374048062009692,-0.8981549782879603,0.1632410851635433,13.08825352468898,0.0,13.088253524689074,79,True
brain_putamen_basal_ganglia,raw,ENSG00000257550.2,ENSG00000257550,2.0256410211431093,177.57888373628768,-0.9862397016027971,0.004813620718812859,404.9743589744215,337.71071991171846,0.0,4.042695042334888,0.000282877890370421,-1.0,0.1632410851635433,-0.9173761207250131,0.15579351412764442,2.6901271939735363,10.431882823985122,-1.0,0.1632410851635433,177.36656135358936,0.0,0.050173078697959284,254,True
brain_spinal_cord_cervical_c-1,excluded_at_or_below_-1,ENSG00000257550.2,ENSG00000257550,0.27773757938181093,6.089907000831435,-1.1319752567622319,0.7425375330533458,98.90114727866086,2.492059247224875,0.0,-0.47932287734033585,1.0,-0.8803051863104345,0.1764887368597973,-0.5365449230195766,0.2610196649351688,0.7763639969862072,-0.1950077151582379,-0.8803051863104345,0.1764887368597973,5.156086247922792,0.0,5.156086247922792,105,True
brain_spinal_cord_cervical_c-1,raw,ENSG00000257550.2,ENSG00000257550,,,,,,,,,,,,,,,,,,,,,204,False
brain_substantia_nigra,excluded_at_or_below_-1,ENSG00000257550.2,ENSG00000257550,0.8381472930342493,3.981122532381236,-0.7990715550409515,0.08299369302141608,56.58698367182717,10.834845140935837,0.0,1.8474651375309123,0.18149107307654513,-0.9074907914077132,-0.163224300081464,-0.6645845976329368,0.20181863471615105,1.0797373831555817,0.1508667565416566,-0.9074907914077132,-0.163224300081464,3.981063187989701,0.0,0.7225274299737825,64,True
brain_substantia_nigra,raw,ENSG00000257550.2,ENSG00000257550,1.6410256513413817,125.3119573476954,-0.9905793560745376,0.004057779961970839,136.97435897443776,288.3489868965361,0.0,3.2832737434106543,0.004597889556285784,-1.0,-0.163224300081464,-0.8826962527240871,0.19956202746238783,1.875790884629166,2.9495724512700825,-1.0,-0.163224300081464,124.34014598135538,0.0,0.5717022586347236,183,True
breast_mammary_tissue,excluded_at_or_below_-1,ENSG00000257550.2,ENSG00000257550,1.1263810863664014,23.13855262022439,-0.3187302317661789,0.6904657298313083,487.5950323906021,3.7699318386073672,0.0,1.1795352561107004,0.49833898893809736,-0.8946182681569463,1.52187489861483,-0.15594439352804568,0.4531381139423165,0.7052550339925343,0.11628735007807034,-0.8946182681569463,1.52187489861483,23.119529801859315,0.0,11.52136310618278,458,True
breast_mammary_tissue,raw,ENSG00000257550.2,ENSG00000257550,-1.3335411326699629,25.637150748121613,-0.5420603204428045,1.0944669025468288,2310.468552948266,2.6669104126023617,0.0,0.5917259846520259,0.8346796722011306,-1.0,1.52187489861483,-0.24790375921370608,0.5022117270050797,0.49873290227750156,-0.12483803570605856,-1.0,1.52187489861483,24.905268614850264,0.0,20.787921443524326,514,True
cells_cultured_fibroblasts,excluded_at_or_below_-1,ENSG00000257550.2,ENSG00000257550,-0.2465234491692911,27.93614534812034,-0.8129704390420466,0.7374904639956127,512.0404205257662,2.712139867730082,0.0,0.0687162477971723,0.9975811038235041,-0.8488048977265861,0.6013684859198221,-0.4322291915045502,0.30283328334469056,0.818993825842418,0.1434747244798933,-0.8488048977265861,0.6013684859198221,27.229985153018752,0.0,27.164118646046074,518,True
cells_cultured_fibroblasts,raw,ENSG00000257550.2,ENSG00000257550,-5.074936179847529,3451371626345.723,-39.70169961839586,7.74974737228696,13133.318225227353,7.354710131867153,0.0,-7.062484215027186,1.0,-1.0,0.6013684859198221,-0.5489182840480936,0.3543278893266551,0.58296762656994,-0.20436806985116807,-1.0,0.6013684859198221,44.733900154195624,0.0,44.733900154195624,652,True
cells_ebv-transformed_lymphocytes,excluded_at_or_below_-1,ENSG00000257550.2,ENSG00000257550,0.4225870725110374,10.309451023600317,-0.6591189770680599,0.4171677242014382,436.85919260062343,2.940767722183837,0.0,0.8941874253778648,0.6660416822656647,-0.922888285452062,0.2083549396789132,-0.5469626356813041,0.2373227791577715,0.6339066794892463,-0.276094797299951,-0.922888285452062,0.2083549396789132,10.172868355423581,0.0,6.775554352913467,236,True
cells_ebv-transformed_lymphocytes,raw,ENSG00000257550.2,ENSG00000257550,6.0512820508692196,107.85502221594425,-0.988481022336276,0.007338057150978712,1187.897436707706,230.65800859727335,0.0,2.21997377528445,0.08562381413057851,-1.0,0.2083549396789132,-0.6730372538862012,0.2862663763397437,0.5611797930482688,-0.5323230738814968,-1.0,0.2083549396789132,107.17231814343043,0.0,9.176502648656314,327,True
cervix_ectocervix,excluded_at_or_below_-1,ENSG00000257550.2,ENSG00000257550,0.10351198308931127,0.9496976778086901,-0.9998376877656601,0.8385266874531637,18.798529349428684,2.678492514142153,0.0,-0.33226401532657196,1.0,-0.8028290806185489,0.5883152723027458,-0.34024357999599136,0.36919547840397327,0.8913176699400052,0.25631713284494495,-0.8028290806185489,0.5883152723027458,0.8724106860847487,0.0,0.8724106860847488,19,True
cervix_ectocervix,raw,ENSG00000257550.2,ENSG00000257550,0.4871794871794872,252.61789099851913,-0.9804867770847986,0.00016983003983638123,17.743589743589745,13063.77327038285,0.0,162.49106765144194,0.0,-1.0,0.5883152723027458,-0.4776928341634932,0.4261288309126492,0.6511321456583096,-0.08204657704526053,-1.0,0.5883152723027458,5.719535955961419e-12,0.0,0.0,24,True
cervix_endocervix,excluded_at_or_below_-1,ENSG00000257550.2,ENSG00000257550,0.36842115012915083,9.430372585326294,-0.6709728097055881,0.00983488396815628,12.842107076028519,141.59647832489262,0.0,15.328755957788626,0.0,-0.7775737787756768,0.3137334409458856,-0.3328870158043232,0.3541624484833518,0.27017314108050017,-1.3156649535806468,-0.7775737787756768,0.3137334409458856,9.35345052270691,0.0,0.0,18,True
cervix_endocervix,raw,ENSG00000257550.2,ENSG00000257550,0.46153846153844086,5.351715954024114,-0.9862304666498929,0.006532486878102626,19.692307692308436,281.42828650448814,0.0,2.9809567435252684,0.011863080239503932,-1.0,0.3137334409458856,-0.47791157758599206,0.4196203644648987,0.2952350317196778,-1.1775854444592868,-1.0,0.3137334409458856,5.305212870482614,0.0,0.06293616597018403,23,True
colon_sigmoid,excluded_at_or_below_-1,ENSG00000257550.2,ENSG00000257550,0.5164735217518258,12.671604869282884,-0.5518806448265455,0.6146374131213226,358.66130557120135,2.6073318933681198,0.0,0.7278643573124615,0.7592466988943639,-0.8682208904476099,0.5813030360026417,-0.3678441643733892,0.324373311164502,0.5840722193439524,-0.4066706963221618,-0.8682208904476099,0.5813030360026417,12.248311942665712,0.0,9.299490409497356,311,True
colon_sigmoid,raw,ENSG00000257550.2,ENSG00000257550,7.974358974358973,126.95399273494003,-0.9840826978690687,0.007883061611854727,1426.974358974603,280.8286734506281,0.0,2.855548473210135,0.016958587150050268,-1.0,0.5813030360026417,-0.530786480000296,0.39328127968554105,0.48443659221019125,-0.6400175894299434,-1.0,0.5813030360026417,126.9416045967289,0.0,2.152750264520849,419,True
colon_transverse,excluded_at_or_below_-1,ENSG00000257550.2,ENSG00000257550,1.5963737110655412,23.030182046777874,-0.6587598939086415,0.4024264982540544,812.6869802235747,4.939133740636214,0.0,0.9507079948416518,0.6364044398049483,-0.929291940415296,0.7467126234934407,-0.4974970804073574,0.3050071792515253,1.1663827937001923,1.40598663656574,-0.929291940415296,0.7467126234934407,23.029957186182532,0.0,14.65636700180444,389,True
colon_transverse,raw,ENSG00000257550.2,ENSG00000257550,-2.9792522390408207,4282299031815.844,-32.59658983213833,6.284419658067914,4995.818734387937,7.503405741932869,0.0,-7.110334493334527,1.0,-1.0,0.7467126234934407,-0.5919130778255991,0.33782233171471016,0.9375382114976271,0.8724396743361864,-1.0,0.7467126234934407,42.47180213483875,0.0,42.47180213483875,479,True
esophagus_gastroesophageal_junction,excluded_at_or_below_-1,ENSG00000257550.2,ENSG00000257550,1.038108234626247,14.649762089722698,-0.4465204633188136,0.5279462721571804,304.20929465468424,3.1964949763780472,0.0,1.1931699870998564,0.4876507473078253,-0.8919479881985484,0.7467771061912225,-0.3260163322647337,0.34060497301360554,0.5873154142313232,-0.24931758034692608,-0.8919479881985484,0.7467771061912225,14.561214574328378,0.0,7.1007871688808315,337,True
esophagus_gastroesophageal_junction,raw,ENSG00000257550.2,ENSG00000257550,-1896.6086710382128,1940.6941029390257,-5.651433699544588,41.71683251768662,3409.112074801996,0.2169013309569326,0.0,-0.15768504522931606,1.0,-1.0,0.7467771061912225,-0.43639579149681207,0.399161774997954,0.3654274508099059,-0.505006855882947,-1.0,0.7467771061912225,21.14048010212855,0.0,21.14048010212855,403,True
esophagus_mucosa,excluded_at_or_below_-1,ENSG00000257550.2,ENSG00000257550,0.8135782836107891,25.150033474609863,-0.6546711334073172,0.5724843407245153,1039.5175760093773,3.4756941829579713,0.0,0.595166232895047,0.8373025526679307,-0.8955989236122631,0.7523161461884267,-0.4408163036398401,0.31339917723397376,0.8651738624717751,0.36264920310283477,-0.8955989236122631,0.7523161461884267,25.090045633366056,0.0,21.007959255372267,481,True
esophagus_mucosa,raw,ENSG00000257550.2,ENSG00000257550,0.11921811306152287,10453677429123.762,-28.081107009661437,5.311732625718305,11491.66634291608,7.676707573572778,0.0,-7.210165028207007,1.0,-1.0,0.7523161461884267,-0.5619424137634578,0.3606322865897312,0.6814366855089209,-0.0172185344736846,-1.0,0.7523161461884267,52.10232468647047,0.0,52.10232468646992,614,True
esophagus_muscularis,excluded_at_or_below_-1,ENSG00000257550.2,ENSG00000257550,1.4283860013131278,24.511949049248273,-0.4888036014706373,0.48382728394243296,1270.582160518119,4.182956536469231,0.0,1.284119438664057,0.4383749150020284,-0.928123402098178,0.9422592547595818,-0.36387957859917097,0.3489848977561965,0.8780678478092651,0.5730587321577065,-0.928123402098178,0.9422592547595818,24.507963983823814,0.0,10.74367662828154,462,True
esophagus_muscularis,raw,ENSG00000257550.2,ENSG00000257550,,,,,,,,,,,,,,,,,,,,,561,False
fallopian_tube,excluded_at_or_below_-1,ENSG00000257550.2,ENSG00000257550,0.1845946175391971,1.1869728781802107,-0.6059650956677971,0.47454116951834574,24.608606431401327,3.8927665691192197,0.0,0.4778901143338501,0.8920394284611687,-0.7663217347150847,0.7002577051317949,-0.32185992947969705,0.3526473043003337,1.07814320993469,0.8221173285294614,-0.7663217347150847,0.7002577051317949,1.1863571808230269,0.0,1.0582773815321764,26,True
fallopian_tube,raw,ENSG00000257550.2,ENSG00000257550,0.32930334185983184,1.2246990812233032,-0.5107423881990859,0.3142483758285487,26.352948696218945,5.44986987286134,0.0,2.20180851620575,0.08856902007011232,-1.0,0.7002577051317949,-0.3920123505680042,0.3939681546748401,0.6824684689968455,0.45253496278566585,-1.0,0.7002577051317949,1.2246853174729773,0.0,0.10846917846283599,29,True
heart_atrial_appendage,excluded_at_or_below_-1,ENSG00000257550.2,ENSG00000257550,0.9542709829887513,23.383350087750134,-0.7691072683053263,0.23188436257564918,745.7208159131118,7.286358171857982,0.0,1.0168090109449281,0.5963436055834698,-0.9358303967191784,0.4256150601554269,-0.6702867496012533,0.20853155073977142,1.8644478386821264,5.055924437061236,-0.9358303967191784,0.4256150601554269,23.38306893343004,0.0,13.944343637368485,277,True
heart_atrial_appendage,raw,ENSG00000257550.2,ENSG00000257550,7.102564102560552,359.16055435126754,-0.9888721490356058,0.007952433405520246,3691.589743591908,251.54401087504147,0.0,1.9789109762288328,0.14247087155859775,-1.0,0.4256150601554269,-0.8018859645109483,0.22851602488369052,1.5678352657618937,3.5951979739350577,-1.0,0.4256150601554269,355.7907935270454,0.0,50.689824446323264,461,True
heart_left_ventricle,excluded_at_or_below_-1,ENSG00000257550.2,ENSG00000257550,1.8644829747922096,15.743982633336191,-0.8275072195905158,0.16869101020278732,507.18816022223336,6.5088109011921045,0.0,1.0572901619410837,0.5718238563363311,-0.953623493851119,-0.0511196107073363,-0.7245237159211863,0.1669363440810297,1.1839109121555513,1.267547024582747,-0.953623493851119,-0.0511196107073363,15.743872963038115,0.0,9.002722151393755,253,True
heart_left_ventricle,raw,ENSG00000257550.2,ENSG00000257550,6.487179487179487,221.0380768916119,-0.9900570279618919,0.005159952642031837,2021.7435897895125,257.33918929497906,0.0,2.7251191788170965,0.024577567901038867,-1.0,-0.0511196107073363,-0.8458064162125224,0.18523987955190674,1.2789167220979207,1.3237145783634512,-1.0,-0.0511196107073363,219.4487756450732,0.0,5.39351718421665,452,True
kidney_cortex,excluded_at_or_below_-1,ENSG00000257550.2,ENSG00000257550,0.47645510151772896,3685528234536.4897,-8.023171636775027,1.3621371156987134,25.441150400433436,8.424313181874693,0.0,-7.391405202220275,1.0,-0.9039446466037636,0.0909279339050306,-0.6259462932280404,0.277459917443779,1.1316158181603055,0.170427960687066,-0.9039446466037636,0.0909279339050306,5.046606048568846,0.0,5.046606048568846,45,True
kidney_cortex,raw,ENSG00000257550.2,ENSG00000257550,1.1538461496942065,69.50235304188169,-0.9863818207915954,4.299160392475828e-05,93.07692307692308,35438.22344091264,,447.971510089719,,-1.0,0.0909279339050306,-0.838149838415979,0.2599326793859551,1.8819524890026846,2.900983984351015,-1.0,0.0909279339050306,0.0,0.0,0.0,104,True
kidney_medulla,excluded_at_or_below_-1,ENSG00000257550.2,ENSG00000257550,,,,,,,,,,-0.8100565521370671,-0.5367175947426273,,,,,,,,,,3,False
kidney_medulla,raw,ENSG00000257550.2,ENSG00000257550,0.07692307692307694,8.306881886803408,-0.9946132067919006,0.0018585910292667758,2.769230769230769,348.4156409420949,0.0,4.098844712276033,0.00022485609325096335,-1.0,-0.5367175947426273,-0.9087751807828156,0.16788106749396817,1.4135366360409678,0.3667739824794305,-1.0,-0.5367175947426273,8.305104057593898,0.0,0.0018674532524332876,11,True
liver,excluded_at_or_below_-1,ENSG00000257550.2,ENSG00000257550,0.5953612757302474,8.10324504068004,-0.8061608644698194,0.2152092093573819,278.0623624986613,5.290655392643912,0.0,0.6747161080630952,0.7964284121808783,-0.9088363895958051,-0.0010506644780571,-0.6929377860871828,0.16974625175712268,1.3582612506706904,1.9750139629798449,-0.9088363895958051,-0.0010506644780571,8.103213192193689,0.0,6.453629216221966,126,True
liver,raw,ENSG00000257550.2,ENSG00000257550,3.230769244104747,138.8992131003523,-0.9863937657321227,0.005268794682229674,722.9230780473863,264.47900543252206,0.0,3.6520916442913687,0.0012730200479103874,-1.0,-0.0010506644780571,-0.8523288589579581,0.19346149822502118,1.3898827668568476,1.7624668918227187,-1.0,-0.0010506644780571,138.54914584681217,0.0,0.17637584028385245,262,True
lung,excluded_at_or_below_-1,ENSG00000257550.2,ENSG00000257550,-2.19175975444651,26.19753698755855,0.029774080555062633,1.2009663120418756,675.2740171874661,2.32468624918912,0.0,1.0210922238828508,0.56453504536583,-0.8373491001288071,2.003924198772195,0.18558261148553518,0.598273328963756,0.33462107900408705,-0.514031918810089,-0.8373491001288071,2.003924198772195,24.440566668066833,0.0,13.7975564127237,569,True
lung,raw,ENSG00000257550.2,ENSG00000257550,-3.452276753043034,28.330195676915174,-0.012613632437865906,1.3229030960720345,1344.2230478424588,2.1557249041167936,0.0,1.0555385322286983,0.5265139422430296,-1.0,2.003924198772195,0.11688163234316148,0.6434389299780618,0.2117617915011167,-0.5579308307804411,-1.0,2.003924198772195,25.556016125934626,0.0,13.455598798492275,604,True
minor_salivary_gland,excluded_at_or_below_-1,ENSG00000257550.2,ENSG00000257550,0.8203105124333456,6.505747888005853,-0.1340351577906671,0.6144566086982874,179.55234494517634,2.7910004235134176,0.0,1.590224231516482,0.2675042785783883,-0.8249660146039854,1.078616665622623,-0.06523920570272766,0.43036971064169993,0.2957039919334448,-0.38747697493918576,-0.8249660146039854,1.078616665622623,6.373348085134767,0.0,1.7048978816429283,173,True
minor_salivary_gland,raw,ENSG00000257550.2,ENSG00000257550,1.3869478301262008,6.7833356021604905,-0.12807966648925465,0.5498664131645827,240.10459144002022,3.1035289257205436,0.0,2.2425111471405508,0.07340435760788093,-1.0,1.078616665622623,-0.10655459992581152,0.46271405234515744,0.1292142687374245,-0.3897842064466661,-1.0,1.078616665622623,6.728374845105544,0.0,0.49389203324999786,181,True
muscle_skeletal,excluded_at_or_below_-1,ENSG00000257550.2,ENSG00000257550,3.0224272884816266,47.47744981670737,-0.7918854415593414,0.13593341582847093,2055.5556026696504,13.387752203838998,0.0,1.572186661503212,0.29057757645620536,-0.943003143230562,0.4949378047679111,-0.6811263559207946,0.2026808276431339,1.8761913118581395,4.642944559150288,-0.943003143230562,0.4949378047679111,47.477413944480986,0.0,13.795871880395335,421,True
muscle_skeletal,raw,ENSG00000257550.2,ENSG00000257550,10.794871794689364,652.9211137368289,-0.9877251752758953,0.008848520970898768,11004.358974625677,236.96639265505218,0.0,1.9618220556489787,0.14604470961125768,-1.0,0.4949378047679111,-0.8358853249910202,0.21574822061560275,1.7523929127830873,4.052985535661518,-1.0,0.4949378047679111,652.5748863643788,0.0,95.30510977868525,818,True
nerve_tibial,excluded_at_or_below_-1,ENSG00000257550.2,ENSG00000257550,-0.9971322042429837,29.319513656760527,-0.17632575468228087,0.8504466933039371,511.5347795965789,2.74886737527309,0.0,1.0373426122766969,0.574154726786149,-0.8001386058004794,1.476723849586277,-0.042884545347039955,0.45190908817359704,0.4332349982794083,-0.2520122699553884,-0.8001386058004794,1.476723849586277,28.6491073862159,0.0,16.44902042399983,618,True
nerve_tibial,raw,ENSG00000257550.2,ENSG00000257550,-1.2418400896376764,31.378820859934226,-0.187607235187025,0.8935872839155333,2584.586162110858,2.634011959136177,0.0,1.2857130877445266,0.41948568619418036,-1.0,1.476723849586277,-0.11716813287234433,0.5040099452035419,0.20100038780706767,-0.3622515812417375,-1.0,1.476723849586277,30.401283613110575,0.0,12.75290331762958,670,True
ovary,excluded_at_or_below_-1,ENSG00000257550.2,ENSG00000257550,-0.6294225524333479,6.330275214978469,-0.7205305618409692,1.213902568046892,134.30000460953715,1.7022974124549228,0.0,0.0699633888468347,0.99680608286801,-0.7805842479673579,0.740651296075233,-0.2082816891736416,0.38839037365181067,0.4828557238279704,-0.6327875716338371,-0.7805842479673579,0.740651296075233,4.843755241753271,0.0,4.828284688903469,148,True
ovary,raw,ENSG00000257550.2,ENSG00000257550,3.7948764584839365,47.06869029243628,-0.9782634503830571,5.9194928548138894e-05,312.35897435982326,41066.229939403354,,519.3033258326777,,-1.0,0.740651296075233,-0.39287922278600496,0.47764946250453916,0.3490986428603816,-0.8129189638264562,-1.0,0.740651296075233,0.0,0.0,0.0,193,True
pancreas,excluded_at_or_below_-1,ENSG00000257550.2,ENSG00000257550,-0.4047580652536717,33.80407154741335,-1.4611034430473444,0.8534898224130641,458.0127163523336,2.9954738373846426,0.0,-0.9182562981869897,1.0,-0.9069280159964396,0.3466903029144264,-0.6057563195671196,0.24451313557190232,1.1686536246940693,1.4653757514263104,-0.9069280159964396,0.3466903029144264,21.794748988366,0.0,21.794748988366,274,True
pancreas,raw,ENSG00000257550.2,ENSG00000257550,7.0256410256410255,431421.01646523224,-1.0074260803130202,0.008281786836951556,2512.9743589743593,231.23147116604062,0.0,-1.2680915001442776,1.0,-1.0,0.3466903029144264,-0.7015945623242839,0.27182808931853913,1.0014116285509267,0.9411780619081176,-1.0,0.3466903029144264,193070.6961806003,0.0,193070.69618059817,362,True
pituitary,excluded_at_or_below_-1,ENSG00000257550.2,ENSG00000257550,0.7714217330006414,13.039229130448255,-0.7186728341283841,0.37340043486014063,185.56568310240561,4.761644053345301,0.0,0.5824289925342718,0.8439932414554772,-0.872453878854411,0.5385629946560591,-0.5346370087489236,0.26666571618097157,1.426288579430248,2.4345113476128555,-0.872453878854411,0.5385629946560591,13.039032156692738,0.0,11.004855015369305,207,True
pituitary,raw,ENSG00000257550.2,ENSG00000257550,5.307692290562317,172.42628930060883,-0.9877120316562071,0.009468105459062705,1348.307692495389,227.9736797878715,0.0,1.835405357591285,0.18620205004918725,-1.0,0.5385629946560591,-0.6922359770320357,0.30920864156172034,1.1080673855130452,1.3613654564250206,-1.0,0.5385629946560591,171.83527727578772,0.0,31.99608089952215,313,True
prostate,excluded_at_or_below_-1,ENSG00000257550.2,ENSG00000257550,1.8554662174091865,9.514967306606396,-0.4699457680960718,0.5478457856216158,259.31065084913934,4.083473969716735,0.0,1.067939164365991,0.5652823508898849,-0.8836498832768221,1.1119327151302765,-0.21929598523603158,0.4488884269615449,0.7719401029510545,-0.16366437124340694,-0.8836498832768221,1.1119327151302765,9.512678204155725,0.0,5.377349098504116,233,True
prostate,raw,ENSG00000257550.2,ENSG00000257550,-2.262024113009575,3985944583153.1387,-61.79625259273273,11.921906770474815,1840.394915465588,7.462364079795309,0.0,-7.211840069999035,1.0,-1.0,1.1119327151302765,-0.3549502289361538,0.5041614882826626,0.6292604006148024,-0.28593487102976756,-1.0,1.1119327151302765,17.033380610382356,0.0,17.033380610382476,282,True
skin_not_sun_exposed_suprapubic,excluded_at_or_below_-1,ENSG00000257550.2,ENSG00000257550,0.28046265231182155,26.021267317997168,-0.3752934733951041,0.7019628022975053,961.4463182613333,2.959834022889623,0.0,1.0216653571811871,0.5882372454560427,-0.8824100053096701,1.093857608395303,-0.23274733182664353,0.4003674796725577,0.5730823121740033,-0.14975102476994273,-0.8824100053096701,1.093857608395303,25.695392294471098,0.0,15.114986784212103,565,True
skin_not_sun_exposed_suprapubic,raw,ENSG00000257550.2,ENSG00000257550,14.487179513991434,93.54306254573048,-0.978424924191043,0.008873070625788257,4931.74358974359,330.285893829694,0.0,3.438692883788954,0.0027184095228687906,-1.0,1.093857608395303,-0.3341048271613727,0.4546243249216409,0.3835841197666556,-0.39665639105481887,-1.0,1.093857608395303,93.11411851225871,0.0,0.2531223064772572,651,True
skin_sun_exposed_lower_leg,excluded_at_or_below_-1,ENSG00000257550.2,ENSG00000257550,0.9148987624864079,32.101326915985084,-0.40410830921224616,0.6192684170985427,1268.3306462314108,3.1866048761543686,0.0,1.0895338369499357,0.5495598603366,-0.8812030794328747,0.9912705855165292,-0.27099218462687913,0.37298271626202395,0.6555086390753694,0.026971505954253683,-0.8812030794328747,0.9912705855165292,31.90098762440433,0.0,17.53150230346725,685,True
skin_sun_exposed_lower_leg,raw,ENSG00000257550.2,ENSG00000257550,-0.7270912740969933,34.54169690652368,-0.47148401197282297,0.7649179179916791,4315.362192783949,2.704404409331071,0.0,0.9771433778953271,0.6103332562511473,-1.0,0.9912705855165292,-0.33770510141831855,0.4130505015576052,0.42336336173245637,-0.16548672167563572,-1.0,0.9912705855165292,33.650093830640124,0.0,20.53777134081123,754,True
small_intestine_terminal_ileum,excluded_at_or_below_-1,ENSG00000257550.2,ENSG00000257550,0.11469941700877102,7.982940323210914,-0.5616719776128934,0.6631147987862342,195.63931079935634,2.9767569880872395,0.0,0.6868924862757098,0.787320022084601,-0.8837510362100753,0.8341084502587406,-0.35928621239528585,0.35000545129864663,0.7106363177100579,0.11446893056066498,-0.8837510362100753,0.8341084502587406,7.887865162114669,0.0,6.210274173636476,169,True
small_intestine_terminal_ileum,raw,ENSG00000257550.2,ENSG00000257550,-3.7751599706380206,4516335758434.995,-65.02266733949031,12.488304331090314,1120.6865484845264,7.457821576638008,0.0,-7.250121557768228,1.0,-1.0,0.8341084502587406,-0.476905168573929,0.4021573845725987,0.5388063095995421,-0.24132190065830716,-1.0,0.8341084502587406,13.624189231826383,0.0,13.624189231826382,207,True
spleen,excluded_at_or_below_-1,ENSG00000257550.2,ENSG00000257550,-0.39581353282215204,9.859067404550144,-0.8607697261321418,0.8976314070886277,172.41033740517983,2.4345574116815234,0.0,-0.014466127912824013,1.0,-0.8515877672689255,0.684495609478607,-0.39073389510079437,0.3317988333935785,0.7552392980612588,-0.01385242657264163,-0.8515877672689255,0.684495609478607,9.348952404533415,0.0,9.348952404533415,183,True
spleen,raw,ENSG00000257550.2,ENSG00000257550,4.692307705108094,138.23137174945208,-0.9842865260518368,0.008083521970732348,724.3076923078058,291.9537223079111,0.0,2.749074976222972,0.023327370606589196,-1.0,0.684495609478607,-0.5974884577741711,0.3951183499867279,0.7603928129904072,-0.2200908095340326,-1.0,0.684495609478607,135.4158181982657,0.0,3.158894977105448,277,True
stomach,excluded_at_or_below_-1,ENSG00000257550.2,ENSG00000257550,0.42679078110965785,17.898331685549763,-0.7421718613813254,0.6514978596944729,283.8543552492421,3.379879633747553,0.0,0.28804356969531636,0.9592293689392986,-0.8748673567069079,0.8148662027399594,-0.4322100428148064,0.3259470218463417,0.9786879591488961,0.7109393458823252,-0.8748673567069079,0.8148662027399594,17.839146068135232,0.0,17.11183282535333,317,True
stomach,raw,ENSG00000257550.2,ENSG00000257550,0.7602920454369134,4694933439377.761,-25.408060286613647,4.8276007978965065,5170.22875962116,7.681831998726003,0.0,-7.150179008916709,1.0,-1.0,0.8148662027399594,-0.5577655616026871,0.37195716637192855,0.7754502302558542,0.25852071580034863,-1.0,0.8148662027399594,36.42989034544456,0.0,36.42989034544456,407,True
testis,excluded_at_or_below_-1,ENSG00000257550.2,ENSG00000257550,0.614196906654216,18.32852022473246,-0.5593977700510515,0.5690629846314063,539.483603392249,3.6774421490962252,0.0,0.798846835538289,0.7265024875180074,-0.8808443864531382,0.9203619075908602,-0.3797376092537723,0.33477207772378703,0.8311343151219371,0.3997323376596209,-0.8808443864531382,0.9203619075908602,18.30730601870792,0.0,13.300303362344692,348,True
testis,raw,ENSG00000257550.2,ENSG00000257550,-6.305720242868149,37.4275445286262,-1.7741675863953006,1.867409083085087,3274.5169816260322,2.04060277371796,0.0,-0.5862873379737082,1.0,-1.0,0.9203619075908602,-0.4786200193727361,0.3818934645125541,0.5799211546207962,-0.005663834361781639,-1.0,0.9203619075908602,26.85107325293954,0.0,26.85107325293954,414,True
thyroid,excluded_at_or_below_-1,ENSG00000257550.2,ENSG00000257550,0.8008515068012426,30.418599567484144,0.10136545512388327,0.8213228999364042,365.31614185257297,3.0511499681335605,0.0,1.585916968182398,0.2774695924946182,-0.8196764285221745,1.8733604399288728,0.1855132422219661,0.535384635479368,0.387761098349048,-0.2481485206778924,-0.8196764285221745,1.8733604399288728,30.129112562305487,0.0,8.359912584887386,652,True
thyroid,raw,ENSG00000257550.2,ENSG00000257550,1.4694387844613188,31.449972440733305,0.08788194667924035,0.8337348562051261,1234.9645246150553,3.028598218829733,0.0,1.84530776397827,0.17379272922841363,-1.0,1.8733604399288728,0.13005063439871622,0.5796330648437064,0.1782326953184297,-0.25677027311374756,-1.0,1.8733604399288728,31.129403641024012,0.0,5.410064018026479,684,True
uterus,excluded_at_or_below_-1,ENSG00000257550.2,ENSG00000257550,-4.989686348523371,9.244070123104391,-0.5917670562726102,1.729818519478865,161.39295578731583,1.0579237379568291,0.0,0.16217469318637337,0.9695168956874018,-0.7901336927754087,0.7022497194138031,-0.2155072936893769,0.37309974874803886,0.3720984034903408,-0.5292729876749593,-0.7901336927754087,0.7022497194138031,3.9616651130628284,0.0,3.840901262169753,119,True
uterus,raw,ENSG00000257550.2,ENSG00000257550,3.051282051282051,35.220918230758805,-0.9775141823989429,0.003358489258265071,261.8974358974359,707.3254397590342,0.0,9.468468042351427,0.0,-1.0,0.7022497194138031,-0.3898390062028487,0.463827587731322,0.2492791008102638,-0.8533434822411041,-1.0,0.7022497194138031,35.02825432602858,0.0,0.0,153,True
vagina,excluded_at_or_below_-1,ENSG00000257550.2,ENSG00000257550,0.48322336800657256,5.5144138131863905,-0.6584184891121544,0.6656364752028824,122.5648887503244,2.852454199263017,0.0,0.42188711077810687,0.9133691401751026,-0.8569906544650565,0.6841634301907693,-0.35453239528346137,0.3586108830818119,0.8391614870109302,0.13171860646823585,-0.8569906544650565,0.6841634301907693,5.420074203700845,0.0,4.950528515119496,131,True
vagina,raw,ENSG00000257550.2,ENSG00000257550,3.358974353963859,283.43072255646734,-0.9964253986382864,0.012137491614506075,382.9743590395866,195.81570805472273,0.0,0.41649872035923774,0.9205498981560257,-1.0,0.6841634301907693,-0.5026102575419614,0.4159479027726048,0.6650853415358763,-0.15652195642599143,-1.0,0.6841634301907693,282.31295031509524,0.0,259.8831576606881,170,True
whole_blood,excluded_at_or_below_-1,ENSG00000257550.2,ENSG00000257550,0.5864964541184919,15.017156707173184,-0.7230181365336262,0.3293886572943725,249.70930777214343,5.833223200459623,0.0,0.5552941942866039,0.8571215109226835,-0.8523533472301635,0.635615105869743,-0.551854302026499,0.2654813888122486,1.8684668178340296,4.250018631251599,-0.8523533472301635,0.635615105869743,15.017152431666139,0.0,12.871524381985932,191,True
whole_blood,raw,ENSG00000257550.2,ENSG00000257550,4.89743587321476,614.30951050153,-0.980207249373316,0.006005889654319839,1611.5897435897443,380.4794994071796,0.0,4.660621154235171,1.9444937401907527e-05,-1.0,0.635615105869743,-0.8934049460610975,0.23054359531160257,2.771120204892199,9.334168836840075,-1.0,0.635615105869743,606.514070639173,0.0,0.011793628136954837,803,True
adipose_subcutaneous,excluded_at_or_below_-1,ENSG00000257558.2,ENSG00000257558,,,,,,,,,,,,,,,,,,,,,0,False
adipose_subcutaneous,raw,ENSG00000257558.2,ENSG00000257558,0.0,714.0,-0.9875,1.0001e-06,0.0,-17675.90193946968,0.0,,,-1.0,-1.0,-1.0,0.0,,,,-1.0,5.83115986411798e-187,0.0,,714,True
adipose_visceral_omentum,excluded_at_or_below_-1,ENSG00000257558.2,ENSG00000257558,,,,,,,,,,,,,,,,,,,,,0,False
adipose_visceral_omentum,raw,ENSG00000257558.2,ENSG00000257558,0.0,587.0,-0.9875,1.0001e-06,0.0,-17675.90193946968,0.0,,,-1.0,-1.0,-1.0,0.0,,,,-1.0,4.793964762237051e-187,0.0,,587,True
adrenal_gland,excluded_at_or_below_-1,ENSG00000257558.2,ENSG00000257558,,,,,,,,,,,,,,,,,,,,,0,False
adrenal_gland,raw,ENSG00000257558.2,ENSG00000257558,0.0,295.0,-0.9875,1.0001e-06,0.0,-17675.90193946968,0.0,,,-1.0,-1.0,-1.0,0.0,,,,-1.0,2.409232716967513e-187,0.0,,295,True
artery_aorta,excluded_at_or_below_-1,ENSG00000257558.2,ENSG00000257558,,,,,,,,,,,,,,,,,,,,,0,False
artery_aorta,raw,ENSG00000257558.2,ENSG00000257558,0.0,472.0,-0.9875,1.0001e-06,0.0,-17675.90193946968,0.0,,,-1.0,-1.0,-1.0,0.0,,,,-1.0,3.8547723471480207e-187,0.0,,472,True
artery_coronary,excluded_at_or_below_-1,ENSG00000257558.2,ENSG00000257558,,,,,,,,,,,,,,,,,,,,,0,False
artery_coronary,raw,ENSG00000257558.2,ENSG00000257558,0.0,268.0,-0.9875,1.0001e-06,0.0,-17675.90193946968,0.0,,,-1.0,-1.0,-1.0,0.0,,,,-1.0,2.1887266716857407e-187,0.0,,268,True
artery_tibial,excluded_at_or_below_-1,ENSG00000257558.2,ENSG00000257558,,,,,,,,,,,,,,,,,,,,,0,False
artery_tibial,raw,ENSG00000257558.2,ENSG00000257558,0.0,691.0,-0.9875,1.0001e-06,0.0,-17675.90193946968,0.0,,,-1.0,-1.0,-1.0,0.0,,,,-1.0,5.643321381100175e-187,0.0,,691,True
bladder,excluded_at_or_below_-1,ENSG00000257558.2,ENSG00000257558,,,,,,,,,,,,,,,,,,,,,0,False
bladder,raw,ENSG00000257558.2,ENSG00000257558,0.0,77.0,-0.9875,1.0001e-06,0.0,-17675.90193946968,0.0,,,-1.0,-1.0,-1.0,0.0,,,,-1.0,6.288505735813509e-188,0.0,,77,True
brain_amygdala,excluded_at_or_below_-1,ENSG00000257558.2,ENSG00000257558,,,,,,,,,,,,,,,,,,,,,0,False
brain_amygdala,raw,ENSG00000257558.2,ENSG00000257558,0.0,181.0,-0.9875,1.0001e-06,0.0,-17675.90193946968,0.0,,,-1.0,-1.0,-1.0,0.0,,,,-1.0,1.478207192444474e-187,0.0,,181,True
brain_anterior_cingulate_cortex_ba24,excluded_at_or_below_-1,ENSG00000257558.2,ENSG00000257558,,,,,,,,,,,,,,,,,,,,,0,False
brain_anterior_cingulate_cortex_ba24,raw,ENSG00000257558.2,ENSG00000257558,0.0,233.0,-0.9875,1.0001e-06,0.0,-17675.90193946968,0.0,,,-1.0,-1.0,-1.0,0.0,,,,-1.0,1.9028855018760357e-187,0.0,,233,True
brain_caudate_basal_ganglia,excluded_at_or_below_-1,ENSG00000257558.2,ENSG00000257558,,,,,,,,,,,,,,,,,,,,,0,False
brain_caudate_basal_ganglia,raw,ENSG00000257558.2,ENSG00000257558,0.0,300.0,-0.9875,1.0001e-06,0.0,-17675.90193946968,0.0,,,-1.0,-1.0,-1.0,0.0,,,,-1.0,2.450067169797471e-187,0.0,,300,True
brain_cerebellar_hemisphere,excluded_at_or_below_-1,ENSG00000257558.2,ENSG00000257558,,,,,,,,,,,,,,,,,,,,,0,False
brain_cerebellar_hemisphere,raw,ENSG00000257558.2,ENSG00000257558,0.0,277.0,-0.9875,1.0001e-06,0.0,-17675.90193946968,0.0,,,-1.0,-1.0,-1.0,0.0,,,,-1.0,2.2622286867796648e-187,0.0,,277,True
brain_cerebellum,excluded_at_or_below_-1,ENSG00000257558.2,ENSG00000257558,,,,,,,,,,,,,,,,,,,,,0,False
brain_cerebellum,raw,ENSG00000257558.2,ENSG00000257558,0.0,266.0,-0.9875,1.0001e-06,0.0,-17675.90193946968,0.0,,,-1.0,-1.0,-1.0,0.0,,,,-1.0,2.1723928905537574e-187,0.0,,266,True
brain_cortex,excluded_at_or_below_-1,ENSG00000257558.2,ENSG00000257558,,,,,,,,,,,,,,,,,,,,,0,False
brain_cortex,raw,ENSG00000257558.2,ENSG00000257558,0.0,270.0,-0.9875,1.0001e-06,0.0,-17675.90193946968,0.0,,,-1.0,-1.0,-1.0,0.0,,,,-1.0,2.2050604528177237e-187,0.0,,270,True
brain_frontal_cortex_ba9,excluded_at_or_below_-1,ENSG00000257558.2,ENSG00000257558,,,,,,,,,,,,,,,,,,,,,0,False
brain_frontal_cortex_ba9,raw,ENSG00000257558.2,ENSG00000257558,0.0,269.0,-0.9875,1.0001e-06,0.0,-17675.90193946968,0.0,,,-1.0,-1.0,-1.0,0.0,,,,-1.0,2.196893562251732e-187,0.0,,269,True
brain_hippocampus,excluded_at_or_below_-1,ENSG00000257558.2,ENSG00000257558,,,,,,,,,,,,,,,,,,,,,0,False
brain_hippocampus,raw,ENSG00000257558.2,ENSG00000257558,0.0,255.0,-0.9875,1.0001e-06,0.0,-17675.90193946968,0.0,,,-1.0,-1.0,-1.0,0.0,,,,-1.0,2.08255709432785e-187,0.0,,255,True
brain_hypothalamus,excluded_at_or_below_-1,ENSG00000257558.2,ENSG00000257558,,,,,,,,,,,,,,,,,,,,,0,False
brain_hypothalamus,raw,ENSG00000257558.2,ENSG00000257558,0.0,257.0,-0.9875,1.0001e-06,0.0,-17675.90193946968,0.0,,,-1.0,-1.0,-1.0,0.0,,,,-1.0,2.0988908754598334e-187,0.0,,257,True
brain_nucleus_accumbens_basal_ganglia,excluded_at_or_below_-1,ENSG00000257558.2,ENSG00000257558,,,,,,,,,,,,,,,,,,,,,0,False
brain_nucleus_accumbens_basal_ganglia,raw,ENSG00000257558.2,ENSG00000257558,0.0,285.0,-0.9875,1.0001e-06,0.0,-17675.90193946968,0.0,,,-1.0,-1.0,-1.0,0.0,,,,-1.0,2.3275638113075975e-187,0.0,,285,True
brain_putamen_basal_ganglia,excluded_at_or_below_-1,ENSG00000257558.2,ENSG00000257558,,,,,,,,,,,,,,,,,,,,,0,False
brain_putamen_basal_ganglia,raw,ENSG00000257558.2,ENSG00000257558,0.0,254.0,-0.9875,1.0001e-06,0.0,-17675.90193946968,0.0,,,-1.0,-1.0,-1.0,0.0,,,,-1.0,2.0743902037618585e-187,0.0,,254,True
brain_spinal_cord_cervical_c-1,excluded_at_or_below_-1,ENSG00000257558.2,ENSG00000257558,,,,,,,,,,,,,,,,,,,,,0,False
brain_spinal_cord_cervical_c-1,raw,ENSG00000257558.2,ENSG00000257558,0.0,204.0,-0.9875,1.0001e-06,0.0,-17675.90193946968,0.0,,,-1.0,-1.0,-1.0,0.0,,,,-1.0,1.6660456754622802e-187,0.0,,204,True
brain_substantia_nigra,excluded_at_or_below_-1,ENSG00000257558.2,ENSG00000257558,,,,,,,,,,,,,,,,,,,,,0,False
brain_substantia_nigra,raw,ENSG00000257558.2,ENSG00000257558,0.0,183.0,-0.9875,1.0001e-06,0.0,-17675.90193946968,0.0,,,-1.0,-1.0,-1.0,0.0,,,,-1.0,1.4945409735764572e-187,0.0,,183,True
breast_mammary_tissue,excluded_at_or_below_-1,ENSG00000257558.2,ENSG00000257558,,,,,,,,,,,,,,,,,,,,,0,False
breast_mammary_tissue,raw,ENSG00000257558.2,ENSG00000257558,0.0,514.0,-0.9875,1.0001e-06,0.0,-17675.90193946968,0.0,,,-1.0,-1.0,-1.0,0.0,,,,-1.0,4.1977817509196667e-187,0.0,,514,True
cells_cultured_fibroblasts,excluded_at_or_below_-1,ENSG00000257558.2,ENSG00000257558,,,,,,,,,,,,,,,,,,,,,0,False
cells_cultured_fibroblasts,raw,ENSG00000257558.2,ENSG00000257558,0.0,652.0,-0.9875,1.0001e-06,0.0,-17675.90193946968,0.0,,,-1.0,-1.0,-1.0,0.0,,,,-1.0,5.324812649026503e-187,0.0,,652,True
cells_ebv-transformed_lymphocytes,excluded_at_or_below_-1,ENSG00000257558.2,ENSG00000257558,,,,,,,,,,,,,,,,,,,,,0,False
cells_ebv-transformed_lymphocytes,raw,ENSG00000257558.2,ENSG00000257558,0.0,327.0,-0.9875,1.0001e-06,0.0,-17675.90193946968,0.0,,,-1.0,-1.0,-1.0,0.0,,,,-1.0,2.670573215079243e-187,0.0,,327,True
cervix_ectocervix,excluded_at_or_below_-1,ENSG00000257558.2,ENSG00000257558,,,,,,,,,,,,,,,,,,,,,0,False
cervix_ectocervix,raw,ENSG00000257558.2,ENSG00000257558,0.0,24.0,-0.9875,1.0001e-06,0.0,-17675.90193946968,0.0,,,-1.0,-1.0,-1.0,0.0,,,,-1.0,1.9600537358379766e-188,0.0,,24,True
cervix_endocervix,excluded_at_or_below_-1,ENSG00000257558.2,ENSG00000257558,,,,,,,,,,,,,,,,,,,,,0,False
cervix_endocervix,raw,ENSG00000257558.2,ENSG00000257558,0.0,23.0,-0.9875,1.0001e-06,0.0,-17675.90193946968,0.0,,,-1.0,-1.0,-1.0,0.0,,,,-1.0,1.878384830178061e-188,0.0,,23,True
colon_sigmoid,excluded_at_or_below_-1,ENSG00000257558.2,ENSG00000257558,,,,,,,,,,,,,,,,,,,,,0,False
colon_sigmoid,raw,ENSG00000257558.2,ENSG00000257558,0.0,419.0,-0.9875,1.0001e-06,0.0,-17675.90193946968,0.0,,,-1.0,-1.0,-1.0,0.0,,,,-1.0,3.4219271471504676e-187,0.0,,419,True
colon_transverse,excluded_at_or_below_-1,ENSG00000257558.2,ENSG00000257558,,,,,,,,,,,,,,,,,,,,,0,False
colon_transverse,raw,ENSG00000257558.2,ENSG00000257558,0.0,479.0,-0.9875,1.0001e-06,0.0,-17675.90193946968,0.0,,,-1.0,-1.0,-1.0,0.0,,,,-1.0,3.911940581109962e-187,0.0,,479,True
esophagus_gastroesophageal_junction,excluded_at_or_below_-1,ENSG00000257558.2,ENSG00000257558,,,,,,,,,,,,,,,,,,,,,0,False
esophagus_gastroesophageal_junction,raw,ENSG00000257558.2,ENSG00000257558,0.0,403.0,-0.9875,1.0001e-06,0.0,-17675.90193946968,0.0,,,-1.0,-1.0,-1.0,0.0,,,,-1.0,3.2912568980946026e-187,0.0,,403,True
esophagus_mucosa,excluded_at_or_below_-1,ENSG00000257558.2,ENSG00000257558,,,,,,,,,,,,,,,,,,,,,0,False
esophagus_mucosa,raw,ENSG00000257558.2,ENSG00000257558,0.0,614.0,-0.9875,1.0001e-06,0.0,-17675.90193946968,0.0,,,-1.0,-1.0,-1.0,0.0,,,,-1.0,5.014470807518823e-187,0.0,,614,True
esophagus_muscularis,excluded_at_or_below_-1,ENSG00000257558.2,ENSG00000257558,,,,,,,,,,,,,,,,,,,,,0,False
esophagus_muscularis,raw,ENSG00000257558.2,ENSG00000257558,0.0,561.0,-0.9875,1.0001e-06,0.0,-17675.90193946968,0.0,,,-1.0,-1.0,-1.0,0.0,,,,-1.0,4.5816256075212706e-187,0.0,,561,True
fallopian_tube,excluded_at_or_below_-1,ENSG00000257558.2,ENSG00000257558,,,,,,,,,,,,,,,,,,,,,0,False
fallopian_tube,raw,ENSG00000257558.2,ENSG00000257558,0.0,29.0,-0.9875,1.0001e-06,0.0,-17675.90193946968,0.0,,,-1.0,-1.0,-1.0,0.0,,,,-1.0,2.368398264137555e-188,0.0,,29,True
heart_atrial_appendage,excluded_at_or_below_-1,ENSG00000257558.2,ENSG00000257558,,,,,,,,,,,,,,,,,,,,,0,False
heart_atrial_appendage,raw,ENSG00000257558.2,ENSG00000257558,0.0,461.0,-0.9875,1.0001e-06,0.0,-17675.90193946968,0.0,,,-1.0,-1.0,-1.0,0.0,,,,-1.0,3.7649365509221136e-187,0.0,,461,True
heart_left_ventricle,excluded_at_or_below_-1,ENSG00000257558.2,ENSG00000257558,,,,,,,,,,,,,,,,,,,,,0,False
heart_left_ventricle,raw,ENSG00000257558.2,ENSG00000257558,0.0,452.0,-0.9875,1.0001e-06,0.0,-17675.90193946968,0.0,,,-1.0,-1.0,-1.0,0.0,,,,-1.0,3.6914345358281893e-187,0.0,,452,True
kidney_cortex,excluded_at_or_below_-1,ENSG00000257558.2,ENSG00000257558,,,,,,,,,,,,,,,,,,,,,0,False
kidney_cortex,raw,ENSG00000257558.2,ENSG00000257558,0.0,104.0,-0.9875,1.0001e-06,0.0,-17675.90193946968,0.0,,,-1.0,-1.0,-1.0,0.0,,,,-1.0,8.493566188631232e-188,0.0,,104,True
kidney_medulla,excluded_at_or_below_-1,ENSG00000257558.2,ENSG00000257558,,,,,,,,,,,,,,,,,,,,,0,False
kidney_medulla,raw,ENSG00000257558.2,ENSG00000257558,0.0,11.0,-0.9875,1.0001e-06,0.0,-17675.90193946968,0.0,,,-1.0,-1.0,-1.0,0.0,,,,-1.0,8.983579622590726e-189,0.0,,11,True
liver,excluded_at_or_below_-1,ENSG00000257558.2,ENSG00000257558,,,,,,,,,,,,,,,,,,,,,0,False
liver,raw,ENSG00000257558.2,ENSG00000257558,0.0,262.0,-0.9875,1.0001e-06,0.0,-17675.90193946968,0.0,,,-1.0,-1.0,-1.0,0.0,,,,-1.0,2.1397253282897912e-187,0.0,,262,True
lung,excluded_at_or_below_-1,ENSG00000257558.2,ENSG00000257558,,,,,,,,,,,,,,,,,,,,,0,False
lung,raw,ENSG00000257558.2,ENSG00000257558,0.0,604.0,-0.9875,1.0001e-06,0.0,-17675.90193946968,0.0,,,-1.0,-1.0,-1.0,0.0,,,,-1.0,4.932801901858908e-187,0.0,,604,True
minor_salivary_gland,excluded_at_or_below_-1,ENSG00000257558.2,ENSG00000257558,,,,,,,,,,,,,,,,,,,,,0,False
minor_salivary_gland,raw,ENSG00000257558.2,ENSG00000257558,0.0,181.0,-0.9875,1.0001e-06,0.0,-17675.90193946968,0.0,,,-1.0,-1.0,-1.0,0.0,,,,-1.0,1.478207192444474e-187,0.0,,181,True
muscle_skeletal,excluded_at_or_below_-1,ENSG00000257558.2,ENSG00000257558,,,,,,,,,,,,,,,,,,,,,0,False
muscle_skeletal,raw,ENSG00000257558.2,ENSG00000257558,0.0,818.0,-0.9875,1.0001e-06,0.0,-17675.90193946968,0.0,,,-1.0,-1.0,-1.0,0.0,,,,-1.0,6.680516482981104e-187,0.0,,818,True
nerve_tibial,excluded_at_or_below_-1,ENSG00000257558.2,ENSG00000257558,,,,,,,,,,,,,,,,,,,,,0,False
nerve_tibial,raw,ENSG00000257558.2,ENSG00000257558,0.0,670.0,-0.9875,1.0001e-06,0.0,-17675.90193946968,0.0,,,-1.0,-1.0,-1.0,0.0,,,,-1.0,5.471816679214351e-187,0.0,,670,True
ovary,excluded_at_or_below_-1,ENSG00000257558.2,ENSG00000257558,,,,,,,,,,,,,,,,,,,,,0,False
ovary,raw,ENSG00000257558.2,ENSG00000257558,0.0,193.0,-0.9875,1.0001e-06,0.0,-17675.90193946968,0.0,,,-1.0,-1.0,-1.0,0.0,,,,-1.0,1.576209879236373e-187,0.0,,193,True
pancreas,excluded_at_or_below_-1,ENSG00000257558.2,ENSG00000257558,,,,,,,,,,,,,,,,,,,,,0,False
pancreas,raw,ENSG00000257558.2,ENSG00000257558,0.0,362.0,-0.9875,1.0001e-06,0.0,-17675.90193946968,0.0,,,-1.0,-1.0,-1.0,0.0,,,,-1.0,2.956414384888948e-187,0.0,,362,True
pituitary,excluded_at_or_below_-1,ENSG00000257558.2,ENSG00000257558,,,,,,,,,,,,,,,,,,,,,0,False
pituitary,raw,ENSG00000257558.2,ENSG00000257558,0.0,313.0,-0.9875,1.0001e-06,0.0,-17675.90193946968,0.0,,,-1.0,-1.0,-1.0,0.0,,,,-1.0,2.5562367471553613e-187,0.0,,313,True
prostate,excluded_at_or_below_-1,ENSG00000257558.2,ENSG00000257558,,,,,,,,,,,,,,,,,,,,,0,False
prostate,raw,ENSG00000257558.2,ENSG00000257558,0.0,282.0,-0.9875,1.0001e-06,0.0,-17675.90193946968,0.0,,,-1.0,-1.0,-1.0,0.0,,,,-1.0,2.3030631396096224e-187,0.0,,282,True
skin_not_sun_exposed_suprapubic,excluded_at_or_below_-1,ENSG00000257558.2,ENSG00000257558,,,,,,,,,,,,,,,,,,,,,0,False
skin_not_sun_exposed_suprapubic,raw,ENSG00000257558.2,ENSG00000257558,0.0,651.0,-0.9875,1.0001e-06,0.0,-17675.90193946968,0.0,,,-1.0,-1.0,-1.0,0.0,,,,-1.0,5.316645758460512e-187,0.0,,651,True
skin_sun_exposed_lower_leg,excluded_at_or_below_-1,ENSG00000257558.2,ENSG00000257558,,,,,,,,,,,,,,,,,,,,,0,False
skin_sun_exposed_lower_leg,raw,ENSG00000257558.2,ENSG00000257558,0.0,754.0,-0.9875,1.0001e-06,0.0,-17675.90193946968,0.0,,,-1.0,-1.0,-1.0,0.0,,,,-1.0,6.157835486757643e-187,0.0,,754,True
small_intestine_terminal_ileum,excluded_at_or_below_-1,ENSG00000257558.2,ENSG00000257558,,,,,,,,,,,,,,,,,,,,,0,False
small_intestine_terminal_ileum,raw,ENSG00000257558.2,ENSG00000257558,0.0,207.0,-0.9875,1.0001e-06,0.0,-17675.90193946968,0.0,,,-1.0,-1.0,-1.0,0.0,,,,-1.0,1.6905463471602549e-187,0.0,,207,True
spleen,excluded_at_or_below_-1,ENSG00000257558.2,ENSG00000257558,,,,,,,,,,,,,,,,,,,,,0,False
spleen,raw,ENSG00000257558.2,ENSG00000257558,0.0,277.0,-0.9875,1.0001e-06,0.0,-17675.90193946968,0.0,,,-1.0,-1.0,-1.0,0.0,,,,-1.0,2.2622286867796648e-187,0.0,,277,True
stomach,excluded_at_or_below_-1,ENSG00000257558.2,ENSG00000257558,,,,,,,,,,,,,,,,,,,,,0,False
stomach,raw,ENSG00000257558.2,ENSG00000257558,0.0,407.0,-0.9875,1.0001e-06,0.0,-17675.90193946968,0.0,,,-1.0,-1.0,-1.0,0.0,,,,-1.0,3.3239244603585686e-187,0.0,,407,True
testis,excluded_at_or_below_-1,ENSG00000257558.2,ENSG00000257558,,,,,,,,,,,,,,,,,,,,,0,False
testis,raw,ENSG00000257558.2,ENSG00000257558,0.0,414.0,-0.9875,1.0001e-06,0.0,-17675.90193946968,0.0,,,-1.0,-1.0,-1.0,0.0,,,,-1.0,3.3810926943205097e-187,0.0,,414,True
thyroid,excluded_at_or_below_-1,ENSG00000257558.2,ENSG00000257558,,,,,,,,,,,,,,,,,,,,,0,False
thyroid,raw,ENSG00000257558.2,ENSG00000257558,0.0,684.0,-0.9875,1.0001e-06,0.0,-17675.90193946968,0.0,,,-1.0,-1.0,-1.0,0.0,,,,-1.0,5.586153147138233e-187,0.0,,684,True
uterus,excluded_at_or_below_-1,ENSG00000257558.2,ENSG00000257558,,,,,,,,,,,,,,,,,,,,,0,False
uterus,raw,ENSG00000257558.2,ENSG00000257558,0.0,153.0,-0.9875,1.0001e-06,0.0,-17675.90193946968,0.0,,,-1.0,-1.0,-1.0,0.0,,,,-1.0,1.24953425659671e-187,0.0,,153,True
vagina,excluded_at_or_below_-1,ENSG00000257558.2,ENSG00000257558,,,,,,,,,,,,,,,,,,,,,0,False
vagina,raw,ENSG00000257558.2,ENSG00000257558,0.0,170.0,-0.9875,1.0001e-06,0.0,-17675.90193946968,0.0,,,-1.0,-1.0,-1.0,0.0,,,,-1.0,1.3883713962185667e-187,0.0,,170,True
whole_blood,excluded_at_or_below_-1,ENSG00000257558.2,ENSG00000257558,,,,,,,,,,,,,,,,,,,,,0,False
whole_blood,raw,ENSG00000257558.2,ENSG00000257558,0.0,803.0,-0.9875,1.0001e-06,0.0,-17675.90193946968,0.0,,,-1.0,-1.0,-1.0,0.0,,,,-1.0,6.55801312449123e-187,0.0,,803,True
adipose_subcutaneous,excluded_at_or_below_-1,ENSG00000257563.1,ENSG00000257563,0.9014301001698781,7.349771446548646,-0.959174368468011,0.004293255153776246,49.89897965480816,22.443911004749967,0.0,8.334691369699314,8.157452097471306e-16,-0.9844767397859968,-0.891039371636028,-0.9503239289775448,0.018593080925351467,1.3037973847504902,1.697730108870016,-0.9844767397859968,-0.891039371636028,7.349358919109403,0.0,5.995204332975845e-15,60,True
adipose_subcutaneous,raw,ENSG00000257563.1,ENSG00000257563,1.5384747830909742,668.0738457526404,-0.9986961124495315,0.0003779584432642974,185.69230769914907,402.8210657881169,0.0,4.878778316887253,6.82647459063001e-06,-1.0,-0.891039371636028,-0.9958255402502137,0.014792483840324236,3.8500964574684082,15.555234033283611,-1.0,-0.891039371636028,663.7210563088654,0.0,0.004530874926158779,714,True
adipose_visceral_omentum,excluded_at_or_below_-1,ENSG00000257563.1,ENSG00000257563,0.44016782064771176,2.1626665195972743,-0.9551122029274727,0.007702634860649721,21.110995891793692,5.548745960467613,0.0,5.084164783163972,2.2317532047719185e-06,-0.9828035403166944,-0.9248904845073296,-0.9554177403730588,0.011918750162939376,0.27198184037438994,0.4244688273471051,-0.9828035403166944,-0.9248904845073296,2.1626076691411016,0.0,4.826406596269983e-06,38,True
adipose_visceral_omentum,raw,ENSG00000257563.1,ENSG00000257563,1.6982192192478596,534.5521101788945,-0.9990643611268226,0.0008314182643924061,273.2779197000161,126.16718537658551,0.0,1.591489194548691,0.28320918651689286,-1.0,-0.9248904845073296,-0.9971139252711692,0.011380382478830586,3.9581488838987786,14.836279535350656,-1.0,-0.9248904845073296,531.9661025348777,0.0,150.65768715346474,587,True
adrenal_gland,excluded_at_or_below_-1,ENSG00000257563.1,ENSG00000257563,0.358974358974359,2.9882880776191847,-0.9481396411117442,1.806387700818892e-06,10.974358974358983,318.3779766855667,,25112.09552394057,,-0.9802155465500404,-0.9477329740590458,-0.9625850975084848,0.01132487659574238,-0.08934362984442465,-1.439141306733905,-0.9802155465500404,-0.9477329740590458,0.0,0.0,0.0,17,True
adrenal_gland,raw,ENSG00000257563.1,ENSG00000257563,1.3730551380570442,258.0756289337037,-0.9993779104902563,0.0007394386161335354,537.5937605485925,98.77353973047639,0.0,1.1897774913213808,0.49284914966936155,-1.0,-0.9477329740590458,-0.9978438869750652,0.009124705971626134,4.293740495573785,17.524278667681397,-1.0,-0.9477329740590458,258.0154776841339,0.0,127.16270877816008,295,True
artery_aorta,excluded_at_or_below_-1,ENSG00000257563.1,ENSG00000257563,0.16575596839430956,3.205461047882465,-0.9444950121974185,0.014683334819384612,18.04820306835584,10.934650610089948,0.0,2.782424487097238,0.02084005610887214,-0.9733840509117316,-0.8309639725349796,-0.9374185663257337,0.028254483732428788,2.213835999043297,5.416622355646853,-0.9733840509117316,-0.8309639725349796,3.2052538424775325,0.0,0.06679766992040981,30,True
artery_aorta,raw,ENSG00000257563.1,ENSG00000257563,0.7692303587385666,575.297438859743,-0.9983398496440714,0.0008790661876324585,62.92307700163981,269.26895693630945,0.0,2.6707967863672626,0.02829229500032882,-1.0,-0.8309639725349796,-0.9960223665037543,0.0168152477751643,5.142677857112251,31.999662793893272,-1.0,-0.8309639725349796,574.4857126939829,0.0,16.253519257012307,472,True
artery_coronary,excluded_at_or_below_-1,ENSG00000257563.1,ENSG00000257563,0.17948717973472728,11.138059367597018,-0.9675860015193772,0.0005141361389600596,5.743589745489226,195.12058579333953,0.0,0.7915256035638037,0.737995394046108,-0.9678737599800028,-0.8966500783458822,-0.9483676038255883,0.02187955393498465,1.4412123907002368,1.1801802118058298,-0.9678737599800028,-0.8966500783458822,11.033425203930985,0.0,8.142616981053289,10,True
artery_coronary,raw,ENSG00000257563.1,ENSG00000257563,0.256410256410081,324.9504178726607,-0.9989505970772137,0.000503720992986107,11.43589743591959,287.2121333875837,0.0,2.946233860536155,0.013044943180973883,-1.0,-0.8966500783458822,-0.9980734180531937,0.010595161224611134,6.302019599219725,44.223696876132934,-1.0,-0.8966500783458822,324.6930731597662,0.0,4.2356026906248925,268,True
artery_tibial,excluded_at_or_below_-1,ENSG00000257563.1,ENSG00000257563,0.6908768296434153,5.931693511500243,-0.9562456581100897,0.004238108861631368,28.502962274254863,26.25819563641857,0.0,6.126470788973721,7.0751679993460205e-09,-0.9746054382961212,-0.8775552151826327,-0.9443139694752191,0.021401161558850242,1.1734914228700857,0.9371582253618866,-0.9746054382961212,-0.8775552151826327,5.930818560472678,0.0,4.1961537688983697e-08,46,True
artery_tibial,raw,ENSG00000257563.1,ENSG00000257563,1.1792951569373682,714.1849301334977,-0.9986762893157124,0.0006422717334167019,129.74359119366866,266.6956317958739,0.0,2.9146691423257107,0.014629193886906427,-1.0,-0.8775552151826327,-0.9962929704715776,0.01492773083725022,4.4267534510481195,20.75765706420724,-1.0,-0.8775552151826327,698.0076031403761,0.0,10.211288560875397,691,True
bladder,excluded_at_or_below_-1,ENSG00000257563.1,ENSG00000257563,,,,,,,,,,-0.982967493708771,-0.9569271197578126,,,,,,,,,,6,False
bladder,raw,ENSG00000257563.1,ENSG00000257563,0.5265289115306262,64.72312092588385,-0.9994681339318974,0.0005430630045394028,52.40589871568011,110.782871783216,0.0,1.385055142017533,0.3842612037059314,-1.0,-0.9569271197578126,-0.9976105553371382,0.008540782990150418,3.4654655667071497,10.688783608955477,-1.0,-0.9569271197578126,64.54498096166127,0.0,24.802132077504385,77,True
brain_amygdala,excluded_at_or_below_-1,ENSG00000257563.1,ENSG00000257563,0.0818933035258563,1.2639746540727081,-0.9807902237406516,0.012831798806382822,8.39644153302142,5.608475748711423,0.0,-0.6302281779099245,1.0,-0.9750718786503364,-0.9299019885174088,-0.9617546231656068,0.016171239235246066,1.2536825775330478,-0.05079880779551704,-0.9750718786503364,-0.9299019885174088,1.0363109929104752,0.0,1.0363109929104743,10,True
brain_amygdala,raw,ENSG00000257563.1,ENSG00000257563,0.2564186850932447,176.2031388412253,-0.999159968141179,0.0002040082572224226,15.4358974386681,480.1059301227642,0.0,5.823217470433191,4.376290871826251e-08,-1.0,-0.9299019885174088,-0.9978869957550061,0.009478790025236694,5.040166141969022,27.214050327320894,-1.0,-0.9299019885174088,174.3711170807244,0.0,7.630987279905188e-06,181,True
brain_anterior_cingulate_cortex_ba24,excluded_at_or_below_-1,ENSG00000257563.1,ENSG00000257563,0.07917226108248993,4.421695175295884,-1.0126711173790666,0.03772073861094891,16.589487514911166,3.3125520279319756,0.0,-1.3142006551257517,1.0,-0.9776179820441516,-0.9243167750751238,-0.963215614884239,0.013322344659623016,1.414138027756939,1.7734767060627696,-0.9776179820441516,-0.9243167750751238,1.846125298422925,0.0,1.8461252984229242,24,True
brain_anterior_cingulate_cortex_ba24,raw,ENSG00000257563.1,ENSG00000257563,1.2624477944651846,200.09753672660048,-0.9990621348580281,0.0008931390538297573,118.33427474970313,118.35324082647107,0.0,1.4850337108948222,0.3331757570637507,-1.0,-0.9243167750751238,-0.9962110504601791,0.01196463095263329,3.3546002931763415,11.450243199620342,-1.0,-0.9243167750751238,199.38298029645622,0.0,66.42957540589767,233,True
brain_caudate_basal_ganglia,excluded_at_or_below_-1,ENSG00000257563.1,ENSG00000257563,0.16400706767548384,0.787369908111623,-0.9860205389810925,0.01779136231472149,25.877056772485854,2.365124060593782,0.0,-0.27667742178805665,1.0,-0.98253982829757,-0.9562663489486622,-0.9727122309682156,0.0073875942698113164,0.6714174264809748,-0.25148163157016645,-0.98253982829757,-0.9562663489486622,0.7097742375776568,0.0,0.7097742375776587,21,True
brain_caudate_basal_ganglia,raw,ENSG00000257563.1,ENSG00000257563,1.0948035861720826,263.57959787446634,-0.9994652658267051,0.0005700144649177249,299.4256057333713,107.17709442263764,0.0,1.3266826838280048,0.4154798763105263,-1.0,-0.9562663489486622,-0.9980898561677751,0.007231019499430743,3.8069791454782456,13.72181114883098,-1.0,-0.9562663489486622,263.12600610999317,0.0,109.3235604726645,300,True
brain_cerebellar_hemisphere,excluded_at_or_below_-1,ENSG00000257563.1,ENSG00000257563,-0.11059311589715258,1.6518049807263282,-0.9651022317106043,0.034791249383481465,30.56704045737247,2.489642580308852,0.0,0.4276774173101256,0.908477189656389,-0.9756235787526676,-0.9038542150094264,-0.9538116320815538,0.01570873823022429,0.8586278737836779,1.1393933203002335,-0.9756235787526676,-0.9038542150094264,1.5773292730192865,0.0,1.432967665115318,33,True
brain_cerebellar_hemisphere,raw,ENSG00000257563.1,ENSG00000257563,1.1656834007669565,229.11815055700237,-0.998799929409965,0.0010463494941017435,249.26567672369083,128.3256863517801,0.0,1.6219782336585622,0.26980337436317325,-1.0,-0.9038542150094264,-0.9944974146523151,0.015915354578282036,2.9267405436133274,7.9931253150899675,-1.0,-0.9038542150094264,227.89681140445913,0.0,61.48732872353076,277,True
brain_cerebellum,excluded_at_or_below_-1,ENSG00000257563.1,ENSG00000257563,0.4155519187485665,4.293327909439432,-0.9581418432369414,0.0041192530809448505,22.227926487309517,28.484706291011214,0.0,6.292620853615383,2.521804697807459e-09,-0.9764706858729691,-0.8751729640867768,-0.948405271134422,0.024421946801995817,1.6896101373988093,2.2664656668584957,-0.9764706858729691,-0.8751729640867768,4.292265179034692,0.0,1.082425449272506e-08,29,True
brain_cerebellum,raw,ENSG00000257563.1,ENSG00000257563,0.7623374235533756,233.6932306379298,-0.998479655701912,0.0014813510039436535,82.64423282754687,117.71821475750254,0.0,1.4514396116172088,0.34937501054020964,-1.0,-0.8751729640867768,-0.9943750107627753,0.017960351817059184,3.755681450388316,15.807072175814216,-1.0,-0.8751729640867768,233.28950824090435,0.0,81.50552440058627,266,True
brain_cortex,excluded_at_or_below_-1,ENSG00000257563.1,ENSG00000257563,0.08610393996906944,1.3476137819543164,-0.9745577334174619,0.012427226823009131,6.7488565751390945,6.775055492266742,0.0,-0.21316675650399527,1.0,-0.97268455690107,-0.9150227709613032,-0.9600517351556178,0.016114126926575583,1.9967481298276022,3.193313124294857,-0.97268455690107,-0.9150227709613032,1.317341151950395,0.0,1.317341151950391,12,True
brain_cortex,raw,ENSG00000257563.1,ENSG00000257563,0.30769230769230765,325.8899120321955,-0.9991033387779709,0.00034166236215837036,12.307692307692307,348.0274461230965,0.0,3.711472498865038,0.0010386823658211765,-1.0,-0.9150227709613032,-0.9982245215624721,0.008868212086083809,5.773316207981278,38.08380391919849,-1.0,-0.9150227709613032,320.1686541918986,0.0,0.3325535351977922,270,True
brain_frontal_cortex_ba9,excluded_at_or_below_-1,ENSG00000257563.1,ENSG00000257563,0.08628200545324939,1.2020929858353688,-0.9771910031867694,0.012706028687471678,12.90250593281811,4.776697561210065,0.0,-0.009067311688444255,1.0,-0.9771095377522008,-0.9342746729669782,-0.9662679247071219,0.011210328333501442,1.7032771415680346,2.3478027739972616,-0.9771095377522008,-0.9342746729669782,1.2020302259519051,0.0,1.2020302259519051,16,True
brain_frontal_cortex_ba9,raw,ENSG00000257563.1,ENSG00000257563,0.4102741553811673,270.86182058731737,-0.999227111299622,0.00018419275987406787,19.435897448178125,498.6983161663314,0.0,5.934162032357385,2.2574233362683853e-08,-1.0,-0.9342746729669782,-0.9979936312093455,0.008421688119014304,4.52586562739152,21.724601021623904,-1.0,-0.9342746729669782,270.67693510851666,0.0,6.110324299035685e-06,269,True
brain_hippocampus,excluded_at_or_below_-1,ENSG00000257563.1,ENSG00000257563,0.23578340224260286,1.010572819444173,-0.965775280536729,0.003620506346832485,9.984828637203798,8.458831272120591,0.0,6.966713349694521,2.8891191738718476e-11,-0.9836106560204756,-0.9441199569545484,-0.9666770297354492,0.010554394141450424,0.5751563964220974,0.23503984713936799,-0.9836106560204756,-0.9441199569545484,1.0104985694703967,0.0,2.9194507922269963e-11,16,True
brain_hippocampus,raw,ENSG00000257563.1,ENSG00000257563,0.5611328508288397,232.73375855731845,-0.9993230900857235,0.0007097736983469388,76.55112561237232,109.99142366280677,0.0,1.3487329602436051,0.40316570859919715,-1.0,-0.9441199569545484,-0.997909146963793,0.008493369149296718,4.19553378332523,17.355247284161972,-1.0,-0.9441199569545484,232.47029374439913,0.0,93.72405070572515,255,True
brain_hypothalamus,excluded_at_or_below_-1,ENSG00000257563.1,ENSG00000257563,0.23699826807240726,1.7372733149813377,-0.9730874790504164,0.003159621180847778,12.653283338317081,18.11215683901299,0.0,8.603500494910179,7.988334912172388e-17,-0.9923093300610492,-0.9326214872780332,-0.9667097409747539,0.013864187186866305,0.8087619925244821,0.9457160733751961,-0.9923093300610492,-0.9326214872780332,1.7372566323762786,0.0,1.3877787807814457e-16,16,True
brain_hypothalamus,raw,ENSG00000257563.1,ENSG00000257563,0.41027442546885085,256.572453092589,-0.9992342891184488,0.0003017252881560933,19.435897448555142,312.22019329600164,0.0,3.588955768886308,0.0016041890906239406,-1.0,-0.9326214872780332,-0.9979274546910353,0.008730148845188801,4.623138451030617,22.6659873145541,-1.0,-0.9326214872780332,255.2507070252979,0.0,0.40947039958402925,257,True
brain_nucleus_accumbens_basal_ganglia,excluded_at_or_below_-1,ENSG00000257563.1,ENSG00000257563,0.020983250759175908,1.5304571238451528,-0.9727368479611641,0.009218157289782897,15.23405781285353,5.971126293344224,0.0,1.441841226832742,0.3536546221794471,-0.9821350884882416,-0.9338157239996304,-0.9708561042674351,0.010106280165175532,2.470828696495277,7.221310682234778,-0.9821350884882416,-0.9338157239996304,1.5304286159367804,0.0,0.5412431539417363,20,True
brain_nucleus_accumbens_basal_ganglia,raw,ENSG00000257563.1,ENSG00000257563,0.5128205128092921,301.5923852200319,-0.9992807939656161,0.0002983375220889242,31.743589865115798,310.32499418562946,0.0,3.409262505248579,0.003093382648414018,-1.0,-0.9338157239996304,-0.997954814334557,0.007902540305253308,4.293562616888504,20.904990765686524,-1.0,-0.9338157239996304,291.78903306041786,0.0,0.9026151318667183,285,True
brain_putamen_basal_ganglia,excluded_at_or_below_-1,ENSG00000257563.1,ENSG00000257563,0.21259027560925456,0.5919448554793812,-0.9708285522884773,0.004257196184324584,9.398388979415541,8.57726557275462,0.0,4.622510882175588,2.2913362500521715e-05,-0.9847436611611248,-0.9450084758588636,-0.9688702766385622,0.01160683704091426,0.7077522604146578,-0.21828107613819592,-0.9847436611611248,-0.9450084758588636,0.5919370858725926,0.0,1.3563269026101166e-05,13,True
brain_putamen_basal_ganglia,raw,ENSG00000257563.1,ENSG00000257563,0.3333333327738106,252.7180350526907,-0.9993788243776043,0.0002995679370781351,10.666666681715158,256.6739452029532,0.0,2.9324733426941894,0.013642482769222445,-1.0,-0.9450084758588636,-0.9984067464421311,0.007323585736987692,4.940514317006673,25.173955850343386,-1.0,-0.9450084758588636,251.42407376675462,0.0,3.4300485941304766,254,True
brain_spinal_cord_cervical_c-1,excluded_at_or_below_-1,ENSG00000257563.1,ENSG00000257563,0.10029369609977279,0.6962921561551176,-0.9680731593364222,0.01890088070716375,12.66452843534475,3.7752182113038066,0.0,0.7789153768010476,0.7381310706822688,-0.9784833173278276,-0.9176175909881528,-0.9589286373383583,0.01625853276829064,1.216077070910336,0.9621732908580132,-0.9784833173278276,-0.9176175909881528,0.6957283907367742,0.0,0.513538741958587,16,True
brain_spinal_cord_cervical_c-1,raw,ENSG00000257563.1,ENSG00000257563,0.420219494736687,186.8507096910803,-0.998981840018372,0.0008816576231981759,19.211296940070447,130.51146096081987,0.0,1.633168723093268,0.2645651464474959,-1.0,-0.9176175909881528,-0.996778716653989,0.011918848686871725,4.046591220043897,17.195161792524964,-1.0,-0.9176175909881528,186.11368053875185,0.0,49.23919314761732,204,True
brain_substantia_nigra,excluded_at_or_below_-1,ENSG00000257563.1,ENSG00000257563,,,,,,,,,,-0.984174193452356,-0.9379128358008904,,,,,,,,,,11,False
brain_substantia_nigra,raw,ENSG00000257563.1,ENSG00000257563,0.7042880163947803,168.3191878271713,-0.9992274451718134,0.0006738288832937003,31.550072191335378,128.6854189451135,0.0,1.6214168652994825,0.26991932980634775,-1.0,-0.9379128358008904,-0.9978088058088488,0.009305093889255512,4.441583251539812,19.381878449544175,-1.0,-0.9379128358008904,167.5024406074289,0.0,45.21214650968478,183,True
breast_mammary_tissue,excluded_at_or_below_-1,ENSG00000257563.1,ENSG00000257563,0.12977772933812584,2.0568899991841905,-0.9600636520265442,0.01405528912250902,29.510940652644624,5.927567991014798,0.0,1.3224581181309496,0.41709438430349755,-0.973207021385518,-0.9011519825844552,-0.9549691651890609,0.015341377461845844,1.772290069855267,3.792711813223103,-0.973207021385518,-0.9011519825844552,2.0568796081950027,0.0,0.8579129337665139,31,True
breast_mammary_tissue,raw,ENSG00000257563.1,ENSG00000257563,0.794871794871795,543.6144103599518,-0.9988481579343228,0.00024191943794679648,84.35897435897436,571.1126701697615,0.0,6.733442689923205,1.4281971442214465e-10,-1.0,-0.9011519825844552,-0.9972841325308577,0.011353831077430498,4.565086037719701,22.641004117102614,-1.0,-0.9011519825844552,543.5126497009661,0.0,7.76243214151151e-08,514,True
cells_cultured_fibroblasts,excluded_at_or_below_-1,ENSG00000257563.1,ENSG00000257563,0.24158687517621158,3.8128900873750085,-0.95301581179096,0.006594062893218454,27.368223742783883,12.83342046864749,0.0,8.015673065322051,1.1174467248039283e-14,-0.9903905433948038,-0.8931773376333679,-0.9507769566027362,0.015611965882726342,1.2213274800345797,5.920874027494133,-0.9903905433948038,-0.8931773376333679,3.8126925986083124,0.0,4.260480856999038e-14,28,True
cells_cultured_fibroblasts,raw,ENSG00000257563.1,ENSG00000257563,0.717948717948718,843.44212708093,-0.9987949871014365,0.0002368583146378638,73.8974358974359,630.6129152868368,0.0,7.19478894624855,5.941704466919107e-12,-1.0,-0.8931773376333679,-0.9978861269706697,0.010480674379221497,5.307514339248135,30.478008572095426,-1.0,-0.8931773376333679,815.6802074685684,0.0,4.846530732294241e-09,652,True
cells_ebv-transformed_lymphocytes,excluded_at_or_below_-1,ENSG00000257563.1,ENSG00000257563,0.3274656045600891,1.4389317274249929,-0.9668045264308702,0.007225230182496039,25.29435667460367,8.011952868673731,0.0,2.2375178240862232,0.0818198884631673,-0.9782360257083432,-0.925871385052747,-0.9600183482806762,0.013159566366532685,1.1063590646560757,0.686582864802185,-0.9782360257083432,-0.925871385052747,1.4389201054039185,0.0,0.11773228253155754,27,True
cells_ebv-transformed_lymphocytes,raw,ENSG00000257563.1,ENSG00000257563,1.0389011046607743,288.28965495468356,-0.9991157801231367,0.0009979401172361916,251.51268310744985,103.79702658234974,0.0,1.2530568922743268,0.4562325901857762,-1.0,-0.925871385052747,-0.9966987627020742,0.011630719429160033,3.673931699262854,13.388535465498652,-1.0,-0.925871385052747,288.19647913664807,0.0,131.4846261589345,327,True
cervix_ectocervix,excluded_at_or_below_-1,ENSG00000257563.1,ENSG00000257563,,,,,,,,,,,,,,,,,,,,,0,False
cervix_ectocervix,raw,ENSG00000257563.1,ENSG00000257563,0.0,24.0,-0.9875,1.0001e-06,0.0,-17675.90193946968,0.0,,,-1.0,-1.0,-1.0,0.0,,,,-1.0,1.9600537358379766e-188,0.0,,24,True
cervix_endocervix,excluded_at_or_below_-1,ENSG00000257563.1,ENSG00000257563,,,,,,,,,,-0.961055382527607,-0.947431079775368,,,,,,,,,,3,False
cervix_endocervix,raw,ENSG00000257563.1,ENSG00000257563,0.07692307692308341,25.324343660812378,-0.9994595234810725,0.00023813489473393894,2.76923077126666,308.98172567267125,0.0,3.209732131302177,0.005812303421970438,-1.0,-0.947431079775368,-0.9940276844537184,0.015900249707785117,2.2680631802589284,3.282701169780455,-1.0,-0.947431079775368,25.23808805747932,0.0,0.14669142558047013,23,True
colon_sigmoid,excluded_at_or_below_-1,ENSG00000257563.1,ENSG00000257563,0.28295390143725035,2.491803064948779,-0.9579489563502638,0.00608494999573406,18.603568316913375,15.292728244307886,0.0,6.094388610581444,8.606703234561972e-09,-0.9841713395437404,-0.8921487907028538,-0.9552295318576525,0.019901267878051743,1.4894005000234718,2.7343954537396424,-0.9841713395437404,-0.8921487907028538,2.491649132239375,0.0,2.1444884645838158e-08,23,True
colon_sigmoid,raw,ENSG00000257563.1,ENSG00000257563,0.5896993559045715,504.6641148386575,-0.9989442984627566,0.0005920618790981484,31.435897520614308,255.0943757848975,0.0,2.521674650058692,0.04168167951648613,-1.0,-0.8921487907028538,-0.997542432536339,0.011183955820881455,5.299569921682974,32.10407208819523,-1.0,-0.8921487907028538,503.79284176274354,0.0,20.99893177305448,419,True
colon_transverse,excluded_at_or_below_-1,ENSG00000257563.1,ENSG00000257563,0.40780653606334655,2.970915613862006,-0.9607212184630008,0.01028394918681535,18.181877156284187,8.524754612273199,0.0,4.604746381119707,2.487012964952481e-05,-0.9942062443894554,-0.8987304798679209,-0.9553443998818596,0.02053905747977022,1.0028980604786577,0.8886714975529628,-0.9942062443894554,-0.8987304798679209,2.9709110679167,0.0,7.388694343629654e-05,39,True
colon_transverse,raw,ENSG00000257563.1,ENSG00000257563,1.0000501197322436,457.6996108561517,-0.9987892075526282,0.00026966643399876054,66.00000009796751,524.7386841113486,0.0,6.349767284349225,1.7749532771356395e-09,-1.0,-0.8987304798679209,-0.996364157819191,0.013527372212498737,4.20416866270654,19.00250101106393,-1.0,-0.8987304798679209,453.01831351626146,0.0,8.040863401781451e-07,479,True
esophagus_gastroesophageal_junction,excluded_at_or_below_-1,ENSG00000257563.1,ENSG00000257563,0.0575563837170019,3.1887811689192542,-0.952479255048274,0.015800793108558114,17.414947841293653,7.693291817585653,0.0,3.0611194122182996,0.00923101763895707,-0.9866806768136608,-0.8665232752955044,-0.9495594814349111,0.019291216696292014,2.364524538826877,9.076490601149477,-0.9866806768136608,-0.8665232752955044,3.18865347734511,0.0,0.02943451649389451,32,True
esophagus_gastroesophageal_junction,raw,ENSG00000257563.1,ENSG00000257563,0.8205126176408822,440.0032205247293,-0.9986090920551708,0.0006676950570313724,69.74358975849864,279.76476909858377,0.0,2.94601683639205,0.013128261500500176,-1.0,-0.8665232752955044,-0.9959947975332931,0.014667777647588849,4.187236810897676,20.951357757568324,-1.0,-0.8665232752955044,437.1439090471719,0.0,5.738939551322129,403,True
esophagus_mucosa,excluded_at_or_below_-1,ENSG00000257563.1,ENSG00000257563,0.2096892446423567,4.037718292848153,-0.9622695940674066,0.011541414376507365,36.1287503950856,9.686729980392892,0.0,2.6831799329443027,0.0273312036901869,-0.984167058691402,-0.8832160708714829,-0.9564309174629244,0.01747457572887696,2.157354832673295,6.197753824005568,-0.984167058691402,-0.8832160708714829,4.037714097328249,0.0,0.1103555864368175,41,True
esophagus_mucosa,raw,ENSG00000257563.1,ENSG00000257563,1.051259637456656,748.1073788927038,-0.9988729434751639,0.0006421527406630877,115.89743595078417,254.7112352878647,0.0,2.482117605444694,0.046142280957731305,-1.0,-0.8832160708714829,-0.997090663869674,0.011764841975242725,4.69887428622453,26.05846558522013,-1.0,-0.8832160708714829,744.8018505515255,0.0,34.36685624598586,614,True
esophagus_muscularis,excluded_at_or_below_-1,ENSG00000257563.1,ENSG00000257563,0.2713878124697787,5.757094635066613,-0.9577104444706962,0.008199727426412834,25.886885632346004,20.900600576059706,0.0,5.166193903293184,1.6012860879933448e-06,-0.9876644648294856,-0.8365270303585893,-0.9491586208954549,0.026409055271588357,2.48739950056082,8.341602772528375,-0.9876644648294856,-0.8365270303585893,5.756655520149718,0.0,9.218052397785836e-06,33,True
esophagus_muscularis,raw,ENSG00000257563.1,ENSG00000257563,0.846153809678092,576.8702273758068,-0.9982436152380028,0.0009560946106614444,103.07692387252797,239.20413842611876,0.0,2.59796794528906,0.03476144052286233,-1.0,-0.8365270303585893,-0.9970093306409092,0.01353568648796617,5.94507277624832,46.41124224802722,-1.0,-0.8365270303585893,568.0134778701116,0.0,19.744966727166034,561,True
fallopian_tube,excluded_at_or_below_-1,ENSG00000257563.1,ENSG00000257563,,,,,,,,,,-0.9662281507269016,-0.9109290260608618,,,,,,,,,,4,False
fallopian_tube,raw,ENSG00000257563.1,ENSG00000257563,0.10256410258858445,27.109740133600695,-0.9990026694652946,0.0003977683112943349,3.589743590568415,313.1343987278921,0.0,3.545879167095462,0.001883480726292061,-1.0,-0.9109290260608618,-0.9929360836364356,0.019825883473287214,2.992303260062817,8.626671947554494,-1.0,-0.9109290260608618,26.786480675230923,0.0,0.05045182007699209,29,True
heart_atrial_appendage,excluded_at_or_below_-1,ENSG00000257563.1,ENSG00000257563,0.24504542683924688,0.6373110849267951,-0.9735373196913326,0.01003476987654562,27.792125508868825,2.4535478556405064,0.0,1.3491015154197235,0.37153104262889364,-0.9831100770227068,-0.956127793458866,-0.9713228681404223,0.007156044113360298,0.389049682389261,-0.5122477097269984,-0.9831100770227068,-0.956127793458866,0.6058922872393373,0.0,0.22510779319883623,25,True
heart_atrial_appendage,raw,ENSG00000257563.1,ENSG00000257563,1.3920993433083686,423.4785164518227,-0.9994626975525664,0.0005481612575913502,259.3265810231332,111.80069412920068,0.0,1.3861986737182466,0.38336854219546806,-1.0,-0.956127793458866,-0.998444841005446,0.0067039127153980865,4.337425267154586,17.999486017276908,-1.0,-0.956127793458866,422.6261170020334,0.0,162.0215583688008,461,True
heart_left_ventricle,excluded_at_or_below_-1,ENSG00000257563.1,ENSG00000257563,0.2852578760865625,1.9076404151766504,-0.9730156411349099,0.0028118269187577373,14.257893921538793,16.691053217852623,0.0,5.5763309638827305,1.76890756273548e-07,-0.9841028474305678,-0.939829456255151,-0.9693505200871503,0.009739289407853879,1.3195323280215596,2.3991351013804785,-0.9841028474305678,-0.939829456255151,1.9076403802518063,0.0,3.3744394956070067e-07,20,True
heart_left_ventricle,raw,ENSG00000257563.1,ENSG00000257563,0.5128205128205129,503.5974826043788,-0.999327366909887,0.00020222754302180607,25.743589743589748,416.07958502327864,0.0,4.703844117001381,1.6042237998864353e-05,-1.0,-0.939829456255151,-0.9986438283224403,0.0066189800749670005,5.225184474377572,28.87208784885262,-1.0,-0.939829456255151,492.2506332600315,0.0,0.007896801813849108,452,True
kidney_cortex,excluded_at_or_below_-1,ENSG00000257563.1,ENSG00000257563,,,,,,,,,,-0.9821422132072588,-0.9417624824338828,,,,,,,,,,7,False
kidney_cortex,raw,ENSG00000257563.1,ENSG00000257563,0.17948717948798681,97.55251419063308,-0.9992934624711352,0.0002469412627308239,5.743589743746688,329.47548467825305,0.0,4.046285924825371,0.00028156178296593357,-1.0,-0.9417624824338828,-0.9979548128442578,0.008412316985451687,4.6551410761152665,23.102034605553715,-1.0,-0.9417624824338828,96.47989109164199,0.0,0.02716505015612175,104,True
kidney_medulla,excluded_at_or_below_-1,ENSG00000257563.1,ENSG00000257563,,,,,,,,,,-0.9726548288395236,-0.9665058125795466,,,,,,,,,,2,False
kidney_medulla,raw,ENSG00000257563.1,ENSG00000257563,,,,,,,,,,,,,,,,,,,,,11,False
liver,excluded_at_or_below_-1,ENSG00000257563.1,ENSG00000257563,0.18633061366267853,1.3957488384475298,-0.9711555232072363,0.004020572913925348,8.990785120871658,12.350171560128684,0.0,4.02341616047105,0.0003053886496264086,-0.9825939922381052,-0.9360443019757964,-0.9677449537538436,0.011167657505820336,1.4681945433658588,2.1452981730547087,-0.9825939922381052,-0.9360443019757964,1.3957300396496235,0.0,0.0004262401120516124,16,True
liver,raw,ENSG00000257563.1,ENSG00000257563,0.4102816801456133,263.41803299350653,-0.9992450688710721,0.00016815528717953492,25.435897460801563,531.5288219290514,0.0,6.349094691551017,1.7678646447673623e-09,-1.0,-0.9360443019757964,-0.9980302261834408,0.008188487015693975,4.490231851110147,21.365591282528108,-1.0,-0.9360443019757964,262.88955005858315,0.0,4.647531410273409e-07,262,True
lung,excluded_at_or_below_-1,ENSG00000257563.1,ENSG00000257563,0.47319703192813267,5.346934404618506,-0.9532620441082316,0.010066531383137681,43.77462686741788,14.5017407212673,0.0,2.694996709848906,0.0264765207603239,-0.9724453341564636,-0.8500370206996029,-0.9403114210859641,0.025921097811316605,1.7942868308221411,2.898171315254049,-0.9724453341564636,-0.8500370206996029,5.34689865900648,0.0,0.14156727334853308,50,True
lung,raw,ENSG00000257563.1,ENSG00000257563,1.282051288567072,610.7935646789547,-0.9983574634527752,0.0007339765533912934,179.89743589769776,285.78131106443436,0.0,3.1648115338920157,0.006835847024287061,-1.0,-0.8500370206996029,-0.9950588924740037,0.01804330522196967,4.255509267802409,20.53104581955205,-1.0,-0.8500370206996029,597.2393216250321,0.0,4.082636639517675,604,True
minor_salivary_gland,excluded_at_or_below_-1,ENSG00000257563.1,ENSG00000257563,0.2791256372114288,1.0561752903544173,-0.9613073998068197,0.003579026347306808,11.963366602887685,8.377957835441585,0.0,7.115524220147298,1.0131237473237743e-11,-0.9793150397675572,-0.940104851176643,-0.9610628502721315,0.009231434417993229,0.23460459515161333,0.21769667693433137,-0.9793150397675572,-0.940104851176643,1.0561720164592734,0.0,1.0700329511337259e-11,18,True
minor_salivary_gland,raw,ENSG00000257563.1,ENSG00000257563,0.4615384475702336,197.7009213461679,-0.9993931134959835,0.00032042985293561055,17.692307698431886,261.66808084012604,0.0,2.6784867793629066,0.02769018419886367,-1.0,-0.940104851176643,-0.9961277972646319,0.012024200857362347,2.9546832849450166,7.352922325777728,-1.0,-0.940104851176643,197.6083351822912,0.0,5.471811200428518,181,True
muscle_skeletal,excluded_at_or_below_-1,ENSG00000257563.1,ENSG00000257563,0.1595582996600269,2.079977717045544,-0.9643832505804683,0.015946679021951217,34.1887085772597,4.641978506611546,0.0,1.5753130362971686,0.28913711350420435,-0.9821464880555584,-0.9120402783157164,-0.9601595302048235,0.014694572574887932,1.2625685194804181,2.0567540924432306,-0.9821464880555584,-0.9120402783157164,2.07992835802333,0.0,0.601384481734405,38,True
muscle_skeletal,raw,ENSG00000257563.1,ENSG00000257563,0.9742754144911527,1002.4411572012336,-0.9991265502630344,0.0004501625427851848,66.97435924730439,273.58692734055256,0.0,2.743996549392176,0.02317984084027424,-1.0,-0.9120402783157164,-0.9981492202295639,0.00895408229753721,5.3488474086856685,31.137117036887467,-1.0,-0.9120402783157164,1002.1542753494195,0.0,23.22977659999991,818,True
nerve_tibial,excluded_at_or_below_-1,ENSG00000257563.1,ENSG00000257563,0.592414269651732,13.107834939139655,-0.952507980424052,0.006840351160014386,53.29434841215485,38.042867690392065,0.0,5.327096983779794,6.886677059699875e-07,-0.9782743957675456,-0.7685000052073678,-0.9419659315135988,0.02991324099198446,3.8231793291032856,19.233491942882694,-0.9782743957675456,-0.7685000052073678,13.101621063613353,0.0,9.022663322366675e-06,54,True
nerve_tibial,raw,ENSG00000257563.1,ENSG00000257563,1.3846153629299418,676.8986367567995,-0.9974608693611825,0.0011414106848923048,297.2307692849389,283.6836588484713,0.0,3.145995594383059,0.007245033127794255,-1.0,-0.7685000052073678,-0.9953226273160214,0.017911751650354333,5.493539568547252,45.297015652745145,-1.0,-0.7685000052073678,662.6961094616984,0.0,4.801255266710507,670,True
ovary,excluded_at_or_below_-1,ENSG00000257563.1,ENSG00000257563,0.2532434881998697,0.27020319504301876,-0.9507318381405183,0.006101078837812465,10.731900794494823,4.323653255429372,0.0,2.6469609953714515,0.03001668742739206,-0.9621511302071823,-0.9320791041542352,-0.9477311162598362,0.008594216422870801,0.2897620694665048,-0.7037473371051814,-0.9621511302071823,-0.9320791041542352,0.27017576965340206,0.0,0.008109781628141244,14,True
ovary,raw,ENSG00000257563.1,ENSG00000257563,0.35897067846799824,231.53483882018764,-0.9993365598055916,0.00036438852575765757,16.974358993715743,261.03018956231836,0.0,2.574850892478473,0.03641491403819447,-1.0,-0.9320791041542352,-0.9962084747545994,0.013775391524930236,3.4501691404812544,10.302237359475619,-1.0,-0.9320791041542352,231.03718152435232,0.0,8.413199104836014,193,True
pancreas,excluded_at_or_below_-1,ENSG00000257563.1,ENSG00000257563,0.15991788477252475,1.407856048835914,-0.9772372555665615,0.012397555115896063,19.039322414935228,6.681669471792561,0.0,1.059457247326283,0.5705098780876154,-0.9865248765922168,-0.9186630997624364,-0.967285903974901,0.01837051357268775,1.563089726923076,1.3862156284536562,-0.9865248765922168,-0.9186630997624364,1.4078559998843967,0.0,0.8031957548589652,22,True
pancreas,raw,ENSG00000257563.1,ENSG00000257563,0.5641001145202444,406.3560759883337,-0.9991617211704908,0.0004206327918605503,37.589743691858175,270.64519065206196,0.0,2.818385329632725,0.018901521422047395,-1.0,-0.9186630997624364,-0.9980118505178116,0.008993806054529117,5.672119119678893,36.99507984275409,-1.0,-0.9186630997624364,405.08411551726283,0.0,7.656706087180658,362,True
pituitary,excluded_at_or_below_-1,ENSG00000257563.1,ENSG00000257563,0.18854509132662786,2.9602374989624454,-0.9608354265650519,0.013534337130469752,26.677448289888616,10.857921120985502,0.0,1.5215119312743202,0.31428074665594624,-0.975396632859343,-0.8569227157147394,-0.9509390939384422,0.02349085379992322,2.4564879882648367,6.968213805947261,-0.975396632859343,-0.8569227157147394,2.9601466696292547,0.0,0.9303171055421948,30,True
pituitary,raw,ENSG00000257563.1,ENSG00000257563,0.7692822843634056,320.5206772808592,-0.9983361128382754,0.00034927179421461726,78.92307702657547,572.5877308903729,0.0,6.737136606351979,1.3935974886863092e-10,-1.0,-0.8569227157147394,-0.995297676735314,0.01614149713291426,4.2949080578294385,23.11768303042379,-1.0,-0.8569227157147394,320.3468669544681,0.0,4.46434589296274e-08,313,True
prostate,excluded_at_or_below_-1,ENSG00000257563.1,ENSG00000257563,,,,,,,,,,-0.981187814257183,-0.9229060644642711,,,,,,,,,,18,False
prostate,raw,ENSG00000257563.1,ENSG00000257563,1.435673819554334,248.66868420364423,-0.9990533952337504,0.0009846181308171829,295.6739718865958,109.37091705119381,0.0,1.3596147143119421,0.3976733711467072,-1.0,-0.9229060644642711,-0.996827089582582,0.0129292311203741,4.239233512410336,17.49549854151984,-1.0,-0.9229060644642711,248.13417432871054,0.0,98.67635360200303,282,True
skin_not_sun_exposed_suprapubic,excluded_at_or_below_-1,ENSG00000257563.1,ENSG00000257563,0.28814832347509856,8.036149749501735,-0.9570729106466266,0.011297139433723999,26.379415535902453,16.873838965510032,0.0,2.40766846752451,0.05511064897910945,-0.9763060499061332,-0.8222798944803162,-0.9454743750131884,0.03141466355435508,2.6183990330905584,6.941334275199411,-0.9763060499061332,-0.8222798944803162,8.035977700048457,0.0,0.4428679462313218,53,True
skin_not_sun_exposed_suprapubic,raw,ENSG00000257563.1,ENSG00000257563,1.3589737001890605,784.199728636312,-0.9982571906998567,0.0009155828841937756,272.9743591080356,271.81534657298226,0.0,2.691951314777006,0.0267388947783882,-1.0,-0.8222798944803162,-0.9955608938182781,0.017367553734610353,5.437013243774496,38.28679082724333,-1.0,-0.8222798944803162,782.8952005638329,0.0,20.933752390381446,651,True
skin_sun_exposed_lower_leg,excluded_at_or_below_-1,ENSG00000257563.1,ENSG00000257563,0.08641162011508259,14.9533900445093,-0.9579001733098405,0.013465771296037259,39.957727063325805,18.501926084951574,0.0,1.9798457116975268,0.1408740765155136,-0.9767517458477408,-0.7817296769824862,-0.9548393755210415,0.02258194713767109,6.12078790159848,44.45601408390922,-0.9767517458477408,-0.7817296769824862,14.953305422422615,0.0,2.1065330922382075,75,True
skin_sun_exposed_lower_leg,raw,ENSG00000257563.1,ENSG00000257563,1.013898973402523,616.5986746697922,-0.9973522720242154,0.0030516292048308503,5213.754918859773,99.92577007041639,0.0,1.2270340075726434,0.47151890853615547,-1.0,-0.7817296769824862,-0.9955078954430745,0.015265775704848203,5.516465090693492,53.89767723795163,-1.0,-0.7817296769824862,615.9761300945412,0.0,290.44439254650297,754,True
small_intestine_terminal_ileum,excluded_at_or_below_-1,ENSG00000257563.1,ENSG00000257563,0.18897968488172923,16.661712104442465,-1.0292576782779603,0.041663477958587075,19.25089542073097,3.651963887342648,0.0,-1.9624258317425933,1.0,-0.9714435775215152,-0.9216688946783052,-0.9571970006447458,0.012555578736733037,1.0555099574181461,0.3510461931457205,-0.9714435775215152,-0.9216688946783052,2.4080179292270696,0.0,2.4080179292270536,32,True
small_intestine_terminal_ileum,raw,ENSG00000257563.1,ENSG00000257563,0.8205073641870697,194.1514204963374,-0.9991502952484773,0.0003928525002768533,55.7435897449701,278.9221080196242,0.0,3.0588171967079685,0.009554596046604604,-1.0,-0.9216688946783052,-0.9933831112107819,0.016258065874398507,2.3324301740760007,4.35349109713322,-1.0,-0.9216688946783052,188.89475914201967,0.0,1.8048131189224874,207,True
spleen,excluded_at_or_below_-1,ENSG00000257563.1,ENSG00000257563,0.23684212720503223,10.680453682354582,-0.9657870944569511,0.0002853123901130572,8.868422002483847,153.40317813017504,0.0,4.268198678771176,0.00011086939473085306,-0.966648187858201,-0.934838566902304,-0.9531866338328794,0.011266966612817352,0.27625224813575483,-1.1891187679258604,-0.966648187858201,-0.934838566902304,10.663354016909318,0.0,0.0011822396056555828,13,True
spleen,raw,ENSG00000257563.1,ENSG00000257563,0.5558773255035208,254.56121269536385,-0.999211921122261,0.0008531678789892524,145.2357440434276,106.70545954116639,0.0,1.306321844229201,0.42644715308452513,-1.0,-0.934838566902304,-0.9978029828152614,0.010193005861727791,4.66212397580739,20.8666860942283,-1.0,-0.934838566902304,254.3140132749335,0.0,108.45148695059551,277,True
stomach,excluded_at_or_below_-1,ENSG00000257563.1,ENSG00000257563,0.22252425759175878,1.269659822211064,-0.9641395954263776,0.011161427586904037,24.577173800986237,3.440875627185834,0.0,0.9907000114672025,0.6111269646967928,-0.9719585180647528,-0.9369830999930198,-0.9598191539440312,0.008599294591097569,0.8692157936806705,0.3350272364353657,-0.9719585180647528,-0.9369830999930198,1.2662496065854376,0.0,0.7738392786210667,33,True
stomach,raw,ENSG00000257563.1,ENSG00000257563,1.3761698426692373,345.4101400938864,-0.9992183304739995,0.0007803370157575024,853.6809215803942,112.78960913853186,0.0,1.416628485694081,0.36785873103515554,-1.0,-0.9369830999930198,-0.9967420935630296,0.011243494583251277,3.344643161376943,9.95821632361923,-1.0,-0.9369830999930198,344.2508776814706,0.0,126.63569102164433,407,True
testis,excluded_at_or_below_-1,ENSG00000257563.1,ENSG00000257563,0.44224512271114147,8.81354684334249,-0.9569695193264918,0.015683407578196078,59.2590188561435,9.607553566494941,0.0,2.549141033588374,0.03881192283583975,-0.9852390953422838,-0.85042325048726,-0.9492734671346171,0.022141852932591143,1.9289986072340524,4.995106600183099,-0.9852390953422838,-0.85042325048726,8.813262923128129,0.0,0.34205968050441643,90,True
testis,raw,ENSG00000257563.1,ENSG00000257563,2.685614916084014,303.6586530615326,-0.9981575517763263,0.0018500328592044365,798.8984732390941,112.93196846274132,0.0,1.4084156683627789,0.3718704782395034,-1.0,-0.85042325048726,-0.9889724928553515,0.023334328748332592,2.336657756682286,6.0412295722916,-1.0,-0.85042325048726,302.8678383918137,0.0,112.62760790612906,414,True
thyroid,excluded_at_or_below_-1,ENSG00000257563.1,ENSG00000257563,0.4044499775196514,9.944822739036393,-0.9489834906127903,0.017760231616010046,72.91326350452722,12.11178832012117,0.0,2.503267820657117,0.043581327385166235,-0.9804204796748752,-0.7968790478520528,-0.9392292965297373,0.028316132562493834,2.474416973810847,8.41383919658692,-0.9804204796748752,-0.7968790478520528,9.944341424993613,0.0,0.433387599272517,84,True
thyroid,raw,ENSG00000257563.1,ENSG00000257563,2.1537906330343985,692.7731373117775,-0.9977125922255313,0.0006554123778884091,475.07692319714283,433.3478155348324,0.0,4.935645414194837,5.2202619620224605e-06,-1.0,-0.7968790478520528,-0.9925369311527747,0.02226787683930024,3.6827537215433255,17.305576053004522,-1.0,-0.7968790478520528,680.8675052461458,0.0,0.0035543067388137395,684,True
uterus,excluded_at_or_below_-1,ENSG00000257563.1,ENSG00000257563,0.16546445680615768,1.010699288806025,-0.9509692489833645,0.009966400110068288,11.139192174000739,8.70334539748803,0.0,3.3833002248435333,0.0032687803117004035,-0.9748124114521872,-0.8896340837471234,-0.9430425494850124,0.021471501914948416,1.0568341742492142,0.7399819505436649,-0.9748124114521872,-0.8896340837471234,1.0106772065846752,0.0,0.0033036817543683483,15,True
uterus,raw,ENSG00000257563.1,ENSG00000257563,0.5697989905023237,130.30669368054032,-0.9986499076513544,0.0014258829248660425,85.4352922454408,108.12364324590293,0.0,1.33904325286044,0.40871891450977615,-1.0,-0.8896340837471234,-0.9944159362240209,0.018199517871973492,3.4447647778324164,11.866407316527551,-1.0,-0.8896340837471234,130.07354839870317,0.0,53.16351950795279,153,True
vagina,excluded_at_or_below_-1,ENSG00000257563.1,ENSG00000257563,0.24965371353768212,0.8456017938698906,-0.9599138486628803,0.0034136571923516386,6.854725746815524,16.33985449995126,0.0,0.892514285102837,0.6714668459917978,-0.9620682176278516,-0.9204723786333188,-0.9457302759438867,0.01406813974171186,0.4685345903501551,-1.1173821777417263,-0.9620682176278516,-0.9204723786333188,0.8456015932416339,0.0,0.5677934347795993,14,True
vagina,raw,ENSG00000257563.1,ENSG00000257563,1.3001448247869782,142.83292967424896,-0.9990149962839154,0.0009727840628365969,198.57259889802472,114.18365015342178,0.0,1.4319782441880093,0.35987077580518273,-1.0,-0.9204723786333188,-0.9955307286071435,0.015463271766595581,3.3961960455432076,10.388348571176861,-1.0,-0.9204723786333188,142.3665465458085,0.0,51.233559554144726,170,True
whole_blood,excluded_at_or_below_-1,ENSG00000257563.1,ENSG00000257563,0.22046769313130368,1.3308110117910157,-0.9458519348891394,0.02533215570238905,12.689597892885828,4.982502579587525,0.0,1.5723818536830327,0.2904870032702609,-0.9740172862907132,-0.8566026627198998,-0.9347130927457481,0.026459576704750038,1.0667277767185621,1.0786764784548328,-0.9740172862907132,-0.8566026627198998,1.3307978317112672,0.0,0.38657947409236704,28,True
whole_blood,raw,ENSG00000257563.1,ENSG00000257563,0.7179487179481373,788.0654025327267,-0.9982949961419644,0.0006584373061913005,27.897435897470913,304.3315099639198,0.0,3.662064037470987,0.0012267533488333937,-1.0,-0.8566026627198998,-0.9977234951393288,0.01293027863639551,6.401979344576531,45.047032089778426,-1.0,-0.8566026627198998,786.5125903459231,0.0,0.9648569541064883,803,True
